10 20 40
80 80 80 80 80 80 80 80 80 80 
27 22 15 27 11 15 12 15 17 20 16 29 11 15 29 14 30 26 21 11 30 17 23 19 19 10 19 22 15 26 17 16 26 23 19 22 29 29 16 20 
638 218 393 352 435 122 597 493 160 239 108 569 157 382 485 417 249 256 558 299 
437 284 252 138 323 321 417 304 69 236 129 348 288 485 352 260 365 266 598 407 
345 505 391 248 321 611 392 151 384 429 431 34 549 767 450 231 663 537 830 699 
502 556 245 365 686 464 424 655 331 548 373 647 507 176 267 625 163 104 233 152 
745 33 549 446 308 154 727 436 279 110 208 561 66 599 649 339 467 464 777 517 
255 480 93 76 468 495 222 376 234 428 309 332 478 487 176 382 405 263 530 430 
517 378 486 321 140 519 550 36 361 301 375 191 440 790 568 70 668 569 894 712 
553 164 378 256 241 250 540 293 127 109 102 389 189 547 479 214 415 354 689 464 
221 547 289 185 418 620 265 264 366 476 429 150 574 694 333 322 605 467 731 634 
43 677 251 260 591 714 102 444 451 615 524 322 688 666 235 495 608 463 651 624 
8932 3052 5502 4928 6090 1708 8358 6902 2240 3346 1512 7966 2198 5348 6790 5838 3486 3584 7812 4186 
4370 2840 2520 1380 3230 3210 4170 3040 690 2360 1290 3480 2880 4850 3520 2600 3650 2660 5980 4070 
4830 7070 5474 3472 4494 8554 5488 2114 5376 6006 6034 476 7686 10738 6300 3234 9282 7518 11620 9786 
6024 6672 2940 4380 8232 5568 5088 7860 3972 6576 4476 7764 6084 2112 3204 7500 1956 1248 2796 1824 
10430 462 7686 6244 4312 2156 10178 6104 3906 1540 2912 7854 924 8386 9086 4746 6538 6496 10878 7238 
3825 7200 1395 1140 7020 7425 3330 5640 3510 6420 4635 4980 7170 7305 2640 5730 6075 3945 7950 6450 
7755 5670 7290 4815 2100 7785 8250 540 5415 4515 5625 2865 6600 11850 8520 1050 10020 8535 13410 10680 
5530 1640 3780 2560 2410 2500 5400 2930 1270 1090 1020 3890 1890 5470 4790 2140 4150 3540 6890 4640 
2652 6564 3468 2220 5016 7440 3180 3168 4392 5712 5148 1800 6888 8328 3996 3864 7260 5604 8772 7608 
473 7447 2761 2860 6501 7854 1122 4884 4961 6765 5764 3542 7568 7326 2585 5445 6688 5093 7161 6864 
937 768 399 116 586 664 30 500 398 712 857 429 766 617 615 344 493 357 903 550 511 596 550 153 156 338 570 596 227 375 528 664 576 198 490 182 484 582 145 187 
373 207 449 601 640 440 739 419 721 360 351 569 193 104 222 539 224 542 367 167 207 346 468 664 718 478 150 232 593 480 272 239 578 593 445 625 331 139 713 777 
680 525 408 192 343 392 277 491 243 444 595 180 526 443 372 414 321 100 643 373 330 546 278 151 199 363 403 353 343 102 437 564 319 315 218 329 422 389 367 254 
656 478 251 183 472 442 319 328 408 457 582 319 474 321 329 278 195 246 626 252 212 382 356 257 311 216 276 312 244 207 277 409 433 227 290 254 258 283 326 372 
651 477 256 529 789 646 662 178 789 593 623 669 464 221 425 345 264 612 644 247 273 74 627 643 694 310 216 424 441 556 114 48 733 456 579 485 150 277 574 755 
220 36 565 637 528 302 766 557 658 206 181 498 23 228 142 646 290 495 205 248 267 503 365 663 713 579 256 161 674 437 407 406 466 667 365 697 460 203 778 768 
889 729 438 127 502 598 76 538 309 654 806 349 728 606 575 399 479 283 853 536 495 625 480 69 68 379 560 555 287 310 542 679 497 256 424 248 506 563 231 113 
758 572 88 394 763 671 515 24 712 644 713 620 561 313 477 171 277 550 743 296 297 115 620 525 572 147 282 468 275 504 132 220 715 295 561 322 80 340 407 631 
464 284 356 374 431 306 504 388 468 288 394 325 280 185 138 419 95 287 435 121 86 386 269 411 464 351 156 122 423 224 264 351 375 412 221 441 288 122 518 522 
442 266 372 540 640 462 679 342 696 394 411 551 253 43 236 462 168 514 433 114 157 274 470 615 669 403 86 240 520 452 194 177 580 522 436 554 254 106 643 729 
401 216 393 447 465 303 579 408 530 259 339 380 211 138 91 466 110 351 377 97 89 384 295 487 539 398 126 83 484 289 267 326 405 475 261 506 306 70 586 597 
858 670 79 291 753 711 391 159 656 706 801 596 661 428 549 17 352 518 837 390 375 269 636 435 474 68 388 536 134 487 262 373 715 162 571 182 201 436 260 527 
300 127 498 611 583 372 745 480 685 285 272 529 113 149 167 584 241 513 291 189 219 417 413 656 709 520 186 182 625 451 330 315 521 621 399 653 386 148 738 766 
483 446 760 611 120 163 676 813 352 263 399 250 458 584 381 798 527 323 442 541 516 819 168 531 555 734 573 375 752 325 697 774 103 727 231 745 717 518 787 579 
762 616 478 204 346 451 233 569 178 517 675 193 618 544 465 468 421 132 724 473 430 633 331 87 118 427 504 446 377 174 530 659 340 346 281 351 509 490 365 162 
668 485 166 434 730 612 566 111 710 573 627 599 473 222 403 258 215 537 655 218 230 79 576 551 602 216 198 397 347 484 46 132 678 361 522 391 54 259 480 663 
396 324 648 544 193 49 631 693 375 150 307 230 334 450 247 696 400 278 355 409 387 691 79 493 528 630 441 241 664 254 570 641 134 642 140 664 594 384 718 564 
496 373 531 399 204 180 488 589 283 246 408 123 379 405 242 568 320 141 457 348 314 606 68 352 391 504 382 227 526 109 484 579 151 502 10 523 496 338 574 433 
690 642 838 617 133 359 639 909 258 463 606 267 652 737 551 855 655 344 649 682 649 937 305 499 503 800 717 541 782 381 816 915 195 753 342 763 823 669 783 505 
428 370 687 564 154 87 642 736 358 190 340 225 381 500 297 731 446 285 386 458 434 738 99 500 531 666 490 291 693 272 616 690 102 670 165 690 638 434 739 563 
6559 5376 2793 812 4102 4648 210 3500 2786 4984 5999 3003 5362 4319 4305 2408 3451 2499 6321 3850 3577 4172 3850 1071 1092 2366 3990 4172 1589 2625 3696 4648 4032 1386 3430 1274 3388 4074 1015 1309 
3357 1863 4041 5409 5760 3960 6651 3771 6489 3240 3159 5121 1737 936 1998 4851 2016 4878 3303 1503 1863 3114 4212 5976 6462 4302 1350 2088 5337 4320 2448 2151 5202 5337 4005 5625 2979 1251 6417 6993 
4080 3150 2448 1152 2058 2352 1662 2946 1458 2664 3570 1080 3156 2658 2232 2484 1926 600 3858 2238 1980 3276 1668 906 1194 2178 2418 2118 2058 612 2622 3384 1914 1890 1308 1974 2532 2334 2202 1524 
5904 4302 2259 1647 4248 3978 2871 2952 3672 4113 5238 2871 4266 2889 2961 2502 1755 2214 5634 2268 1908 3438 3204 2313 2799 1944 2484 2808 2196 1863 2493 3681 3897 2043 2610 2286 2322 2547 2934 3348 
6510 4770 2560 5290 7890 6460 6620 1780 7890 5930 6230 6690 4640 2210 4250 3450 2640 6120 6440 2470 2730 740 6270 6430 6940 3100 2160 4240 4410 5560 1140 480 7330 4560 5790 4850 1500 2770 5740 7550 
1320 216 3390 3822 3168 1812 4596 3342 3948 1236 1086 2988 138 1368 852 3876 1740 2970 1230 1488 1602 3018 2190 3978 4278 3474 1536 966 4044 2622 2442 2436 2796 4002 2190 4182 2760 1218 4668 4608 
7112 5832 3504 1016 4016 4784 608 4304 2472 5232 6448 2792 5824 4848 4600 3192 3832 2264 6824 4288 3960 5000 3840 552 544 3032 4480 4440 2296 2480 4336 5432 3976 2048 3392 1984 4048 4504 1848 904 
3790 2860 440 1970 3815 3355 2575 120 3560 3220 3565 3100 2805 1565 2385 855 1385 2750 3715 1480 1485 575 3100 2625 2860 735 1410 2340 1375 2520 660 1100 3575 1475 2805 1610 400 1700 2035 3155 
2784 1704 2136 2244 2586 1836 3024 2328 2808 1728 2364 1950 1680 1110 828 2514 570 1722 2610 726 516 2316 1614 2466 2784 2106 936 732 2538 1344 1584 2106 2250 2472 1326 2646 1728 732 3108 3132 
2210 1330 1860 2700 3200 2310 3395 1710 3480 1970 2055 2755 1265 215 1180 2310 840 2570 2165 570 785 1370 2350 3075 3345 2015 430 1200 2600 2260 970 885 2900 2610 2180 2770 1270 530 3215 3645 
2807 1512 2751 3129 3255 2121 4053 2856 3710 1813 2373 2660 1477 966 637 3262 770 2457 2639 679 623 2688 2065 3409 3773 2786 882 581 3388 2023 1869 2282 2835 3325 1827 3542 2142 490 4102 4179 
6006 4690 553 2037 5271 4977 2737 1113 4592 4942 5607 4172 4627 2996 3843 119 2464 3626 5859 2730 2625 1883 4452 3045 3318 476 2716 3752 938 3409 1834 2611 5005 1134 3997 1274 1407 3052 1820 3689 
2400 1016 3984 4888 4664 2976 5960 3840 5480 2280 2176 4232 904 1192 1336 4672 1928 4104 2328 1512 1752 3336 3304 5248 5672 4160 1488 1456 5000 3608 2640 2520 4168 4968 3192 5224 3088 1184 5904 6128 
4347 4014 6840 5499 1080 1467 6084 7317 3168 2367 3591 2250 4122 5256 3429 7182 4743 2907 3978 4869 4644 7371 1512 4779 4995 6606 5157 3375 6768 2925 6273 6966 927 6543 2079 6705 6453 4662 7083 5211 
5334 4312 3346 1428 2422 3157 1631 3983 1246 3619 4725 1351 4326 3808 3255 3276 2947 924 5068 3311 3010 4431 2317 609 826 2989 3528 3122 2639 1218 3710 4613 2380 2422 1967 2457 3563 3430 2555 1134 
3340 2425 830 2170 3650 3060 2830 555 3550 2865 3135 2995 2365 1110 2015 1290 1075 2685 3275 1090 1150 395 2880 2755 3010 1080 990 1985 1735 2420 230 660 3390 1805 2610 1955 270 1295 2400 3315 
2376 1944 3888 3264 1158 294 3786 4158 2250 900 1842 1380 2004 2700 1482 4176 2400 1668 2130 2454 2322 4146 474 2958 3168 3780 2646 1446 3984 1524 3420 3846 804 3852 840 3984 3564 2304 4308 3384 
2976 2238 3186 2394 1224 1080 2928 3534 1698 1476 2448 738 2274 2430 1452 3408 1920 846 2742 2088 1884 3636 408 2112 2346 3024 2292 1362 3156 654 2904 3474 906 3012 60 3138 2976 2028 3444 2598 
3450 3210 4190 3085 665 1795 3195 4545 1290 2315 3030 1335 3260 3685 2755 4275 3275 1720 3245 3410 3245 4685 1525 2495 2515 4000 3585 2705 3910 1905 4080 4575 975 3765 1710 3815 4115 3345 3915 2525 
2996 2590 4809 3948 1078 609 4494 5152 2506 1330 2380 1575 2667 3500 2079 5117 3122 1995 2702 3206 3038 5166 693 3500 3717 4662 3430 2037 4851 1904 4312 4830 714 4690 1155 4830 4466 3038 5173 3941 
