20 30 60
80 80 80 80 80 80 80 80 80 80 80 80 80 80 80 80 80 80 80 80 
30 35 37 34 32 37 21 34 22 20 26 37 21 27 36 22 26 35 31 33 25 23 33 18 22 28 21 37 21 26 36 18 25 17 33 17 32 22 24 19 31 32 25 20 25 18 29 31 23 18 35 20 19 28 18 35 20 27 29 24 
198 374 278 201 418 539 505 559 178 438 618 65 150 543 205 259 271 290 182 354 342 342 454 353 329 228 422 258 344 200 
449 742 576 573 342 392 677 485 204 349 426 324 296 318 457 344 117 392 263 92 109 217 265 728 696 549 782 353 64 444 
210 534 420 331 409 513 609 565 67 426 578 127 178 484 321 297 130 343 42 251 246 185 402 483 489 376 581 165 229 206 
330 373 201 297 307 432 383 436 206 327 515 108 82 455 91 137 291 160 268 319 303 411 366 434 328 171 408 371 324 332 
188 494 387 292 413 523 586 567 87 431 592 97 164 502 293 287 166 331 65 277 271 221 417 446 450 342 542 172 259 185 
311 278 418 152 749 874 683 871 520 769 958 418 495 892 451 579 605 590 471 705 695 611 802 33 271 371 330 452 693 319 
61 408 395 147 569 687 646 714 271 588 762 207 300 679 350 415 345 447 203 462 454 342 591 284 372 338 464 191 443 68 
607 646 423 615 13 115 383 144 357 11 201 373 281 175 326 181 366 181 463 260 246 527 119 750 606 434 662 586 293 605 
705 403 256 574 453 533 76 444 604 463 609 515 467 624 318 384 675 337 675 644 626 814 568 628 391 313 378 774 665 709 
647 268 206 484 544 642 220 568 609 558 725 499 478 722 313 431 692 393 659 691 673 811 654 509 267 255 233 740 706 653 
356 757 641 533 516 583 802 668 238 527 622 350 374 514 534 468 170 518 205 274 285 51 456 678 713 600 806 223 239 348 
453 219 7 317 424 542 271 501 411 442 629 297 287 599 126 273 498 251 456 516 499 610 518 391 183 56 231 538 525 458 
272 640 522 427 441 527 693 598 123 455 580 230 261 477 417 365 91 414 95 228 231 86 405 577 595 481 688 167 196 265 
476 13 239 276 652 772 458 733 557 670 859 433 466 822 337 491 651 478 562 705 689 722 738 244 58 227 54 601 706 483 
675 669 443 667 91 107 352 68 433 80 187 438 346 205 361 233 445 217 539 338 324 606 179 796 632 463 679 662 371 674 
635 759 544 686 141 119 526 228 363 132 153 423 341 56 435 281 335 301 465 200 195 484 34 831 716 545 782 582 235 632 
370 247 86 257 398 522 335 500 327 418 609 210 213 564 80 232 418 226 368 450 433 523 478 359 203 41 278 450 455 374 
342 138 179 161 546 671 445 650 411 566 757 287 329 707 230 377 505 376 413 566 552 574 619 217 95 135 189 459 564 348 
390 685 526 512 337 405 646 489 143 348 451 264 245 345 409 310 56 359 203 98 106 186 280 666 639 497 726 301 63 385 
727 469 295 614 401 469 28 373 596 408 542 519 460 566 328 361 659 311 676 612 594 805 517 683 452 349 449 783 636 730 
1980 3740 2780 2010 4180 5390 5050 5590 1780 4380 6180 650 1500 5430 2050 2590 2710 2900 1820 3540 3420 3420 4540 3530 3290 2280 4220 2580 3440 2000 
4939 8162 6336 6303 3762 4312 7447 5335 2244 3839 4686 3564 3256 3498 5027 3784 1287 4312 2893 1012 1199 2387 2915 8008 7656 6039 8602 3883 704 4884 
2520 6408 5040 3972 4908 6156 7308 6780 804 5112 6936 1524 2136 5808 3852 3564 1560 4116 504 3012 2952 2220 4824 5796 5868 4512 6972 1980 2748 2472 
3960 4476 2412 3564 3684 5184 4596 5232 2472 3924 6180 1296 984 5460 1092 1644 3492 1920 3216 3828 3636 4932 4392 5208 3936 2052 4896 4452 3888 3984 
2820 7410 5805 4380 6195 7845 8790 8505 1305 6465 8880 1455 2460 7530 4395 4305 2490 4965 975 4155 4065 3315 6255 6690 6750 5130 8130 2580 3885 2775 
4665 4170 6270 2280 11235 13110 10245 13065 7800 11535 14370 6270 7425 13380 6765 8685 9075 8850 7065 10575 10425 9165 12030 495 4065 5565 4950 6780 10395 4785 
732 4896 4740 1764 6828 8244 7752 8568 3252 7056 9144 2484 3600 8148 4200 4980 4140 5364 2436 5544 5448 4104 7092 3408 4464 4056 5568 2292 5316 816 
6070 6460 4230 6150 130 1150 3830 1440 3570 110 2010 3730 2810 1750 3260 1810 3660 1810 4630 2600 2460 5270 1190 7500 6060 4340 6620 5860 2930 6050 
10575 6045 3840 8610 6795 7995 1140 6660 9060 6945 9135 7725 7005 9360 4770 5760 10125 5055 10125 9660 9390 12210 8520 9420 5865 4695 5670 11610 9975 10635 
8411 3484 2678 6292 7072 8346 2860 7384 7917 7254 9425 6487 6214 9386 4069 5603 8996 5109 8567 8983 8749 10543 8502 6617 3471 3315 3029 9620 9178 8489 
4628 9841 8333 6929 6708 7579 10426 8684 3094 6851 8086 4550 4862 6682 6942 6084 2210 6734 2665 3562 3705 663 5928 8814 9269 7800 10478 2899 3107 4524 
5436 2628 84 3804 5088 6504 3252 6012 4932 5304 7548 3564 3444 7188 1512 3276 5976 3012 5472 6192 5988 7320 6216 4692 2196 672 2772 6456 6300 5496 
3536 8320 6786 5551 5733 6851 9009 7774 1599 5915 7540 2990 3393 6201 5421 4745 1183 5382 1235 2964 3003 1118 5265 7501 7735 6253 8944 2171 2548 3445 
5236 143 2629 3036 7172 8492 5038 8063 6127 7370 9449 4763 5126 9042 3707 5401 7161 5258 6182 7755 7579 7942 8118 2684 638 2497 594 6611 7766 5313 
10125 10035 6645 10005 1365 1605 5280 1020 6495 1200 2805 6570 5190 3075 5415 3495 6675 3255 8085 5070 4860 9090 2685 11940 9480 6945 10185 9930 5565 10110 
9525 11385 8160 10290 2115 1785 7890 3420 5445 1980 2295 6345 5115 840 6525 4215 5025 4515 6975 3000 2925 7260 510 12465 10740 8175 11730 8730 3525 9480 
3700 2470 860 2570 3980 5220 3350 5000 3270 4180 6090 2100 2130 5640 800 2320 4180 2260 3680 4500 4330 5230 4780 3590 2030 410 2780 4500 4550 3740 
4446 1794 2327 2093 7098 8723 5785 8450 5343 7358 9841 3731 4277 9191 2990 4901 6565 4888 5369 7358 7176 7462 8047 2821 1235 1755 2457 5967 7332 4524 
5460 9590 7364 7168 4718 5670 9044 6846 2002 4872 6314 3696 3430 4830 5726 4340 784 5026 2842 1372 1484 2604 3920 9324 8946 6958 10164 4214 882 5390 
9451 6097 3835 7982 5213 6097 364 4849 7748 5304 7046 6747 5980 7358 4264 4693 8567 4043 8788 7956 7722 10465 6721 8879 5876 4537 5837 10179 8268 9490 
714 366 292 440 357 152 329 250 671 375 315 236 376 485 549 374 513 621 670 262 612 618 26 223 353 583 161 528 449 405 338 482 499 432 288 752 583 323 142 274 544 170 456 292 844 573 487 712 404 286 54 359 673 435 784 748 240 635 621 270 
398 166 232 716 566 502 630 635 489 597 737 233 730 195 113 571 379 594 298 525 239 480 471 316 312 271 539 644 696 445 717 474 66 590 291 721 651 609 428 205 661 467 117 668 481 477 33 356 248 578 424 421 637 739 833 590 230 495 222 450 
263 112 164 546 395 413 483 527 280 425 637 280 592 51 191 395 153 368 223 387 174 259 442 408 136 130 450 434 519 244 593 254 182 398 171 495 432 460 349 210 450 368 109 550 391 251 206 259 432 438 428 235 410 577 607 379 281 275 196 304 
578 210 166 555 428 281 450 413 585 455 501 42 529 335 363 440 431 600 511 351 449 547 211 96 278 439 312 567 550 389 503 455 310 484 208 737 603 434 216 109 585 263 284 453 695 516 293 561 227 397 154 346 651 564 807 677 43 564 450 306 
475 485 461 313 257 455 350 466 294 257 549 583 430 461 604 240 276 94 539 345 531 239 569 697 343 455 469 98 272 215 467 165 599 179 401 167 30 334 453 527 96 424 525 454 597 199 622 528 799 352 609 258 117 357 203 284 587 240 566 324 
555 608 586 369 357 563 434 554 366 349 623 708 494 576 717 340 387 174 633 451 633 324 682 821 468 558 573 182 331 340 538 288 716 278 526 128 126 423 569 652 169 537 644 535 663 298 741 614 924 448 727 382 154 410 78 321 712 319 670 442 
98 380 425 645 518 622 625 707 93 540 814 548 731 266 355 509 194 294 199 556 229 147 683 676 346 176 655 458 607 354 750 298 384 478 410 361 413 602 573 478 466 577 342 716 212 198 418 162 685 596 682 381 305 686 509 168 549 145 263 482 
465 583 576 459 414 609 506 623 277 414 704 706 581 529 663 397 341 132 555 501 564 251 720 827 457 492 625 250 419 347 620 277 670 337 523 12 179 491 601 644 243 576 603 610 563 243 699 528 909 509 755 393 84 503 143 214 710 241 602 473 
620 386 313 184 89 121 85 139 510 102 244 373 187 455 576 106 376 396 621 21 579 447 247 443 269 522 127 263 182 216 188 285 542 167 257 511 327 65 157 353 278 112 472 148 760 393 548 643 597 32 305 189 443 197 519 560 378 460 603 102 
484 504 480 321 273 473 363 481 301 272 561 603 440 478 620 256 291 99 551 363 545 248 588 717 363 470 487 108 280 235 479 184 616 195 421 153 37 349 472 547 103 443 543 467 605 211 640 539 818 368 629 278 113 365 183 285 607 248 581 343 
631 695 671 409 423 631 488 608 442 411 667 792 534 663 803 406 473 259 714 519 717 405 753 902 554 642 638 251 374 424 581 375 803 346 610 180 206 480 643 737 235 608 731 584 733 383 828 693 1009 509 801 465 231 446 31 385 796 399 754 518 
528 262 189 300 162 130 209 234 449 191 344 261 310 340 454 173 297 383 514 103 467 391 215 351 159 416 164 308 288 168 304 246 418 219 134 515 354 188 95 232 325 85 350 258 666 342 423 543 488 157 248 123 435 318 558 517 266 407 488 40 
483 287 230 267 115 205 205 274 378 146 381 332 314 332 463 118 239 293 488 123 450 316 305 434 148 389 231 222 244 84 323 160 437 143 166 423 263 181 186 288 240 166 363 285 623 264 449 508 557 166 340 52 344 296 468 437 336 331 476 60 
646 650 615 301 333 540 386 505 460 316 559 727 426 637 780 317 454 259 716 428 709 411 664 830 503 634 543 174 269 368 473 336 773 261 552 238 159 381 560 679 156 521 698 479 762 375 795 703 950 412 717 404 253 338 132 426 732 409 745 439 
331 167 157 427 277 326 370 426 273 307 536 290 479 171 309 276 115 289 324 279 285 227 384 417 47 225 361 322 399 125 485 153 292 279 118 425 328 346 273 224 338 280 216 444 469 194 311 348 488 328 389 116 338 460 517 359 293 244 312 197 
403 318 289 312 182 328 290 383 268 203 485 413 395 315 458 172 159 172 434 236 410 204 427 530 173 338 353 168 277 46 416 40 445 147 230 307 176 268 307 356 185 289 369 386 540 149 465 441 628 266 456 92 224 352 374 316 417 216 442 183 
693 479 407 105 115 187 9 120 566 100 196 464 100 543 667 127 446 423 702 115 664 501 308 525 356 603 173 260 120 281 118 338 634 177 351 521 330 33 242 447 269 194 564 100 832 446 641 721 685 62 375 265 465 106 501 603 469 512 689 192 
356 312 297 360 232 371 341 432 218 253 535 426 445 290 433 222 117 148 393 284 374 154 464 547 177 301 398 198 323 82 466 12 426 193 243 285 187 318 344 364 212 330 352 436 492 99 449 396 632 316 488 126 199 400 371 270 429 167 408 225 
689 406 326 253 195 51 143 84 598 204 187 347 198 498 601 212 454 499 675 106 627 537 161 387 321 578 25 369 265 305 171 379 560 274 286 617 433 140 123 348 383 86 499 121 828 485 560 705 557 107 229 269 547 248 624 656 352 552 645 166 
664 526 467 63 129 309 139 257 509 99 315 551 186 561 698 121 422 334 696 207 668 445 435 632 384 599 304 151 23 268 229 295 674 115 403 408 221 139 347 519 154 302 600 231 799 392 687 703 778 175 496 276 367 107 369 525 556 453 698 252 
645 510 452 78 115 304 140 260 492 87 323 539 197 543 681 106 403 319 677 198 650 427 430 622 367 581 301 136 37 250 238 277 658 97 388 396 207 136 338 506 141 294 583 236 781 374 671 685 766 170 489 259 352 122 362 508 544 435 680 239 
830 566 487 228 271 210 166 78 718 260 35 502 108 653 761 285 586 584 825 224 780 653 284 524 470 727 173 420 262 425 57 490 721 338 443 681 491 185 283 508 428 246 658 63 969 599 721 851 702 183 356 399 626 196 653 761 507 666 801 305 
590 563 526 243 247 456 312 433 410 234 498 638 368 558 701 231 380 209 650 343 638 354 579 740 416 563 461 84 205 281 412 256 691 173 463 237 88 304 472 589 66 435 616 411 713 312 712 642 861 332 630 315 220 284 188 394 642 355 673 350 
627 285 281 709 580 432 604 561 676 608 642 159 680 392 359 592 534 724 538 505 476 649 345 109 400 491 461 712 703 525 651 583 308 633 339 861 743 588 370 213 730 417 319 602 724 627 278 594 75 551 275 485 774 718 943 774 154 665 465 457 
388 120 186 669 520 459 585 591 462 551 694 200 684 166 125 525 344 556 297 479 235 449 434 296 268 255 496 601 650 401 672 433 71 545 245 686 609 563 385 163 618 422 87 624 482 441 54 353 256 532 390 376 601 693 794 563 197 464 224 404 
320 66 107 521 369 364 450 484 326 400 593 226 556 92 209 371 184 388 275 349 222 297 387 355 106 186 402 431 497 233 554 261 185 382 121 521 437 426 297 156 448 320 110 509 447 280 202 315 394 401 371 214 435 549 623 423 227 314 239 266 
370 204 277 755 604 553 674 685 481 635 788 290 775 198 77 607 388 604 263 568 209 480 527 372 344 255 590 670 733 473 765 493 57 622 332 726 671 651 479 258 686 516 131 716 440 483 41 322 290 622 481 453 644 780 845 581 287 494 185 491 
786 469 389 352 317 133 250 139 711 324 177 366 261 577 661 334 561 621 759 229 706 652 127 364 414 666 106 491 372 421 215 497 614 396 364 740 556 253 187 390 504 178 562 178 922 601 607 794 545 225 195 382 670 335 744 774 370 667 720 279 
684 527 465 32 127 287 111 225 535 96 280 542 150 570 704 124 440 365 711 191 681 470 412 617 389 614 279 184 13 281 194 316 679 135 402 443 255 115 331 514 188 285 605 197 821 416 690 722 768 152 475 283 399 76 404 555 547 479 710 247 
718 372 297 435 354 148 324 243 673 371 307 244 369 491 555 371 516 621 675 259 618 620 23 231 356 588 155 526 444 405 331 483 506 430 292 751 581 318 142 280 541 168 462 285 849 575 494 717 412 282 62 360 673 429 781 749 247 637 627 269 
6426 3294 2628 3960 3213 1368 2961 2250 6039 3375 2835 2124 3384 4365 4941 3366 4617 5589 6030 2358 5508 5562 234 2007 3177 5247 1449 4752 4041 3645 3042 4338 4491 3888 2592 6768 5247 2907 1278 2466 4896 1530 4104 2628 7596 5157 4383 6408 3636 2574 486 3231 6057 3915 7056 6732 2160 5715 5589 2430 
1990 830 1160 3580 2830 2510 3150 3175 2445 2985 3685 1165 3650 975 565 2855 1895 2970 1490 2625 1195 2400 2355 1580 1560 1355 2695 3220 3480 2225 3585 2370 330 2950 1455 3605 3255 3045 2140 1025 3305 2335 585 3340 2405 2385 165 1780 1240 2890 2120 2105 3185 3695 4165 2950 1150 2475 1110 2250 
2630 1120 1640 5460 3950 4130 4830 5270 2800 4250 6370 2800 5920 510 1910 3950 1530 3680 2230 3870 1740 2590 4420 4080 1360 1300 4500 4340 5190 2440 5930 2540 1820 3980 1710 4950 4320 4600 3490 2100 4500 3680 1090 5500 3910 2510 2060 2590 4320 4380 4280 2350 4100 5770 6070 3790 2810 2750 1960 3040 
5202 1890 1494 4995 3852 2529 4050 3717 5265 4095 4509 378 4761 3015 3267 3960 3879 5400 4599 3159 4041 4923 1899 864 2502 3951 2808 5103 4950 3501 4527 4095 2790 4356 1872 6633 5427 3906 1944 981 5265 2367 2556 4077 6255 4644 2637 5049 2043 3573 1386 3114 5859 5076 7263 6093 387 5076 4050 2754 
3325 3395 3227 2191 1799 3185 2450 3262 2058 1799 3843 4081 3010 3227 4228 1680 1932 658 3773 2415 3717 1673 3983 4879 2401 3185 3283 686 1904 1505 3269 1155 4193 1253 2807 1169 210 2338 3171 3689 672 2968 3675 3178 4179 1393 4354 3696 5593 2464 4263 1806 819 2499 1421 1988 4109 1680 3962 2268 
4995 5472 5274 3321 3213 5067 3906 4986 3294 3141 5607 6372 4446 5184 6453 3060 3483 1566 5697 4059 5697 2916 6138 7389 4212 5022 5157 1638 2979 3060 4842 2592 6444 2502 4734 1152 1134 3807 5121 5868 1521 4833 5796 4815 5967 2682 6669 5526 8316 4032 6543 3438 1386 3690 702 2889 6408 2871 6030 3978 
980 3800 4250 6450 5180 6220 6250 7070 930 5400 8140 5480 7310 2660 3550 5090 1940 2940 1990 5560 2290 1470 6830 6760 3460 1760 6550 4580 6070 3540 7500 2980 3840 4780 4100 3610 4130 6020 5730 4780 4660 5770 3420 7160 2120 1980 4180 1620 6850 5960 6820 3810 3050 6860 5090 1680 5490 1450 2630 4820 
2325 2915 2880 2295 2070 3045 2530 3115 1385 2070 3520 3530 2905 2645 3315 1985 1705 660 2775 2505 2820 1255 3600 4135 2285 2460 3125 1250 2095 1735 3100 1385 3350 1685 2615 60 895 2455 3005 3220 1215 2880 3015 3050 2815 1215 3495 2640 4545 2545 3775 1965 420 2515 715 1070 3550 1205 3010 2365 
3100 1930 1565 920 445 605 425 695 2550 510 1220 1865 935 2275 2880 530 1880 1980 3105 105 2895 2235 1235 2215 1345 2610 635 1315 910 1080 940 1425 2710 835 1285 2555 1635 325 785 1765 1390 560 2360 740 3800 1965 2740 3215 2985 160 1525 945 2215 985 2595 2800 1890 2300 3015 510 
4840 5040 4800 3210 2730 4730 3630 4810 3010 2720 5610 6030 4400 4780 6200 2560 2910 990 5510 3630 5450 2480 5880 7170 3630 4700 4870 1080 2800 2350 4790 1840 6160 1950 4210 1530 370 3490 4720 5470 1030 4430 5430 4670 6050 2110 6400 5390 8180 3680 6290 2780 1130 3650 1830 2850 6070 2480 5810 3430 
4417 4865 4697 2863 2961 4417 3416 4256 3094 2877 4669 5544 3738 4641 5621 2842 3311 1813 4998 3633 5019 2835 5271 6314 3878 4494 4466 1757 2618 2968 4067 2625 5621 2422 4270 1260 1442 3360 4501 5159 1645 4256 5117 4088 5131 2681 5796 4851 7063 3563 5607 3255 1617 3122 217 2695 5572 2793 5278 3626 
4224 2096 1512 2400 1296 1040 1672 1872 3592 1528 2752 2088 2480 2720 3632 1384 2376 3064 4112 824 3736 3128 1720 2808 1272 3328 1312 2464 2304 1344 2432 1968 3344 1752 1072 4120 2832 1504 760 1856 2600 680 2800 2064 5328 2736 3384 4344 3904 1256 1984 984 3480 2544 4464 4136 2128 3256 3904 320 
3381 2009 1610 1869 805 1435 1435 1918 2646 1022 2667 2324 2198 2324 3241 826 1673 2051 3416 861 3150 2212 2135 3038 1036 2723 1617 1554 1708 588 2261 1120 3059 1001 1162 2961 1841 1267 1302 2016 1680 1162 2541 1995 4361 1848 3143 3556 3899 1162 2380 364 2408 2072 3276 3059 2352 2317 3332 420 
4522 4550 4305 2107 2331 3780 2702 3535 3220 2212 3913 5089 2982 4459 5460 2219 3178 1813 5012 2996 4963 2877 4648 5810 3521 4438 3801 1218 1883 2576 3311 2352 5411 1827 3864 1666 1113 2667 3920 4753 1092 3647 4886 3353 5334 2625 5565 4921 6650 2884 5019 2828 1771 2366 924 2982 5124 2863 5215 3073 
2317 1169 1099 2989 1939 2282 2590 2982 1911 2149 3752 2030 3353 1197 2163 1932 805 2023 2268 1953 1995 1589 2688 2919 329 1575 2527 2254 2793 875 3395 1071 2044 1953 826 2975 2296 2422 1911 1568 2366 1960 1512 3108 3283 1358 2177 2436 3416 2296 2723 812 2366 3220 3619 2513 2051 1708 2184 1379 
4030 3180 2890 3120 1820 3280 2900 3830 2680 2030 4850 4130 3950 3150 4580 1720 1590 1720 4340 2360 4100 2040 4270 5300 1730 3380 3530 1680 2770 460 4160 400 4450 1470 2300 3070 1760 2680 3070 3560 1850 2890 3690 3860 5400 1490 4650 4410 6280 2660 4560 920 2240 3520 3740 3160 4170 2160 4420 1830 
4158 2874 2442 630 690 1122 54 720 3396 600 1176 2784 600 3258 4002 762 2676 2538 4212 690 3984 3006 1848 3150 2136 3618 1038 1560 720 1686 708 2028 3804 1062 2106 3126 1980 198 1452 2682 1614 1164 3384 600 4992 2676 3846 4326 4110 372 2250 1590 2790 636 3006 3618 2814 3072 4134 1152 
3560 3120 2970 3600 2320 3710 3410 4320 2180 2530 5350 4260 4450 2900 4330 2220 1170 1480 3930 2840 3740 1540 4640 5470 1770 3010 3980 1980 3230 820 4660 120 4260 1930 2430 2850 1870 3180 3440 3640 2120 3300 3520 4360 4920 990 4490 3960 6320 3160 4880 1260 1990 4000 3710 2700 4290 1670 4080 2250 
6890 4060 3260 2530 1950 510 1430 840 5980 2040 1870 3470 1980 4980 6010 2120 4540 4990 6750 1060 6270 5370 1610 3870 3210 5780 250 3690 2650 3050 1710 3790 5600 2740 2860 6170 4330 1400 1230 3480 3830 860 4990 1210 8280 4850 5600 7050 5570 1070 2290 2690 5470 2480 6240 6560 3520 5520 6450 1660 
6640 5260 4670 630 1290 3090 1390 2570 5090 990 3150 5510 1860 5610 6980 1210 4220 3340 6960 2070 6680 4450 4350 6320 3840 5990 3040 1510 230 2680 2290 2950 6740 1150 4030 4080 2210 1390 3470 5190 1540 3020 6000 2310 7990 3920 6870 7030 7780 1750 4960 2760 3670 1070 3690 5250 5560 4530 6980 2520 
6450 5100 4520 780 1150 3040 1400 2600 4920 870 3230 5390 1970 5430 6810 1060 4030 3190 6770 1980 6500 4270 4300 6220 3670 5810 3010 1360 370 2500 2380 2770 6580 970 3880 3960 2070 1360 3380 5060 1410 2940 5830 2360 7810 3740 6710 6850 7660 1700 4890 2590 3520 1220 3620 5080 5440 4350 6800 2390 
6640 4528 3896 1824 2168 1680 1328 624 5744 2080 280 4016 864 5224 6088 2280 4688 4672 6600 1792 6240 5224 2272 4192 3760 5816 1384 3360 2096 3400 456 3920 5768 2704 3544 5448 3928 1480 2264 4064 3424 1968 5264 504 7752 4792 5768 6808 5616 1464 2848 3192 5008 1568 5224 6088 4056 5328 6408 2440 
2950 2815 2630 1215 1235 2280 1560 2165 2050 1170 2490 3190 1840 2790 3505 1155 1900 1045 3250 1715 3190 1770 2895 3700 2080 2815 2305 420 1025 1405 2060 1280 3455 865 2315 1185 440 1520 2360 2945 330 2175 3080 2055 3565 1560 3560 3210 4305 1660 3150 1575 1100 1420 940 1970 3210 1775 3365 1750 
3135 1425 1405 3545 2900 2160 3020 2805 3380 3040 3210 795 3400 1960 1795 2960 2670 3620 2690 2525 2380 3245 1725 545 2000 2455 2305 3560 3515 2625 3255 2915 1540 3165 1695 4305 3715 2940 1850 1065 3650 2085 1595 3010 3620 3135 1390 2970 375 2755 1375 2425 3870 3590 4715 3870 770 3325 2325 2285 
3104 960 1488 5352 4160 3672 4680 4728 3696 4408 5552 1600 5472 1328 1000 4200 2752 4448 2376 3832 1880 3592 3472 2368 2144 2040 3968 4808 5200 3208 5376 3464 568 4360 1960 5488 4872 4504 3080 1304 4944 3376 696 4992 3856 3528 432 2824 2048 4256 3120 3008 4808 5544 6352 4504 1576 3712 1792 3232 
2240 462 749 3647 2583 2548 3150 3388 2282 2800 4151 1582 3892 644 1463 2597 1288 2716 1925 2443 1554 2079 2709 2485 742 1302 2814 3017 3479 1631 3878 1827 1295 2674 847 3647 3059 2982 2079 1092 3136 2240 770 3563 3129 1960 1414 2205 2758 2807 2597 1498 3045 3843 4361 2961 1589 2198 1673 1862 
2220 1224 1662 4530 3624 3318 4044 4110 2886 3810 4728 1740 4650 1188 462 3642 2328 3624 1578 3408 1254 2880 3162 2232 2064 1530 3540 4020 4398 2838 4590 2958 342 3732 1992 4356 4026 3906 2874 1548 4116 3096 786 4296 2640 2898 246 1932 1740 3732 2886 2718 3864 4680 5070 3486 1722 2964 1110 2946 
5502 3283 2723 2464 2219 931 1750 973 4977 2268 1239 2562 1827 4039 4627 2338 3927 4347 5313 1603 4942 4564 889 2548 2898 4662 742 3437 2604 2947 1505 3479 4298 2772 2548 5180 3892 1771 1309 2730 3528 1246 3934 1246 6454 4207 4249 5558 3815 1575 1365 2674 4690 2345 5208 5418 2590 4669 5040 1953 
3420 2635 2325 160 635 1435 555 1125 2675 480 1400 2710 750 2850 3520 620 2200 1825 3555 955 3405 2350 2060 3085 1945 3070 1395 920 65 1405 970 1580 3395 675 2010 2215 1275 575 1655 2570 940 1425 3025 985 4105 2080 3450 3610 3840 760 2375 1415 1995 380 2020 2775 2735 2395 3550 1235 
5744 2976 2376 3480 2832 1184 2592 1944 5384 2968 2456 1952 2952 3928 4440 2968 4128 4968 5400 2072 4944 4960 184 1848 2848 4704 1240 4208 3552 3240 2648 3864 4048 3440 2336 6008 4648 2544 1136 2240 4328 1344 3696 2280 6792 4600 3952 5736 3296 2256 496 2880 5384 3432 6248 5992 1976 5096 5016 2152 
