15 25 50
80 80 80 80 80 80 80 80 80 80 80 80 80 80 80 
28 27 27 19 15 16 28 24 18 28 25 14 32 15 28 16 26 33 25 34 19 34 17 30 24 33 19 16 33 16 17 23 21 29 13 27 13 25 27 33 25 30 21 31 24 26 20 30 20 26 
265 155 370 220 225 231 384 329 310 408 349 159 203 398 208 426 529 359 315 179 639 484 309 188 176 
365 366 241 569 333 353 603 651 622 75 689 449 304 643 226 736 333 631 451 361 513 487 91 214 522 
679 302 495 295 639 645 61 570 581 668 531 255 352 16 608 660 922 668 718 299 1050 898 658 581 443 
213 308 321 458 178 198 565 501 470 229 544 369 281 595 70 582 311 475 300 315 458 372 78 60 384 
66 459 586 461 107 90 691 337 298 505 404 464 481 700 213 381 363 253 23 479 389 191 339 238 316 
301 673 688 743 332 332 928 633 594 523 701 710 662 948 361 663 165 535 313 686 90 135 384 391 608 
177 553 696 516 218 199 771 330 293 614 402 546 584 774 324 344 427 218 93 575 404 188 448 350 361 
315 679 684 755 344 345 934 651 612 514 719 718 665 956 366 683 148 555 331 691 78 158 380 396 622 
285 313 264 495 250 270 563 564 535 157 604 387 267 598 142 649 326 544 372 313 491 431 46 127 438 
410 45 321 198 367 376 242 418 410 434 414 49 130 264 328 518 643 477 461 67 770 628 387 301 258 
480 655 894 473 496 477 771 204 215 888 229 594 724 747 594 104 792 188 411 682 772 557 737 604 364 
338 712 723 779 370 369 966 663 624 554 732 748 700 987 400 689 185 561 344 725 58 157 419 430 643 
429 527 382 717 412 430 766 762 728 173 809 607 467 806 324 836 246 720 508 523 432 477 190 326 651 
216 297 516 234 196 189 488 193 167 522 233 267 354 488 252 284 541 208 223 323 608 419 389 251 91 
396 431 689 233 389 377 530 58 90 723 27 360 507 509 458 137 730 180 365 457 768 559 595 457 147 
2650 1550 3700 2200 2250 2310 3840 3290 3100 4080 3490 1590 2030 3980 2080 4260 5290 3590 3150 1790 6390 4840 3090 1880 1760 
4015 4026 2651 6259 3663 3883 6633 7161 6842 825 7579 4939 3344 7073 2486 8096 3663 6941 4961 3971 5643 5357 1001 2354 5742 
8827 3926 6435 3835 8307 8385 793 7410 7553 8684 6903 3315 4576 208 7904 8580 11986 8684 9334 3887 13650 11674 8554 7553 5759 
2769 4004 4173 5954 2314 2574 7345 6513 6110 2977 7072 4797 3653 7735 910 7566 4043 6175 3900 4095 5954 4836 1014 780 4992 
924 6426 8204 6454 1498 1260 9674 4718 4172 7070 5656 6496 6734 9800 2982 5334 5082 3542 322 6706 5446 2674 4746 3332 4424 
4515 10095 10320 11145 4980 4980 13920 9495 8910 7845 10515 10650 9930 14220 5415 9945 2475 8025 4695 10290 1350 2025 5760 5865 9120 
1947 6083 7656 5676 2398 2189 8481 3630 3223 6754 4422 6006 6424 8514 3564 3784 4697 2398 1023 6325 4444 2068 4928 3850 3971 
4725 10185 10260 11325 5160 5175 14010 9765 9180 7710 10785 10770 9975 14340 5490 10245 2220 8325 4965 10365 1170 2370 5700 5940 9330 
2850 3130 2640 4950 2500 2700 5630 5640 5350 1570 6040 3870 2670 5980 1420 6490 3260 5440 3720 3130 4910 4310 460 1270 4380 
6150 675 4815 2970 5505 5640 3630 6270 6150 6510 6210 735 1950 3960 4920 7770 9645 7155 6915 1005 11550 9420 5805 4515 3870 
5280 7205 9834 5203 5456 5247 8481 2244 2365 9768 2519 6534 7964 8217 6534 1144 8712 2068 4521 7502 8492 6127 8107 6644 4004 
4732 9968 10122 10906 5180 5166 13524 9282 8736 7756 10248 10472 9800 13818 5600 9646 2590 7854 4816 10150 812 2198 5866 6020 9002 
5577 6851 4966 9321 5356 5590 9958 9906 9464 2249 10517 7891 6071 10478 4212 10868 3198 9360 6604 6799 5616 6201 2470 4238 8463 
3024 4158 7224 3276 2744 2646 6832 2702 2338 7308 3262 3738 4956 6832 3528 3976 7574 2912 3122 4522 8512 5866 5446 3514 1274 
3960 4310 6890 2330 3890 3770 5300 580 900 7230 270 3600 5070 5090 4580 1370 7300 1800 3650 4570 7680 5590 5950 4570 1470 
628 238 308 285 402 331 328 52 277 486 461 294 303 514 372 452 248 492 522 371 459 99 233 394 180 172 398 237 433 62 364 237 441 114 581 330 456 177 442 416 217 524 303 259 97 386 270 324 545 270 
289 572 501 647 10 289 662 355 670 422 244 666 595 182 225 90 516 207 381 241 279 491 200 299 507 302 396 635 386 464 55 587 290 414 431 336 281 326 572 57 209 176 660 640 332 39 550 473 348 378 
522 742 723 656 269 547 643 477 712 209 59 681 787 118 149 191 712 478 132 510 76 620 410 569 525 499 245 689 656 584 315 749 565 581 165 243 558 358 818 333 409 138 662 670 488 311 745 707 77 610 
215 497 363 724 250 134 759 397 717 648 485 735 488 421 448 331 417 86 618 73 517 483 224 91 600 272 604 675 164 473 209 521 51 381 671 532 38 457 383 187 241 411 742 701 344 208 448 322 590 252 
591 272 320 313 358 309 350 14 314 453 418 325 331 469 329 407 269 457 485 342 418 142 195 371 193 150 368 275 418 107 321 274 415 129 545 297 428 143 450 374 179 478 330 292 73 343 295 329 505 263 
595 252 302 315 369 303 355 20 310 473 437 325 311 485 348 421 250 459 504 340 437 124 199 366 201 143 388 270 409 91 330 255 411 110 565 317 426 163 433 382 183 494 332 291 67 353 275 313 524 251 
127 771 655 902 266 421 919 597 920 630 435 920 774 317 456 276 699 211 565 353 476 720 419 388 764 511 627 883 456 699 289 791 344 629 598 579 323 584 680 234 434 296 916 893 562 267 731 617 510 537 
486 276 104 626 454 164 679 345 585 760 649 626 237 630 580 539 187 363 761 227 668 339 291 186 540 228 689 543 139 352 399 304 235 249 821 611 257 479 120 413 296 627 645 587 289 412 207 59 755 99 
499 243 79 587 443 162 640 310 547 732 628 588 211 616 557 526 154 370 737 228 646 301 270 195 502 198 659 505 164 313 387 271 248 211 797 582 270 446 140 406 272 614 606 548 255 402 177 36 733 70 
676 678 710 490 382 593 464 413 560 46 180 517 739 305 167 337 674 597 109 578 140 536 433 633 378 490 50 546 713 498 406 677 647 532 155 110 647 264 827 447 424 326 492 515 448 414 702 706 167 617 
444 348 174 693 457 166 745 401 655 793 667 695 305 634 606 543 259 332 786 214 690 409 318 161 601 274 727 613 87 419 403 376 198 314 845 649 219 525 138 407 326 629 712 656 343 413 278 130 774 152 
218 550 454 686 103 225 709 372 698 513 339 702 562 269 315 179 484 115 475 165 373 493 193 219 550 285 481 660 306 472 81 569 201 403 525 416 191 380 507 36 207 258 701 673 335 68 518 420 441 330 
356 613 562 633 77 364 640 372 667 345 161 654 645 107 158 29 567 290 298 321 198 515 248 380 493 348 330 636 467 484 127 625 374 451 347 280 366 307 643 142 253 108 645 633 362 120 601 539 263 442 
81 768 643 924 297 410 944 611 937 676 482 940 765 367 497 318 692 195 614 343 523 727 430 370 787 515 669 899 431 708 310 790 322 632 649 617 300 610 656 254 445 346 939 912 571 289 724 602 561 528 
574 381 416 335 304 352 352 113 363 345 316 353 439 381 227 333 374 451 376 365 312 246 201 407 195 210 262 332 470 209 281 383 441 233 436 189 450 40 540 337 185 394 348 330 153 302 402 418 398 339 
573 272 111 661 555 265 719 414 608 848 745 657 209 730 674 639 194 456 854 325 763 375 387 280 592 313 773 568 216 396 499 300 324 303 915 696 346 556 24 513 390 727 680 617 363 513 197 98 851 188 
894 510 633 137 611 653 85 359 227 415 525 162 588 633 453 617 557 772 495 678 497 372 517 713 154 495 338 238 763 348 598 494 754 445 535 332 765 296 768 653 501 652 129 184 419 617 569 654 551 604 
589 155 19 532 503 244 590 297 481 747 665 529 117 669 587 583 69 457 763 311 678 246 314 286 465 221 668 441 258 268 448 184 340 180 824 592 362 445 152 475 312 670 551 489 253 466 84 62 767 129 
659 153 249 305 462 333 359 125 270 572 543 306 221 588 455 521 175 520 608 384 543 25 275 395 234 188 484 228 417 36 418 151 447 79 668 417 465 263 384 465 262 597 324 267 135 440 192 274 630 245 
294 596 527 659 27 316 672 374 685 410 227 678 620 157 217 65 542 224 364 267 264 512 224 324 519 326 389 651 412 484 81 611 313 437 412 333 304 336 598 78 233 149 672 654 353 66 576 500 328 405 
1010 483 639 109 747 723 106 435 140 601 697 98 559 797 618 768 553 878 679 763 673 382 616 786 248 564 521 179 818 374 723 459 834 479 721 505 848 432 770 779 599 814 95 135 489 745 554 671 733 647 
846 268 425 144 617 531 209 271 76 600 634 132 344 709 546 659 338 709 660 579 622 175 452 594 182 379 510 37 615 179 581 244 645 278 713 464 662 336 554 634 436 722 161 94 312 604 338 458 699 442 
643 514 559 352 346 478 342 253 410 211 250 377 577 353 173 340 515 536 261 480 228 370 318 528 224 350 123 391 599 331 347 511 555 374 316 64 559 103 683 399 305 371 359 368 296 363 541 561 300 479 
550 403 426 364 274 344 379 134 394 330 288 383 458 350 199 302 390 429 354 352 286 272 187 397 224 212 251 363 464 236 255 406 428 250 415 174 435 49 547 311 173 363 377 361 164 275 419 425 373 341 
369 342 221 593 293 24 635 272 575 622 495 601 338 469 433 378 264 232 614 85 518 334 147 87 480 136 560 533 138 329 238 366 138 230 673 482 157 370 280 253 157 466 611 564 213 252 296 186 602 100 
5024 1904 2464 2280 3216 2648 2624 416 2216 3888 3688 2352 2424 4112 2976 3616 1984 3936 4176 2968 3672 792 1864 3152 1440 1376 3184 1896 3464 496 2912 1896 3528 912 4648 2640 3648 1416 3536 3328 1736 4192 2424 2072 776 3088 2160 2592 4360 2160 
2601 5148 4509 5823 90 2601 5958 3195 6030 3798 2196 5994 5355 1638 2025 810 4644 1863 3429 2169 2511 4419 1800 2691 4563 2718 3564 5715 3474 4176 495 5283 2610 3726 3879 3024 2529 2934 5148 513 1881 1584 5940 5760 2988 351 4950 4257 3132 3402 
2610 3710 3615 3280 1345 2735 3215 2385 3560 1045 295 3405 3935 590 745 955 3560 2390 660 2550 380 3100 2050 2845 2625 2495 1225 3445 3280 2920 1575 3745 2825 2905 825 1215 2790 1790 4090 1665 2045 690 3310 3350 2440 1555 3725 3535 385 3050 
1720 3976 2904 5792 2000 1072 6072 3176 5736 5184 3880 5880 3904 3368 3584 2648 3336 688 4944 584 4136 3864 1792 728 4800 2176 4832 5400 1312 3784 1672 4168 408 3048 5368 4256 304 3656 3064 1496 1928 3288 5936 5608 2752 1664 3584 2576 4720 2016 
2955 1360 1600 1565 1790 1545 1750 70 1570 2265 2090 1625 1655 2345 1645 2035 1345 2285 2425 1710 2090 710 975 1855 965 750 1840 1375 2090 535 1605 1370 2075 645 2725 1485 2140 715 2250 1870 895 2390 1650 1460 365 1715 1475 1645 2525 1315 
5950 2520 3020 3150 3690 3030 3550 200 3100 4730 4370 3250 3110 4850 3480 4210 2500 4590 5040 3400 4370 1240 1990 3660 2010 1430 3880 2700 4090 910 3300 2550 4110 1100 5650 3170 4260 1630 4330 3820 1830 4940 3320 2910 670 3530 2750 3130 5240 2510 
762 4626 3930 5412 1596 2526 5514 3582 5520 3780 2610 5520 4644 1902 2736 1656 4194 1266 3390 2118 2856 4320 2514 2328 4584 3066 3762 5298 2736 4194 1734 4746 2064 3774 3588 3474 1938 3504 4080 1404 2604 1776 5496 5358 3372 1602 4386 3702 3060 3222 
3402 1932 728 4382 3178 1148 4753 2415 4095 5320 4543 4382 1659 4410 4060 3773 1309 2541 5327 1589 4676 2373 2037 1302 3780 1596 4823 3801 973 2464 2793 2128 1645 1743 5747 4277 1799 3353 840 2891 2072 4389 4515 4109 2023 2884 1449 413 5285 693 
4990 2430 790 5870 4430 1620 6400 3100 5470 7320 6280 5880 2110 6160 5570 5260 1540 3700 7370 2280 6460 3010 2700 1950 5020 1980 6590 5050 1640 3130 3870 2710 2480 2110 7970 5820 2700 4460 1400 4060 2720 6140 6060 5480 2550 4020 1770 360 7330 700 
6084 6102 6390 4410 3438 5337 4176 3717 5040 414 1620 4653 6651 2745 1503 3033 6066 5373 981 5202 1260 4824 3897 5697 3402 4410 450 4914 6417 4482 3654 6093 5823 4788 1395 990 5823 2376 7443 4023 3816 2934 4428 4635 4032 3726 6318 6354 1503 5553 
3108 2436 1218 4851 3199 1162 5215 2807 4585 5551 4669 4865 2135 4438 4242 3801 1813 2324 5502 1498 4830 2863 2226 1127 4207 1918 5089 4291 609 2933 2821 2632 1386 2198 5915 4543 1533 3675 966 2849 2282 4403 4984 4592 2401 2891 1946 910 5418 1064 
1090 2750 2270 3430 515 1125 3545 1860 3490 2565 1695 3510 2810 1345 1575 895 2420 575 2375 825 1865 2465 965 1095 2750 1425 2405 3300 1530 2360 405 2845 1005 2015 2625 2080 955 1900 2535 180 1035 1290 3505 3365 1675 340 2590 2100 2205 1650 
3204 5517 5058 5697 693 3276 5760 3348 6003 3105 1449 5886 5805 963 1422 261 5103 2610 2682 2889 1782 4635 2232 3420 4437 3132 2970 5724 4203 4356 1143 5625 3366 4059 3123 2520 3294 2763 5787 1278 2277 972 5805 5697 3258 1080 5409 4851 2367 3978 
648 6144 5144 7392 2376 3280 7552 4888 7496 5408 3856 7520 6120 2936 3976 2544 5536 1560 4912 2744 4184 5816 3440 2960 6296 4120 5352 7192 3448 5664 2480 6320 2576 5056 5192 4936 2400 4880 5248 2032 3560 2768 7512 7296 4568 2312 5792 4816 4488 4224 
2870 1905 2080 1675 1520 1760 1760 565 1815 1725 1580 1765 2195 1905 1135 1665 1870 2255 1880 1825 1560 1230 1005 2035 975 1050 1310 1660 2350 1045 1405 1915 2205 1165 2180 945 2250 200 2700 1685 925 1970 1740 1650 765 1510 2010 2090 1990 1695 
3438 1632 666 3966 3330 1590 4314 2484 3648 5088 4470 3942 1254 4380 4044 3834 1164 2736 5124 1950 4578 2250 2322 1680 3552 1878 4638 3408 1296 2376 2994 1800 1944 1818 5490 4176 2076 3336 144 3078 2340 4362 4080 3702 2178 3078 1182 588 5106 1128 
7152 4080 5064 1096 4888 5224 680 2872 1816 3320 4200 1296 4704 5064 3624 4936 4456 6176 3960 5424 3976 2976 4136 5704 1232 3960 2704 1904 6104 2784 4784 3952 6032 3560 4280 2656 6120 2368 6144 5224 4008 5216 1032 1472 3352 4936 4552 5232 4408 4832 
4712 1240 152 4256 4024 1952 4720 2376 3848 5976 5320 4232 936 5352 4696 4664 552 3656 6104 2488 5424 1968 2512 2288 3720 1768 5344 3528 2064 2144 3584 1472 2720 1440 6592 4736 2896 3560 1216 3800 2496 5360 4408 3912 2024 3728 672 496 6136 1032 
5272 1224 1992 2440 3696 2664 2872 1000 2160 4576 4344 2448 1768 4704 3640 4168 1400 4160 4864 3072 4344 200 2200 3160 1872 1504 3872 1824 3336 288 3344 1208 3576 632 5344 3336 3720 2104 3072 3720 2096 4776 2592 2136 1080 3520 1536 2192 5040 1960 
2940 5960 5270 6590 270 3160 6720 3740 6850 4100 2270 6780 6200 1570 2170 650 5420 2240 3640 2670 2640 5120 2240 3240 5190 3260 3890 6510 4120 4840 810 6110 3130 4370 4120 3330 3040 3360 5980 780 2330 1490 6720 6540 3530 660 5760 5000 3280 4050 
10100 4830 6390 1090 7470 7230 1060 4350 1400 6010 6970 980 5590 7970 6180 7680 5530 8780 6790 7630 6730 3820 6160 7860 2480 5640 5210 1790 8180 3740 7230 4590 8340 4790 7210 5050 8480 4320 7700 7790 5990 8140 950 1350 4890 7450 5540 6710 7330 6470 
5076 1608 2550 864 3702 3186 1254 1626 456 3600 3804 792 2064 4254 3276 3954 2028 4254 3960 3474 3732 1050 2712 3564 1092 2274 3060 222 3690 1074 3486 1464 3870 1668 4278 2784 3972 2016 3324 3804 2616 4332 966 564 1872 3624 2028 2748 4194 2652 
4501 3598 3913 2464 2422 3346 2394 1771 2870 1477 1750 2639 4039 2471 1211 2380 3605 3752 1827 3360 1596 2590 2226 3696 1568 2450 861 2737 4193 2317 2429 3577 3885 2618 2212 448 3913 721 4781 2793 2135 2597 2513 2576 2072 2541 3787 3927 2100 3353 
2750 2015 2130 1820 1370 1720 1895 670 1970 1650 1440 1915 2290 1750 995 1510 1950 2145 1770 1760 1430 1360 935 1985 1120 1060 1255 1815 2320 1180 1275 2030 2140 1250 2075 870 2175 245 2735 1555 865 1815 1885 1805 820 1375 2095 2125 1865 1705 
1845 1710 1105 2965 1465 120 3175 1360 2875 3110 2475 3005 1690 2345 2165 1890 1320 1160 3070 425 2590 1670 735 435 2400 680 2800 2665 690 1645 1190 1830 690 1150 3365 2410 785 1850 1400 1265 785 2330 3055 2820 1065 1260 1480 930 3010 500 
