25 40 80
80 80 80 80 80 80 80 80 80 80 80 80 80 80 80 80 80 80 80 80 80 80 80 80 80 
31 35 19 27 18 23 32 16 25 32 33 26 33 20 22 15 31 30 20 30 24 14 15 33 22 32 32 28 31 28 34 27 31 18 25 27 29 17 26 30 20 25 20 34 18 18 28 29 16 27 21 17 22 32 31 26 17 31 14 17 19 17 16 32 32 31 22 29 32 17 21 20 27 34 29 27 16 16 26 33 
468 538 550 654 236 148 566 298 510 538 531 337 93 564 280 164 247 436 81 223 715 830 407 310 39 232 216 145 326 403 19 580 660 198 608 538 260 585 184 476 
24 616 148 491 279 469 669 183 113 254 66 372 545 152 205 406 219 546 547 301 580 541 629 595 477 445 340 611 373 99 474 120 727 402 629 211 294 201 648 79 
547 101 673 294 316 301 146 389 468 366 556 163 428 678 504 286 422 30 478 303 315 516 162 222 413 212 566 502 168 550 464 570 227 254 162 719 277 473 562 468 
185 580 267 552 167 322 627 100 262 352 254 317 371 280 29 269 61 489 366 185 634 663 537 477 303 330 162 431 312 117 291 307 703 278 618 271 203 352 463 222 
733 160 858 459 471 375 127 559 664 565 749 342 466 864 658 394 578 173 521 454 449 682 112 212 481 317 691 521 342 725 537 767 203 371 236 895 438 673 577 661 
163 708 172 645 302 453 756 221 293 420 237 446 484 187 122 403 197 621 469 320 731 720 673 612 417 466 203 533 442 86 393 291 829 413 740 145 336 383 555 253 
619 74 745 348 375 324 94 454 543 441 630 230 439 751 563 323 482 53 492 360 353 572 115 203 436 245 615 507 232 618 491 646 188 294 161 788 338 549 567 542 
429 253 552 129 314 411 306 336 315 182 413 190 543 553 465 365 395 237 582 316 201 326 367 404 505 323 570 624 202 462 543 411 337 333 235 616 276 292 682 331 
633 235 753 488 350 221 238 446 590 522 663 260 307 762 528 250 451 165 362 330 506 709 51 53 323 182 543 364 255 611 379 691 333 234 322 779 325 619 421 578 
585 70 712 310 351 322 110 426 505 400 594 200 444 717 539 313 458 32 496 338 320 534 147 222 434 237 598 515 204 588 487 608 195 281 145 757 313 508 576 506 
488 167 614 306 249 249 212 324 418 331 502 99 380 619 437 226 356 77 427 237 344 521 181 208 358 157 501 457 102 487 407 521 293 192 223 656 210 433 517 414 
139 599 221 418 341 532 653 259 56 182 74 387 627 215 319 468 313 545 637 362 507 431 648 632 562 489 455 699 391 221 567 51 696 456 594 303 343 92 741 81 
334 317 458 215 231 363 371 239 230 125 325 149 489 460 367 308 300 270 522 237 296 372 386 398 442 284 478 571 159 363 474 332 419 279 319 519 198 230 626 239 
612 591 691 758 370 221 608 441 651 669 675 441 88 705 422 269 391 496 63 354 809 948 428 324 139 313 337 13 430 545 138 724 704 299 671 673 388 724 50 619 
486 608 554 717 287 218 636 334 544 588 554 402 137 569 289 232 274 506 94 278 780 885 475 376 106 302 193 151 391 413 51 605 730 266 678 531 317 625 167 508 
120 542 236 396 264 455 596 184 27 157 98 317 551 236 260 391 243 481 562 285 485 449 578 558 486 413 397 624 320 184 494 116 646 379 546 306 266 118 667 17 
153 522 265 365 272 460 576 200 25 125 122 307 561 264 287 396 263 466 576 291 454 417 568 554 499 412 423 636 311 216 509 128 623 381 522 338 268 91 682 50 
591 285 706 76 501 577 321 521 462 316 560 365 709 704 650 539 581 333 753 501 14 246 460 528 678 484 757 789 376 636 721 544 295 505 212 778 462 408 848 488 
612 93 737 212 429 443 132 484 507 377 604 272 570 740 608 422 530 161 620 421 197 431 274 355 553 352 688 644 280 633 603 605 142 388 40 795 388 486 704 519 
178 676 211 630 264 409 723 191 296 413 254 413 439 226 79 360 158 586 424 282 715 718 633 570 372 425 164 488 408 94 348 309 799 372 712 190 300 388 512 255 
478 525 563 649 237 134 552 305 516 540 540 331 77 577 294 156 256 423 73 224 708 828 391 293 22 221 234 135 320 415 33 588 647 190 596 553 260 589 178 483 
737 260 858 546 455 316 240 550 689 612 765 357 380 866 631 352 555 228 434 435 549 771 99 143 408 286 640 423 354 715 464 791 323 338 344 884 430 713 476 679 
369 568 441 298 483 652 620 432 242 185 303 451 770 433 527 592 498 554 793 498 371 213 681 700 713 583 663 849 460 447 733 259 631 568 531 527 466 150 899 283 
262 390 385 267 217 380 444 194 158 87 251 190 498 387 318 319 261 335 524 229 353 385 444 443 444 313 439 578 197 297 468 260 493 295 393 448 194 170 630 166 
191 828 65 683 470 648 880 373 298 444 200 581 698 59 328 590 383 756 686 491 772 687 834 791 630 640 423 751 581 213 610 221 937 593 839 92 493 358 776 280 
7020 8070 8250 9810 3540 2220 8490 4470 7650 8070 7965 5055 1395 8460 4200 2460 3705 6540 1215 3345 10725 12450 6105 4650 585 3480 3240 2175 4890 6045 285 8700 9900 2970 9120 8070 3900 8775 2760 7140 
336 8624 2072 6874 3906 6566 9366 2562 1582 3556 924 5208 7630 2128 2870 5684 3066 7644 7658 4214 8120 7574 8806 8330 6678 6230 4760 8554 5222 1386 6636 1680 10178 5628 8806 2954 4116 2814 9072 1106 
5470 1010 6730 2940 3160 3010 1460 3890 4680 3660 5560 1630 4280 6780 5040 2860 4220 300 4780 3030 3150 5160 1620 2220 4130 2120 5660 5020 1680 5500 4640 5700 2270 2540 1620 7190 2770 4730 5620 4680 
2035 6380 2937 6072 1837 3542 6897 1100 2882 3872 2794 3487 4081 3080 319 2959 671 5379 4026 2035 6974 7293 5907 5247 3333 3630 1782 4741 3432 1287 3201 3377 7733 3058 6798 2981 2233 3872 5093 2442 
7330 1600 8580 4590 4710 3750 1270 5590 6640 5650 7490 3420 4660 8640 6580 3940 5780 1730 5210 4540 4490 6820 1120 2120 4810 3170 6910 5210 3420 7250 5370 7670 2030 3710 2360 8950 4380 6730 5770 6610 
1630 7080 1720 6450 3020 4530 7560 2210 2930 4200 2370 4460 4840 1870 1220 4030 1970 6210 4690 3200 7310 7200 6730 6120 4170 4660 2030 5330 4420 860 3930 2910 8290 4130 7400 1450 3360 3830 5550 2530 
9285 1110 11175 5220 5625 4860 1410 6810 8145 6615 9450 3450 6585 11265 8445 4845 7230 795 7380 5400 5295 8580 1725 3045 6540 3675 9225 7605 3480 9270 7365 9690 2820 4410 2415 11820 5070 8235 8505 8130 
4290 2530 5520 1290 3140 4110 3060 3360 3150 1820 4130 1900 5430 5530 4650 3650 3950 2370 5820 3160 2010 3260 3670 4040 5050 3230 5700 6240 2020 4620 5430 4110 3370 3330 2350 6160 2760 2920 6820 3310 
8229 3055 9789 6344 4550 2873 3094 5798 7670 6786 8619 3380 3991 9906 6864 3250 5863 2145 4706 4290 6578 9217 663 689 4199 2366 7059 4732 3315 7943 4927 8983 4329 3042 4186 10127 4225 8047 5473 7514 
7020 840 8544 3720 4212 3864 1320 5112 6060 4800 7128 2400 5328 8604 6468 3756 5496 384 5952 4056 3840 6408 1764 2664 5208 2844 7176 6180 2448 7056 5844 7296 2340 3372 1740 9084 3756 6096 6912 6072 
6832 2338 8596 4284 3486 3486 2968 4536 5852 4634 7028 1386 5320 8666 6118 3164 4984 1078 5978 3318 4816 7294 2534 2912 5012 2198 7014 6398 1428 6818 5698 7294 4102 2688 3122 9184 2940 6062 7238 5796 
1529 6589 2431 4598 3751 5852 7183 2849 616 2002 814 4257 6897 2365 3509 5148 3443 5995 7007 3982 5577 4741 7128 6952 6182 5379 5005 7689 4301 2431 6237 561 7656 5016 6534 3333 3773 1012 8151 891 
4676 4438 6412 3010 3234 5082 5194 3346 3220 1750 4550 2086 6846 6440 5138 4312 4200 3780 7308 3318 4144 5208 5404 5572 6188 3976 6692 7994 2226 5082 6636 4648 5866 3906 4466 7266 2772 3220 8764 3346 
9180 8865 10365 11370 5550 3315 9120 6615 9765 10035 10125 6615 1320 10575 6330 4035 5865 7440 945 5310 12135 14220 6420 4860 2085 4695 5055 195 6450 8175 2070 10860 10560 4485 10065 10095 5820 10860 750 9285 
6804 8512 7756 10038 4018 3052 8904 4676 7616 8232 7756 5628 1918 7966 4046 3248 3836 7084 1316 3892 10920 12390 6650 5264 1484 4228 2702 2114 5474 5782 714 8470 10220 3724 9492 7434 4438 8750 2338 7112 
1200 5420 2360 3960 2640 4550 5960 1840 270 1570 980 3170 5510 2360 2600 3910 2430 4810 5620 2850 4850 4490 5780 5580 4860 4130 3970 6240 3200 1840 4940 1160 6460 3790 5460 3060 2660 1180 6670 170 
1836 6264 3180 4380 3264 5520 6912 2400 300 1500 1464 3684 6732 3168 3444 4752 3156 5592 6912 3492 5448 5004 6816 6648 5988 4944 5076 7632 3732 2592 6108 1536 7476 4572 6264 4056 3216 1092 8184 600 
8274 3990 9884 1064 7014 8078 4494 7294 6468 4424 7840 5110 9926 9856 9100 7546 8134 4662 10542 7014 196 3444 6440 7392 9492 6776 10598 11046 5264 8904 10094 7616 4130 7070 2968 10892 6468 5712 11872 6832 
7344 1116 8844 2544 5148 5316 1584 5808 6084 4524 7248 3264 6840 8880 7296 5064 6360 1932 7440 5052 2364 5172 3288 4260 6636 4224 8256 7728 3360 7596 7236 7260 1704 4656 480 9540 4656 5832 8448 6228 
2136 8112 2532 7560 3168 4908 8676 2292 3552 4956 3048 4956 5268 2712 948 4320 1896 7032 5088 3384 8580 8616 7596 6840 4464 5100 1968 5856 4896 1128 4176 3708 9588 4464 8544 2280 3600 4656 6144 3060 
6214 6825 7319 8437 3081 1742 7176 3965 6708 7020 7020 4303 1001 7501 3822 2028 3328 5499 949 2912 9204 10764 5083 3809 286 2873 3042 1755 4160 5395 429 7644 8411 2470 7748 7189 3380 7657 2314 6279 
8844 3120 10296 6552 5460 3792 2880 6600 8268 7344 9180 4284 4560 10392 7572 4224 6660 2736 5208 5220 6588 9252 1188 1716 4896 3432 7680 5076 4248 8580 5568 9492 3876 4056 4128 10608 5160 8556 5712 8148 
4428 6816 5292 3576 5796 7824 7440 5184 2904 2220 3636 5412 9240 5196 6324 7104 5976 6648 9516 5976 4452 2556 8172 8400 8556 6996 7956 10188 5520 5364 8796 3108 7572 6816 6372 6324 5592 1800 10788 3396 
2882 4290 4235 2937 2387 4180 4884 2134 1738 957 2761 2090 5478 4257 3498 3509 2871 3685 5764 2519 3883 4235 4884 4873 4884 3443 4829 6358 2167 3267 5148 2860 5423 3245 4323 4928 2134 1870 6930 1826 
2483 10764 845 8879 6110 8424 11440 4849 3874 5772 2600 7553 9074 767 4264 7670 4979 9828 8918 6383 10036 8931 10842 10283 8190 8320 5499 9763 7553 2769 7930 2873 12181 7709 10907 1196 6409 4654 10088 3640 
705 543 602 620 536 510 314 575 648 215 240 553 423 85 556 750 208 320 567 591 478 565 419 561 617 112 238 514 373 324 388 391 148 340 278 613 341 530 594 572 267 101 453 563 363 283 401 639 781 512 521 298 401 443 187 246 659 232 629 302 208 629 626 545 153 655 792 592 420 168 133 544 367 214 511 112 439 409 132 255 
95 485 85 83 276 165 343 389 66 665 578 186 508 693 316 214 602 550 669 445 664 580 437 239 24 748 494 610 504 569 364 543 750 364 508 68 302 120 601 266 410 619 301 275 294 359 237 484 160 501 554 358 392 194 452 393 57 602 355 547 585 252 76 160 595 430 161 315 406 601 770 131 493 579 477 561 261 526 654 488 
831 636 728 746 653 635 438 680 775 255 315 676 511 102 669 873 276 398 629 689 533 644 520 681 744 27 341 584 461 397 501 472 105 457 372 739 467 656 671 689 386 181 569 680 487 409 527 736 907 601 600 422 509 570 313 372 785 298 740 384 285 747 752 669 233 758 919 705 524 243 13 670 459 292 604 221 561 492 179 358 
296 647 216 356 29 151 354 106 255 638 355 399 609 594 515 510 390 298 798 160 756 731 545 452 298 607 494 731 235 313 129 623 578 416 533 234 227 296 758 63 411 453 65 484 189 265 238 688 452 202 255 233 493 238 376 336 354 380 582 582 568 122 232 140 409 652 442 79 131 563 631 333 568 367 625 409 379 244 472 498 
504 276 416 373 448 352 89 539 452 249 397 282 185 311 265 477 391 436 373 580 317 330 146 278 393 399 78 307 446 451 361 186 436 56 96 419 215 297 360 475 39 334 381 275 253 194 219 363 532 550 584 232 114 247 142 129 419 407 339 142 169 516 436 392 348 368 551 517 421 191 415 296 133 378 245 282 168 488 379 70 
487 109 428 318 533 406 224 643 447 378 580 207 128 484 106 358 579 608 279 693 277 197 71 165 368 582 242 219 606 626 495 175 625 160 216 424 339 286 222 550 225 526 489 139 373 347 301 174 451 688 730 381 78 301 331 301 367 593 159 224 311 575 441 440 538 177 478 600 558 347 595 262 144 564 90 474 158 646 571 225 
86 505 128 100 319 216 391 427 91 711 632 211 539 743 333 185 656 603 692 483 694 600 469 257 72 801 539 636 555 621 416 578 804 407 550 110 356 165 619 305 457 673 351 292 348 413 289 494 109 546 599 412 428 246 503 445 51 655 361 587 630 282 112 207 649 435 107 351 456 648 822 167 529 632 500 615 300 576 708 532 
568 359 472 454 465 394 144 541 513 188 329 372 249 216 363 569 316 382 421 573 347 397 231 373 464 301 59 359 406 395 350 231 340 150 109 479 232 370 427 497 81 244 389 373 267 188 264 452 615 526 553 223 208 301 86 118 497 335 436 153 114 546 494 434 267 463 631 532 404 116 317 376 191 307 327 199 257 448 289 75 
604 564 500 546 409 403 270 439 548 323 122 499 460 222 535 690 105 191 631 454 551 608 434 521 530 220 270 570 238 199 257 441 203 321 320 513 245 453 638 445 253 72 326 532 256 190 315 651 701 376 387 190 401 358 147 188 578 125 613 359 286 504 524 434 60 653 708 461 284 256 244 474 402 98 533 25 395 276 107 287 
474 568 371 446 262 274 242 298 420 430 148 425 488 360 494 601 171 144 674 319 610 631 442 460 416 367 322 609 143 162 110 484 342 309 370 386 149 355 661 299 263 214 180 480 140 119 220 640 590 260 286 91 398 258 180 173 469 170 573 417 373 358 395 299 174 626 592 315 145 356 391 384 434 147 539 169 342 185 238 333 
700 600 596 633 507 500 340 531 643 291 174 576 485 153 596 771 138 256 637 541 549 629 473 591 621 123 294 582 315 258 354 456 110 378 338 608 338 540 659 543 305 33 424 598 352 281 404 694 790 455 459 286 448 448 208 262 667 162 672 368 278 602 620 532 87 704 799 557 375 240 147 559 427 149 568 79 467 349 56 312 
347 330 258 230 317 202 81 423 294 403 404 167 294 436 227 361 414 413 480 472 447 412 227 193 239 504 232 415 398 431 276 315 520 111 252 262 124 145 440 339 147 396 268 211 154 153 80 384 392 469 512 177 175 93 204 148 272 423 305 296 323 372 278 241 388 362 406 385 339 338 524 153 260 394 308 337 74 435 438 227 
606 25 555 432 666 538 345 776 570 400 687 324 126 535 197 436 680 724 164 824 200 69 143 273 489 641 313 121 727 740 623 169 697 276 271 550 467 413 91 683 328 613 621 239 502 468 433 108 546 817 857 504 188 433 432 414 479 697 198 254 353 706 566 572 634 160 576 733 686 394 650 386 182 668 46 567 291 768 658 295 
834 648 731 752 651 637 445 676 777 270 308 683 524 116 679 880 269 391 644 684 548 658 531 689 748 21 352 599 454 389 499 485 91 466 384 742 470 662 685 688 395 176 568 690 489 412 531 748 912 594 592 423 520 574 319 377 790 290 751 397 298 746 755 671 227 770 924 703 520 256 3 675 471 285 617 220 569 485 172 369 
689 368 596 562 594 522 263 665 635 61 409 469 243 167 428 660 386 476 368 696 278 375 261 457 581 275 110 318 511 486 473 202 339 245 115 601 361 485 402 626 195 290 517 448 396 316 390 470 721 640 662 349 264 425 207 247 608 409 490 115 20 675 617 561 331 498 740 660 524 32 282 485 193 384 338 267 356 553 328 120 
478 162 408 318 492 372 164 599 433 333 517 210 126 428 147 386 515 547 306 646 283 237 55 183 359 522 184 241 547 564 441 161 563 98 165 406 285 268 266 513 161 462 442 168 321 288 256 238 465 635 675 323 16 263 267 239 367 530 214 185 260 542 423 409 474 240 489 560 504 294 536 252 114 500 135 410 127 588 507 168 
609 320 517 480 526 446 184 606 555 142 391 388 201 220 355 581 375 447 360 640 282 345 200 379 499 319 29 301 473 460 417 173 371 163 55 522 291 404 375 557 115 293 452 372 327 252 313 418 640 594 621 288 192 346 154 180 527 395 422 89 61 603 538 486 323 438 658 594 471 86 331 404 144 368 288 255 275 516 336 41 
197 387 147 55 307 172 257 425 157 572 541 90 406 613 222 207 559 527 569 481 562 482 335 146 78 678 401 509 492 546 352 442 688 268 411 138 249 38 503 309 321 560 304 183 254 301 177 396 215 517 568 309 291 136 378 319 96 562 273 448 492 313 154 190 543 347 230 361 404 512 698 29 392 537 377 501 161 521 599 393 
658 80 605 485 708 583 375 816 622 383 704 376 128 527 251 491 694 746 109 863 154 20 170 327 541 635 320 71 754 761 656 158 695 306 273 600 501 463 50 727 349 620 659 293 537 497 472 149 601 850 888 533 219 476 449 438 533 712 252 247 346 752 617 618 646 208 631 776 719 388 642 437 187 684 87 578 335 796 664 303 
493 258 407 357 449 348 90 544 442 264 415 264 173 332 243 458 411 451 363 585 312 315 129 258 381 420 95 297 459 467 369 179 458 40 103 410 219 284 345 475 56 355 385 254 257 204 216 342 516 560 595 241 93 241 161 142 404 426 317 147 184 514 427 388 368 347 535 518 430 209 436 281 124 397 227 303 151 501 400 84 
259 697 206 362 70 183 425 107 232 722 441 426 672 683 552 505 477 378 858 161 823 785 605 482 296 696 572 792 311 392 219 691 666 483 608 222 304 322 811 39 486 542 152 517 268 348 299 727 426 243 295 318 553 288 461 417 347 465 612 656 650 48 215 153 497 685 410 29 212 647 720 357 635 454 678 498 430 313 561 575 
505 840 437 580 245 374 521 140 472 739 335 617 781 649 725 734 374 252 970 92 914 915 725 668 522 623 630 904 190 255 239 784 568 589 676 455 394 517 945 259 561 472 248 698 358 404 433 893 669 51 63 366 675 446 490 472 577 353 797 725 684 296 451 364 418 863 656 218 177 666 646 553 731 358 815 452 580 158 471 639 
271 332 263 106 438 304 332 556 254 611 657 93 391 681 162 105 671 651 521 612 537 426 326 100 174 759 447 470 620 670 481 436 780 315 443 249 363 165 441 437 383 657 436 123 375 408 292 308 190 650 701 423 298 257 463 408 138 677 175 468 534 434 262 319 648 249 219 489 536 562 777 131 397 650 332 599 207 651 699 435 
368 229 342 194 497 360 305 616 343 543 657 111 300 631 67 187 665 664 418 670 439 323 242 61 260 719 389 369 644 683 511 348 750 269 375 331 373 215 338 504 341 635 480 45 394 406 309 207 292 694 742 429 226 284 435 388 236 675 77 393 470 510 346 384 635 152 322 556 571 502 735 179 316 646 232 578 181 678 679 375 
599 69 539 430 632 510 294 738 559 334 626 319 58 467 206 458 617 666 168 784 168 101 89 275 480 573 247 106 674 682 576 103 629 225 203 535 421 397 131 652 269 547 580 245 457 416 395 171 559 769 807 453 140 402 371 357 479 635 232 186 285 680 552 546 570 211 586 700 638 326 582 374 114 606 43 503 263 715 591 229 
402 201 337 240 442 313 164 553 359 402 523 132 201 481 101 314 528 542 369 604 357 289 130 111 283 568 241 307 532 560 413 238 601 118 233 334 260 196 315 458 191 489 401 105 290 278 213 247 387 605 648 308 91 209 289 247 289 539 180 259 326 482 351 348 493 228 411 508 475 355 584 176 192 510 183 433 67 570 533 227 
759 319 675 611 702 613 349 784 708 120 546 506 202 279 430 680 523 612 257 818 159 291 255 480 643 387 199 222 645 622 595 152 460 306 165 677 466 548 313 732 284 425 630 460 504 431 480 418 762 770 794 466 283 508 330 359 660 546 475 120 139 776 694 653 468 462 785 770 649 168 388 539 183 521 294 404 407 687 462 196 
674 103 630 499 746 617 426 857 642 447 763 394 191 592 264 484 755 802 130 906 204 52 222 341 559 700 383 123 808 818 704 223 759 357 337 623 548 488 37 762 406 683 702 305 583 549 514 119 601 898 938 585 268 513 508 493 545 772 245 312 411 784 639 650 708 185 632 812 767 453 707 459 249 744 127 640 371 849 727 365 
354 319 266 232 328 213 78 435 302 397 411 164 283 434 218 359 420 421 469 483 436 401 216 187 244 504 226 403 407 439 287 305 522 102 244 269 134 149 428 350 142 399 279 204 164 160 92 373 394 479 522 186 164 103 205 150 275 429 296 287 317 382 286 252 393 352 409 397 349 333 523 155 249 400 296 340 65 445 441 220 
722 486 622 618 580 536 307 632 666 131 320 538 362 51 522 735 290 396 492 653 399 498 369 538 624 152 192 442 444 403 441 325 215 315 221 631 365 532 526 615 247 185 498 535 393 310 414 586 780 582 594 333 360 455 199 256 660 314 591 236 137 670 645 573 235 608 794 641 480 95 162 540 308 294 454 182 423 483 216 208 
653 113 589 485 673 555 325 776 611 307 638 374 65 451 263 514 626 684 125 821 112 91 128 331 533 559 250 58 697 699 607 82 620 258 202 586 455 448 120 695 290 548 617 301 492 444 436 209 615 799 835 481 180 446 385 380 534 645 285 172 270 726 603 592 576 258 643 742 669 312 566 427 120 617 96 508 310 739 592 234 
702 645 599 649 493 502 369 506 647 346 133 601 533 206 630 793 94 216 690 510 603 679 516 620 632 155 341 633 280 215 338 507 110 413 387 612 347 556 708 530 342 41 412 630 356 293 418 736 803 419 417 291 489 461 240 287 680 116 708 419 331 589 623 531 59 743 810 539 351 294 178 577 474 110 613 96 495 310 5 358 
45 601 149 195 310 246 465 402 101 789 662 305 632 809 430 261 691 622 788 455 788 697 561 353 150 858 618 731 567 640 435 669 853 490 634 136 408 245 716 286 533 721 362 388 392 466 350 589 147 533 586 458 518 309 567 508 148 687 457 673 709 247 125 221 691 530 123 323 463 724 880 256 619 667 596 665 387 581 753 612 
446 190 374 289 459 338 140 566 400 348 499 184 159 432 142 367 499 524 340 614 316 269 89 164 327 522 190 275 521 542 412 192 559 80 179 373 256 236 297 479 150 452 410 155 290 263 223 258 440 605 646 297 41 229 254 219 339 512 216 206 272 508 390 375 461 252 463 527 475 303 537 221 142 483 166 398 94 561 497 175 
57 563 49 170 215 144 380 319 20 706 559 266 574 715 397 293 588 520 743 374 731 657 503 320 103 759 536 682 466 538 333 606 751 414 557 43 310 179 679 198 449 620 261 357 291 368 257 568 212 442 495 357 456 219 472 415 140 584 440 600 626 172 26 118 589 516 199 242 364 637 781 202 554 564 552 565 321 483 651 533 
886 631 785 788 724 695 477 758 830 231 399 709 505 121 687 905 361 483 599 770 501 626 525 707 792 114 357 561 544 483 574 461 189 484 377 795 524 701 651 760 418 262 640 702 548 467 579 733 950 684 685 485 523 621 362 421 830 384 753 378 283 817 808 731 316 762 964 779 602 246 94 710 458 375 601 294 593 576 265 372 
464 287 375 336 410 311 51 504 411 287 388 251 211 338 250 447 387 420 401 546 351 350 161 253 354 419 116 335 424 436 330 218 450 33 137 379 180 258 380 436 41 340 346 255 218 167 179 366 497 522 558 204 117 206 141 110 382 401 327 182 207 476 395 351 348 365 514 479 392 226 437 259 163 372 258 285 135 466 384 110 
584 630 481 553 359 384 316 369 530 416 44 524 535 309 579 706 61 98 712 376 636 682 501 554 526 287 350 650 150 108 205 521 246 376 400 496 251 462 712 395 316 133 280 571 248 208 324 711 699 290 297 191 462 364 213 235 578 62 659 443 375 455 505 408 80 706 702 402 214 348 310 488 477 37 600 115 432 186 141 365 
734 162 690 559 805 677 479 915 702 469 809 455 233 620 323 538 799 852 112 964 204 86 275 401 619 728 424 137 860 867 760 256 792 411 376 683 604 549 55 822 455 723 759 365 640 602 572 170 657 954 992 639 323 573 555 544 604 818 300 345 441 844 700 710 750 236 688 872 822 483 734 520 291 789 183 682 430 901 766 407 
614 535 510 545 433 416 255 471 557 282 162 490 427 187 516 684 142 232 594 488 513 575 406 507 534 200 236 535 277 240 284 406 198 299 285 522 251 452 605 469 229 74 350 516 267 193 317 625 702 414 427 201 376 360 126 175 579 163 593 322 246 527 534 449 90 630 711 488 317 216 224 471 369 137 503 21 382 316 118 253 
7050 5430 6020 6200 5360 5100 3140 5750 6480 2150 2400 5530 4230 850 5560 7500 2080 3200 5670 5910 4780 5650 4190 5610 6170 1120 2380 5140 3730 3240 3880 3910 1480 3400 2780 6130 3410 5300 5940 5720 2670 1010 4530 5630 3630 2830 4010 6390 7810 5120 5210 2980 4010 4430 1870 2460 6590 2320 6290 3020 2080 6290 6260 5450 1530 6550 7920 5920 4200 1680 1330 5440 3670 2140 5110 1120 4390 4090 1320 2550 
570 2910 510 498 1656 990 2058 2334 396 3990 3468 1116 3048 4158 1896 1284 3612 3300 4014 2670 3984 3480 2622 1434 144 4488 2964 3660 3024 3414 2184 3258 4500 2184 3048 408 1812 720 3606 1596 2460 3714 1806 1650 1764 2154 1422 2904 960 3006 3324 2148 2352 1164 2712 2358 342 3612 2130 3282 3510 1512 456 960 3570 2580 966 1890 2436 3606 4620 786 2958 3474 2862 3366 1566 3156 3924 2928 
5817 4452 5096 5222 4571 4445 3066 4760 5425 1785 2205 4732 3577 714 4683 6111 1932 2786 4403 4823 3731 4508 3640 4767 5208 189 2387 4088 3227 2779 3507 3304 735 3199 2604 5173 3269 4592 4697 4823 2702 1267 3983 4760 3409 2863 3689 5152 6349 4207 4200 2954 3563 3990 2191 2604 5495 2086 5180 2688 1995 5229 5264 4683 1631 5306 6433 4935 3668 1701 91 4690 3213 2044 4228 1547 3927 3444 1253 2506 
2664 5823 1944 3204 261 1359 3186 954 2295 5742 3195 3591 5481 5346 4635 4590 3510 2682 7182 1440 6804 6579 4905 4068 2682 5463 4446 6579 2115 2817 1161 5607 5202 3744 4797 2106 2043 2664 6822 567 3699 4077 585 4356 1701 2385 2142 6192 4068 1818 2295 2097 4437 2142 3384 3024 3186 3420 5238 5238 5112 1098 2088 1260 3681 5868 3978 711 1179 5067 5679 2997 5112 3303 5625 3681 3411 2196 4248 4482 
4032 2208 3328 2984 3584 2816 712 4312 3616 1992 3176 2256 1480 2488 2120 3816 3128 3488 2984 4640 2536 2640 1168 2224 3144 3192 624 2456 3568 3608 2888 1488 3488 448 768 3352 1720 2376 2880 3800 312 2672 3048 2200 2024 1552 1752 2904 4256 4400 4672 1856 912 1976 1136 1032 3352 3256 2712 1136 1352 4128 3488 3136 2784 2944 4408 4136 3368 1528 3320 2368 1064 3024 1960 2256 1344 3904 3032 560 
3896 872 3424 2544 4264 3248 1792 5144 3576 3024 4640 1656 1024 3872 848 2864 4632 4864 2232 5544 2216 1576 568 1320 2944 4656 1936 1752 4848 5008 3960 1400 5000 1280 1728 3392 2712 2288 1776 4400 1800 4208 3912 1112 2984 2776 2408 1392 3608 5504 5840 3048 624 2408 2648 2408 2936 4744 1272 1792 2488 4600 3528 3520 4304 1416 3824 4800 4464 2776 4760 2096 1152 4512 720 3792 1264 5168 4568 1800 
516 3030 768 600 1914 1296 2346 2562 546 4266 3792 1266 3234 4458 1998 1110 3936 3618 4152 2898 4164 3600 2814 1542 432 4806 3234 3816 3330 3726 2496 3468 4824 2442 3300 660 2136 990 3714 1830 2742 4038 2106 1752 2088 2478 1734 2964 654 3276 3594 2472 2568 1476 3018 2670 306 3930 2166 3522 3780 1692 672 1242 3894 2610 642 2106 2736 3888 4932 1002 3174 3792 3000 3690 1800 3456 4248 3192 
3976 2513 3304 3178 3255 2758 1008 3787 3591 1316 2303 2604 1743 1512 2541 3983 2212 2674 2947 4011 2429 2779 1617 2611 3248 2107 413 2513 2842 2765 2450 1617 2380 1050 763 3353 1624 2590 2989 3479 567 1708 2723 2611 1869 1316 1848 3164 4305 3682 3871 1561 1456 2107 602 826 3479 2345 3052 1071 798 3822 3458 3038 1869 3241 4417 3724 2828 812 2219 2632 1337 2149 2289 1393 1799 3136 2023 525 
4832 4512 4000 4368 3272 3224 2160 3512 4384 2584 976 3992 3680 1776 4280 5520 840 1528 5048 3632 4408 4864 3472 4168 4240 1760 2160 4560 1904 1592 2056 3528 1624 2568 2560 4104 1960 3624 5104 3560 2024 576 2608 4256 2048 1520 2520 5208 5608 3008 3096 1520 3208 2864 1176 1504 4624 1000 4904 2872 2288 4032 4192 3472 480 5224 5664 3688 2272 2048 1952 3792 3216 784 4264 200 3160 2208 856 2296 
4266 5112 3339 4014 2358 2466 2178 2682 3780 3870 1332 3825 4392 3240 4446 5409 1539 1296 6066 2871 5490 5679 3978 4140 3744 3303 2898 5481 1287 1458 990 4356 3078 2781 3330 3474 1341 3195 5949 2691 2367 1926 1620 4320 1260 1071 1980 5760 5310 2340 2574 819 3582 2322 1620 1557 4221 1530 5157 3753 3357 3222 3555 2691 1566 5634 5328 2835 1305 3204 3519 3456 3906 1323 4851 1521 3078 1665 2142 2997 
5600 4800 4768 5064 4056 4000 2720 4248 5144 2328 1392 4608 3880 1224 4768 6168 1104 2048 5096 4328 4392 5032 3784 4728 4968 984 2352 4656 2520 2064 2832 3648 880 3024 2704 4864 2704 4320 5272 4344 2440 264 3392 4784 2816 2248 3232 5552 6320 3640 3672 2288 3584 3584 1664 2096 5336 1296 5376 2944 2224 4816 4960 4256 696 5632 6392 4456 3000 1920 1176 4472 3416 1192 4544 632 3736 2792 448 2496 
3123 2970 2322 2070 2853 1818 729 3807 2646 3627 3636 1503 2646 3924 2043 3249 3726 3717 4320 4248 4023 3708 2043 1737 2151 4536 2088 3735 3582 3879 2484 2835 4680 999 2268 2358 1116 1305 3960 3051 1323 3564 2412 1899 1386 1377 720 3456 3528 4221 4608 1593 1575 837 1836 1332 2448 3807 2745 2664 2907 3348 2502 2169 3492 3258 3654 3465 3051 3042 4716 1377 2340 3546 2772 3033 666 3915 3942 2043 
3030 125 2775 2160 3330 2690 1725 3880 2850 2000 3435 1620 630 2675 985 2180 3400 3620 820 4120 1000 345 715 1365 2445 3205 1565 605 3635 3700 3115 845 3485 1380 1355 2750 2335 2065 455 3415 1640 3065 3105 1195 2510 2340 2165 540 2730 4085 4285 2520 940 2165 2160 2070 2395 3485 990 1270 1765 3530 2830 2860 3170 800 2880 3665 3430 1970 3250 1930 910 3340 230 2835 1455 3840 3290 1475 
5838 4536 5117 5264 4557 4459 3115 4732 5439 1890 2156 4781 3668 812 4753 6160 1883 2737 4508 4788 3836 4606 3717 4823 5236 147 2464 4193 3178 2723 3493 3395 637 3262 2688 5194 3290 4634 4795 4816 2765 1232 3976 4830 3423 2884 3717 5236 6384 4158 4144 2961 3640 4018 2233 2639 5530 2030 5257 2779 2086 5222 5285 4697 1589 5390 6468 4921 3640 1792 21 4725 3297 1995 4319 1540 3983 3395 1204 2583 
4134 2208 3576 3372 3564 3132 1578 3990 3810 366 2454 2814 1458 1002 2568 3960 2316 2856 2208 4176 1668 2250 1566 2742 3486 1650 660 1908 3066 2916 2838 1212 2034 1470 690 3606 2166 2910 2412 3756 1170 1740 3102 2688 2376 1896 2340 2820 4326 3840 3972 2094 1584 2550 1242 1482 3648 2454 2940 690 120 4050 3702 3366 1986 2988 4440 3960 3144 192 1692 2910 1158 2304 2028 1602 2136 3318 1968 720 
3346 1134 2856 2226 3444 2604 1148 4193 3031 2331 3619 1470 882 2996 1029 2702 3605 3829 2142 4522 1981 1659 385 1281 2513 3654 1288 1687 3829 3948 3087 1127 3941 686 1155 2842 1995 1876 1862 3591 1127 3234 3094 1176 2247 2016 1792 1666 3255 4445 4725 2261 112 1841 1869 1673 2569 3710 1498 1295 1820 3794 2961 2863 3318 1680 3423 3920 3528 2058 3752 1764 798 3500 945 2870 889 4116 3549 1176 
3654 1920 3102 2880 3156 2676 1104 3636 3330 852 2346 2328 1206 1320 2130 3486 2250 2682 2160 3840 1692 2070 1200 2274 2994 1914 174 1806 2838 2760 2502 1038 2226 978 330 3132 1746 2424 2250 3342 690 1758 2712 2232 1962 1512 1878 2508 3840 3564 3726 1728 1152 2076 924 1080 3162 2370 2532 534 366 3618 3228 2916 1938 2628 3948 3564 2826 516 1986 2424 864 2208 1728 1530 1650 3096 2016 246 
1379 2709 1029 385 2149 1204 1799 2975 1099 4004 3787 630 2842 4291 1554 1449 3913 3689 3983 3367 3934 3374 2345 1022 546 4746 2807 3563 3444 3822 2464 3094 4816 1876 2877 966 1743 266 3521 2163 2247 3920 2128 1281 1778 2107 1239 2772 1505 3619 3976 2163 2037 952 2646 2233 672 3934 1911 3136 3444 2191 1078 1330 3801 2429 1610 2527 2828 3584 4886 203 2744 3759 2639 3507 1127 3647 4193 2751 
3290 400 3025 2425 3540 2915 1875 4080 3110 1915 3520 1880 640 2635 1255 2455 3470 3730 545 4315 770 100 850 1635 2705 3175 1600 355 3770 3805 3280 790 3475 1530 1365 3000 2505 2315 250 3635 1745 3100 3295 1465 2685 2485 2360 745 3005 4250 4440 2665 1095 2380 2245 2190 2665 3560 1260 1235 1730 3760 3085 3090 3230 1040 3155 3880 3595 1940 3210 2185 935 3420 435 2890 1675 3980 3320 1515 
4437 2322 3663 3213 4041 3132 810 4896 3978 2376 3735 2376 1557 2988 2187 4122 3699 4059 3267 5265 2808 2835 1161 2322 3429 3780 855 2673 4131 4203 3321 1611 4122 360 927 3690 1971 2556 3105 4275 504 3195 3465 2286 2313 1836 1944 3078 4644 5040 5355 2169 837 2169 1449 1278 3636 3834 2853 1323 1656 4626 3843 3492 3312 3123 4815 4662 3870 1881 3924 2529 1116 3573 2043 2727 1359 4509 3600 756 
1813 4879 1442 2534 490 1281 2975 749 1624 5054 3087 2982 4704 4781 3864 3535 3339 2646 6006 1127 5761 5495 4235 3374 2072 4872 4004 5544 2177 2744 1533 4837 4662 3381 4256 1554 2128 2254 5677 273 3402 3794 1064 3619 1876 2436 2093 5089 2982 1701 2065 2226 3871 2016 3227 2919 2429 3255 4284 4592 4550 336 1505 1071 3479 4795 2870 203 1484 4529 5040 2499 4445 3178 4746 3486 3010 2191 3927 4025 
5050 8400 4370 5800 2450 3740 5210 1400 4720 7390 3350 6170 7810 6490 7250 7340 3740 2520 9700 920 9140 9150 7250 6680 5220 6230 6300 9040 1900 2550 2390 7840 5680 5890 6760 4550 3940 5170 9450 2590 5610 4720 2480 6980 3580 4040 4330 8930 6690 510 630 3660 6750 4460 4900 4720 5770 3530 7970 7250 6840 2960 4510 3640 4180 8630 6560 2180 1770 6660 6460 5530 7310 3580 8150 4520 5800 1580 4710 6390 
1897 2324 1841 742 3066 2128 2324 3892 1778 4277 4599 651 2737 4767 1134 735 4697 4557 3647 4284 3759 2982 2282 700 1218 5313 3129 3290 4340 4690 3367 3052 5460 2205 3101 1743 2541 1155 3087 3059 2681 4599 3052 861 2625 2856 2044 2156 1330 4550 4907 2961 2086 1799 3241 2856 966 4739 1225 3276 3738 3038 1834 2233 4536 1743 1533 3423 3752 3934 5439 917 2779 4550 2324 4193 1449 4557 4893 3045 
3312 2061 3078 1746 4473 3240 2745 5544 3087 4887 5913 999 2700 5679 603 1683 5985 5976 3762 6030 3951 2907 2178 549 2340 6471 3501 3321 5796 6147 4599 3132 6750 2421 3375 2979 3357 1935 3042 4536 3069 5715 4320 405 3546 3654 2781 1863 2628 6246 6678 3861 2034 2556 3915 3492 2124 6075 693 3537 4230 4590 3114 3456 5715 1368 2898 5004 5139 4518 6615 1611 2844 5814 2088 5202 1629 6102 6111 3375 
2995 345 2695 2150 3160 2550 1470 3690 2795 1670 3130 1595 290 2335 1030 2290 3085 3330 840 3920 840 505 445 1375 2400 2865 1235 530 3370 3410 2880 515 3145 1125 1015 2675 2105 1985 655 3260 1345 2735 2900 1225 2285 2080 1975 855 2795 3845 4035 2265 700 2010 1855 1785 2395 3175 1160 930 1425 3400 2760 2730 2850 1055 2930 3500 3190 1630 2910 1870 570 3030 215 2515 1315 3575 2955 1145 
4020 2010 3370 2400 4420 3130 1640 5530 3590 4020 5230 1320 2010 4810 1010 3140 5280 5420 3690 6040 3570 2890 1300 1110 2830 5680 2410 3070 5320 5600 4130 2380 6010 1180 2330 3340 2600 1960 3150 4580 1910 4890 4010 1050 2900 2780 2130 2470 3870 6050 6480 3080 910 2090 2890 2470 2890 5390 1800 2590 3260 4820 3510 3480 4930 2280 4110 5080 4750 3550 5840 1760 1920 5100 1830 4330 670 5700 5330 2270 
7590 3190 6750 6110 7020 6130 3490 7840 7080 1200 5460 5060 2020 2790 4300 6800 5230 6120 2570 8180 1590 2910 2550 4800 6430 3870 1990 2220 6450 6220 5950 1520 4600 3060 1650 6770 4660 5480 3130 7320 2840 4250 6300 4600 5040 4310 4800 4180 7620 7700 7940 4660 2830 5080 3300 3590 6600 5460 4750 1200 1390 7760 6940 6530 4680 4620 7850 7700 6490 1680 3880 5390 1830 5210 2940 4040 4070 6870 4620 1960 
6740 1030 6300 4990 7460 6170 4260 8570 6420 4470 7630 3940 1910 5920 2640 4840 7550 8020 1300 9060 2040 520 2220 3410 5590 7000 3830 1230 8080 8180 7040 2230 7590 3570 3370 6230 5480 4880 370 7620 4060 6830 7020 3050 5830 5490 5140 1190 6010 8980 9380 5850 2680 5130 5080 4930 5450 7720 2450 3120 4110 7840 6390 6500 7080 1850 6320 8120 7670 4530 7070 4590 2490 7440 1270 6400 3710 8490 7270 3650 
3540 3190 2660 2320 3280 2130 780 4350 3020 3970 4110 1640 2830 4340 2180 3590 4200 4210 4690 4830 4360 4010 2160 1870 2440 5040 2260 4030 4070 4390 2870 3050 5220 1020 2440 2690 1340 1490 4280 3500 1420 3990 2790 2040 1640 1600 920 3730 3940 4790 5220 1860 1640 1030 2050 1500 2750 4290 2960 2870 3170 3820 2860 2520 3930 3520 4090 3970 3490 3330 5230 1550 2490 4000 2960 3400 650 4450 4410 2200 
3610 2430 3110 3090 2900 2680 1535 3160 3330 655 1600 2690 1810 255 2610 3675 1450 1980 2460 3265 1995 2490 1845 2690 3120 760 960 2210 2220 2015 2205 1625 1075 1575 1105 3155 1825 2660 2630 3075 1235 925 2490 2675 1965 1550 2070 2930 3900 2910 2970 1665 1800 2275 995 1280 3300 1570 2955 1180 685 3350 3225 2865 1175 3040 3970 3205 2400 475 810 2700 1540 1470 2270 910 2115 2415 1080 1040 
5877 1017 5301 4365 6057 4995 2925 6984 5499 2763 5742 3366 585 4059 2367 4626 5634 6156 1125 7389 1008 819 1152 2979 4797 5031 2250 522 6273 6291 5463 738 5580 2322 1818 5274 4095 4032 1080 6255 2610 4932 5553 2709 4428 3996 3924 1881 5535 7191 7515 4329 1620 4014 3465 3420 4806 5805 2565 1548 2430 6534 5427 5328 5184 2322 5787 6678 6021 2808 5094 3843 1080 5553 864 4572 2790 6651 5328 2106 
6318 5805 5391 5841 4437 4518 3321 4554 5823 3114 1197 5409 4797 1854 5670 7137 846 1944 6210 4590 5427 6111 4644 5580 5688 1395 3069 5697 2520 1935 3042 4563 990 3717 3483 5508 3123 5004 6372 4770 3078 369 3708 5670 3204 2637 3762 6624 7227 3771 3753 2619 4401 4149 2160 2583 6120 1044 6372 3771 2979 5301 5607 4779 531 6687 7290 4851 3159 2646 1602 5193 4266 990 5517 864 4455 2790 45 3222 
225 3005 745 975 1550 1230 2325 2010 505 3945 3310 1525 3160 4045 2150 1305 3455 3110 3940 2275 3940 3485 2805 1765 750 4290 3090 3655 2835 3200 2175 3345 4265 2450 3170 680 2040 1225 3580 1430 2665 3605 1810 1940 1960 2330 1750 2945 735 2665 2930 2290 2590 1545 2835 2540 740 3435 2285 3365 3545 1235 625 1105 3455 2650 615 1615 2315 3620 4400 1280 3095 3335 2980 3325 1935 2905 3765 3060 
4460 1900 3740 2890 4590 3380 1400 5660 4000 3480 4990 1840 1590 4320 1420 3670 4990 5240 3400 6140 3160 2690 890 1640 3270 5220 1900 2750 5210 5420 4120 1920 5590 800 1790 3730 2560 2360 2970 4790 1500 4520 4100 1550 2900 2630 2230 2580 4400 6050 6460 2970 410 2290 2540 2190 3390 5120 2160 2060 2720 5080 3900 3750 4610 2520 4630 5270 4750 3030 5370 2210 1420 4830 1660 3980 940 5610 4970 1750 
285 2815 245 850 1075 720 1900 1595 100 3530 2795 1330 2870 3575 1985 1465 2940 2600 3715 1870 3655 3285 2515 1600 515 3795 2680 3410 2330 2690 1665 3030 3755 2070 2785 215 1550 895 3395 990 2245 3100 1305 1785 1455 1840 1285 2840 1060 2210 2475 1785 2280 1095 2360 2075 700 2920 2200 3000 3130 860 130 590 2945 2580 995 1210 1820 3185 3905 1010 2770 2820 2760 2825 1605 2415 3255 2665 
7088 5048 6280 6304 5792 5560 3816 6064 6640 1848 3192 5672 4040 968 5496 7240 2888 3864 4792 6160 4008 5008 4200 5656 6336 912 2856 4488 4352 3864 4592 3688 1512 3872 3016 6360 4192 5608 5208 6080 3344 2096 5120 5616 4384 3736 4632 5864 7600 5472 5480 3880 4184 4968 2896 3368 6640 3072 6024 3024 2264 6536 6464 5848 2528 6096 7712 6232 4816 1968 752 5680 3664 3000 4808 2352 4744 4608 2120 2976 
2320 1435 1875 1680 2050 1555 255 2520 2055 1435 1940 1255 1055 1690 1250 2235 1935 2100 2005 2730 1755 1750 805 1265 1770 2095 580 1675 2120 2180 1650 1090 2250 165 685 1895 900 1290 1900 2180 205 1700 1730 1275 1090 835 895 1830 2485 2610 2790 1020 585 1030 705 550 1910 2005 1635 910 1035 2380 1975 1755 1740 1825 2570 2395 1960 1130 2185 1295 815 1860 1290 1425 675 2330 1920 550 
4672 5040 3848 4424 2872 3072 2528 2952 4240 3328 352 4192 4280 2472 4632 5648 488 784 5696 3008 5088 5456 4008 4432 4208 2296 2800 5200 1200 864 1640 4168 1968 3008 3200 3968 2008 3696 5696 3160 2528 1064 2240 4568 1984 1664 2592 5688 5592 2320 2376 1528 3696 2912 1704 1880 4624 496 5272 3544 3000 3640 4040 3264 640 5648 5616 3216 1712 2784 2480 3904 3816 296 4800 920 3456 1488 1128 2920 
6606 1458 6210 5031 7245 6093 4311 8235 6318 4221 7281 4095 2097 5580 2907 4842 7191 7668 1008 8676 1836 774 2475 3609 5571 6552 3816 1233 7740 7803 6840 2304 7128 3699 3384 6147 5436 4941 495 7398 4095 6507 6831 3285 5760 5418 5148 1530 5913 8586 8928 5751 2907 5157 4995 4896 5436 7362 2700 3105 3969 7596 6300 6390 6750 2124 6192 7848 7398 4347 6606 4680 2619 7101 1647 6138 3870 8109 6894 3663 
5526 4815 4590 4905 3897 3744 2295 4239 5013 2538 1458 4410 3843 1683 4644 6156 1278 2088 5346 4392 4617 5175 3654 4563 4806 1800 2124 4815 2493 2160 2556 3654 1782 2691 2565 4698 2259 4068 5445 4221 2061 666 3150 4644 2403 1737 2853 5625 6318 3726 3843 1809 3384 3240 1134 1575 5211 1467 5337 2898 2214 4743 4806 4041 810 5670 6399 4392 2853 1944 2016 4239 3321 1233 4527 189 3438 2844 1062 2277 
