20 50 100
80 80 80 80 80 80 80 80 80 80 80 80 80 80 80 80 80 80 80 80 
18 6 6 20 18 12 15 16 21 20 15 24 18 18 11 11 18 26 13 25 26 23 20 20 24 9 15 10 14 18 17 11 11 20 17 14 8 12 13 16 17 7 27 24 11 15 15 9 21 15 27 13 17 9 7 13 9 23 22 8 22 12 16 11 10 18 14 14 24 7 7 27 22 14 13 26 24 16 24 10 25 14 7 8 16 16 11 8 9 20 20 15 16 26 13 14 13 21 14 25 
225 626 670 537 815 416 615 713 228 662 171 391 754 228 527 416 400 374 96 309 395 257 476 529 688 822 613 364 457 334 504 643 688 348 447 242 283 610 516 468 79 537 277 617 413 186 235 411 722 606 
460 133 418 557 227 834 144 265 541 154 471 217 202 657 199 821 649 487 532 759 624 534 280 272 131 643 291 597 550 480 444 59 110 802 647 539 342 492 139 527 638 618 537 189 372 695 353 187 134 103 
609 794 676 433 1038 21 903 821 623 824 552 606 919 183 843 32 220 363 359 86 243 652 585 628 873 718 692 758 363 352 489 861 890 51 263 637 486 559 700 392 318 382 672 755 782 210 533 638 938 789 
340 611 592 421 830 289 661 674 362 645 283 389 741 90 589 285 261 268 90 185 259 390 427 479 682 716 559 501 337 232 410 652 690 228 311 375 264 512 504 354 90 410 410 588 513 90 276 416 732 597 
211 588 635 509 780 419 583 675 228 624 154 354 716 224 498 418 383 344 67 313 376 255 439 491 651 790 575 367 430 304 470 607 651 354 428 241 245 577 479 440 97 512 275 579 394 196 200 373 686 568 
662 216 479 684 44 1016 254 270 741 195 677 415 128 851 356 1001 816 653 736 949 790 732 428 398 136 682 371 782 698 654 575 152 115 990 804 738 540 588 306 671 843 751 733 271 549 894 561 389 73 217 
460 79 324 458 293 755 239 204 543 115 459 160 202 589 270 741 561 398 482 687 535 542 182 172 138 550 197 621 455 395 345 119 146 728 555 544 281 392 44 431 591 520 549 108 414 634 323 142 193 54 
252 452 487 386 663 430 496 530 309 487 204 223 581 233 429 421 315 222 101 338 298 329 290 343 520 652 427 444 316 183 331 486 525 382 346 319 101 438 343 319 209 404 347 436 386 258 122 249 566 435 
413 138 315 411 360 688 274 242 496 174 406 96 267 520 280 675 498 336 416 619 473 498 134 142 205 538 196 585 399 330 299 184 215 660 496 498 214 361 29 377 524 470 507 140 393 566 265 86 261 120 
233 419 650 689 474 809 227 551 293 448 275 293 502 608 121 802 688 556 436 710 668 276 445 472 431 869 531 308 646 528 591 355 407 754 710 286 346 676 352 635 516 732 271 457 73 607 260 271 411 387 
272 277 424 442 461 622 295 385 355 313 263 55 400 434 247 611 464 317 298 538 442 358 208 246 332 634 320 451 403 295 344 287 331 581 477 357 122 433 171 390 404 487 368 283 287 463 125 57 366 253 
600 607 442 191 861 240 773 608 645 632 548 469 722 237 738 221 43 178 362 248 53 669 396 428 688 477 479 784 132 195 264 693 712 263 22 657 375 320 530 162 393 141 688 558 734 320 466 502 763 609 
455 246 535 666 224 911 31 372 529 260 480 294 280 724 129 900 740 581 580 828 716 516 388 386 218 759 407 558 652 569 553 141 183 872 744 524 411 607 249 631 681 725 515 305 323 750 390 261 169 218 
696 268 49 304 484 723 541 170 775 264 674 374 313 626 579 705 502 373 605 696 478 783 231 184 323 248 114 881 359 400 233 380 362 727 467 780 427 179 294 329 703 371 795 207 703 699 526 384 411 294 
778 502 217 166 740 572 755 429 846 509 739 508 571 548 767 553 369 326 604 583 354 863 359 347 571 140 331 974 250 366 217 614 607 601 318 855 494 126 485 233 676 196 879 439 844 632 608 532 659 522 
763 337 82 314 540 744 612 227 842 329 739 444 368 664 652 725 523 411 659 727 501 851 297 254 387 186 187 951 381 442 267 448 426 754 483 847 489 185 367 352 753 376 863 278 776 741 592 456 473 364 
788 370 104 311 573 743 645 260 866 363 762 472 401 672 684 724 524 420 675 731 502 876 322 281 421 153 218 977 382 453 276 482 460 756 481 872 511 185 398 355 767 370 889 312 805 750 616 485 507 398 
616 643 477 225 896 208 804 644 656 667 562 499 758 232 766 189 56 211 371 228 76 681 431 464 723 505 515 796 169 224 300 727 747 238 58 668 401 354 563 198 393 170 701 594 755 311 488 532 798 644 
401 621 572 380 851 233 697 673 425 654 344 411 750 31 631 227 203 240 147 136 204 453 426 476 696 679 552 565 296 209 384 673 708 180 255 439 286 481 518 316 146 361 473 592 568 90 320 441 752 610 
461 604 518 307 845 206 712 640 494 634 405 413 730 77 656 195 121 187 209 140 123 520 398 444 682 607 514 634 224 166 327 668 698 178 173 507 294 417 507 248 228 283 540 568 615 161 354 445 745 597 
2925 8138 8710 6981 10595 5408 7995 9269 2964 8606 2223 5083 9802 2964 6851 5408 5200 4862 1248 4017 5135 3341 6188 6877 8944 10686 7969 4732 5941 4342 6552 8359 8944 4524 5811 3146 3679 7930 6708 6084 1027 6981 3601 8021 5369 2418 3055 5343 9386 7878 
6900 1995 6270 8355 3405 12510 2160 3975 8115 2310 7065 3255 3030 9855 2985 12315 9735 7305 7980 11385 9360 8010 4200 4080 1965 9645 4365 8955 8250 7200 6660 885 1650 12030 9705 8085 5130 7380 2085 7905 9570 9270 8055 2835 5580 10425 5295 2805 2010 1545 
6699 8734 7436 4763 11418 231 9933 9031 6853 9064 6072 6666 10109 2013 9273 352 2420 3993 3949 946 2673 7172 6435 6908 9603 7898 7612 8338 3993 3872 5379 9471 9790 561 2893 7007 5346 6149 7700 4312 3498 4202 7392 8305 8602 2310 5863 7018 10318 8679 
4420 7943 7696 5473 10790 3757 8593 8762 4706 8385 3679 5057 9633 1170 7657 3705 3393 3484 1170 2405 3367 5070 5551 6227 8866 9308 7267 6513 4381 3016 5330 8476 8970 2964 4043 4875 3432 6656 6552 4602 1170 5330 5330 7644 6669 1170 3588 5408 9516 7761 
2110 5880 6350 5090 7800 4190 5830 6750 2280 6240 1540 3540 7160 2240 4980 4180 3830 3440 670 3130 3760 2550 4390 4910 6510 7900 5750 3670 4300 3040 4700 6070 6510 3540 4280 2410 2450 5770 4790 4400 970 5120 2750 5790 3940 1960 2000 3730 6860 5680 
8606 2808 6227 8892 572 13208 3302 3510 9633 2535 8801 5395 1664 11063 4628 13013 10608 8489 9568 12337 10270 9516 5564 5174 1768 8866 4823 10166 9074 8502 7475 1976 1495 12870 10452 9594 7020 7644 3978 8723 10959 9763 9529 3523 7137 11622 7293 5057 949 2821 
5060 869 3564 5038 3223 8305 2629 2244 5973 1265 5049 1760 2222 6479 2970 8151 6171 4378 5302 7557 5885 5962 2002 1892 1518 6050 2167 6831 5005 4345 3795 1309 1606 8008 6105 5984 3091 4312 484 4741 6501 5720 6039 1188 4554 6974 3553 1562 2123 594 
2520 4520 4870 3860 6630 4300 4960 5300 3090 4870 2040 2230 5810 2330 4290 4210 3150 2220 1010 3380 2980 3290 2900 3430 5200 6520 4270 4440 3160 1830 3310 4860 5250 3820 3460 3190 1010 4380 3430 3190 2090 4040 3470 4360 3860 2580 1220 2490 5660 4350 
5782 1932 4410 5754 5040 9632 3836 3388 6944 2436 5684 1344 3738 7280 3920 9450 6972 4704 5824 8666 6622 6972 1876 1988 2870 7532 2744 8190 5586 4620 4186 2576 3010 9240 6944 6972 2996 5054 406 5278 7336 6580 7098 1960 5502 7924 3710 1204 3654 1680 
2563 4609 7150 7579 5214 8899 2497 6061 3223 4928 3025 3223 5522 6688 1331 8822 7568 6116 4796 7810 7348 3036 4895 5192 4741 9559 5841 3388 7106 5808 6501 3905 4477 8294 7810 3146 3806 7436 3872 6985 5676 8052 2981 5027 803 6677 2860 2981 4521 4257 
3808 3878 5936 6188 6454 8708 4130 5390 4970 4382 3682 770 5600 6076 3458 8554 6496 4438 4172 7532 6188 5012 2912 3444 4648 8876 4480 6314 5642 4130 4816 4018 4634 8134 6678 4998 1708 6062 2394 5460 5656 6818 5152 3962 4018 6482 1750 798 5124 3542 
7800 7891 5746 2483 11193 3120 10049 7904 8385 8216 7124 6097 9386 3081 9594 2873 559 2314 4706 3224 689 8697 5148 5564 8944 6201 6227 10192 1716 2535 3432 9009 9256 3419 286 8541 4875 4160 6890 2106 5109 1833 8944 7254 9542 4160 6058 6526 9919 7917 
5460 2952 6420 7992 2688 10932 372 4464 6348 3120 5760 3528 3360 8688 1548 10800 8880 6972 6960 9936 8592 6192 4656 4632 2616 9108 4884 6696 7824 6828 6636 1692 2196 10464 8928 6288 4932 7284 2988 7572 8172 8700 6180 3660 3876 9000 4680 3132 2028 2616 
10440 4020 735 4560 7260 10845 8115 2550 11625 3960 10110 5610 4695 9390 8685 10575 7530 5595 9075 10440 7170 11745 3465 2760 4845 3720 1710 13215 5385 6000 3495 5700 5430 10905 7005 11700 6405 2685 4410 4935 10545 5565 11925 3105 10545 10485 7890 5760 6165 4410 
10114 6526 2821 2158 9620 7436 9815 5577 10998 6617 9607 6604 7423 7124 9971 7189 4797 4238 7852 7579 4602 11219 4667 4511 7423 1820 4303 12662 3250 4758 2821 7982 7891 7813 4134 11115 6422 1638 6305 3029 8788 2548 11427 5707 10972 8216 7904 6916 8567 6786 
9156 4044 984 3768 6480 8928 7344 2724 10104 3948 8868 5328 4416 7968 7824 8700 6276 4932 7908 8724 6012 10212 3564 3048 4644 2232 2244 11412 4572 5304 3204 5376 5112 9048 5796 10164 5868 2220 4404 4224 9036 4512 10356 3336 9312 8892 7104 5472 5676 4368 
11032 5180 1456 4354 8022 10402 9030 3640 12124 5082 10668 6608 5614 9408 9576 10136 7336 5880 9450 10234 7028 12264 4508 3934 5894 2142 3052 13678 5348 6342 3864 6748 6440 10584 6734 12208 7154 2590 5572 4970 10738 5180 12446 4368 11270 10500 8624 6790 7098 5572 
8008 8359 6201 2925 11648 2704 10452 8372 8528 8671 7306 6487 9854 3016 9958 2457 728 2743 4823 2964 988 8853 5603 6032 9399 6565 6695 10348 2197 2912 3900 9451 9711 3094 754 8684 5213 4602 7319 2574 5109 2210 9113 7722 9815 4043 6344 6916 10374 8372 
6015 9315 8580 5700 12765 3495 10455 10095 6375 9810 5160 6165 11250 465 9465 3405 3045 3600 2205 2040 3060 6795 6390 7140 10440 10185 8280 8475 4440 3135 5760 10095 10620 2700 3825 6585 4290 7215 7770 4740 2190 5415 7095 8880 8520 1350 4800 6615 11280 9150 
5071 6644 5698 3377 9295 2266 7832 7040 5434 6974 4455 4543 8030 847 7216 2145 1331 2057 2299 1540 1353 5720 4378 4884 7502 6677 5654 6974 2464 1826 3597 7348 7678 1958 1903 5577 3234 4587 5577 2728 2508 3113 5940 6248 6765 1771 3894 4895 8195 6567 
652 373 633 219 405 410 569 86 127 202 360 513 228 587 635 328 335 425 307 734 134 281 456 590 98 269 553 12 684 299 153 407 240 186 280 738 643 181 185 225 427 484 664 414 724 18 399 408 413 140 680 671 668 537 391 262 506 271 564 510 191 409 504 188 571 463 113 260 206 665 474 647 291 207 340 66 252 235 683 505 805 290 639 500 405 766 130 314 519 503 636 332 331 710 547 271 659 545 537 353 
136 294 620 443 228 360 541 587 478 551 330 472 497 728 173 213 308 710 285 506 552 365 88 717 636 336 628 542 154 355 657 207 332 457 262 271 103 402 452 337 365 589 515 235 511 558 694 137 344 474 148 131 275 447 156 278 62 581 131 494 476 551 197 516 202 729 435 425 641 173 263 254 291 650 307 477 288 523 572 419 530 337 112 100 213 508 594 371 227 132 492 495 209 265 60 269 134 768 102 216 
370 565 440 501 504 316 381 696 672 601 598 339 537 601 439 421 352 666 528 241 746 610 307 586 765 416 493 680 229 398 749 279 550 530 429 109 297 505 667 545 306 487 291 269 251 697 661 331 304 567 236 301 548 296 397 455 260 596 421 365 693 489 492 575 494 670 570 665 698 417 554 531 527 709 568 617 463 557 351 292 242 583 225 234 281 229 682 627 521 426 280 477 402 72 352 459 215 675 396 341 
584 663 185 416 618 226 140 613 670 484 689 137 427 358 640 489 320 466 600 106 734 670 434 342 689 382 254 625 466 340 645 327 593 449 461 365 515 458 687 580 209 270 45 295 93 642 468 429 228 495 472 528 745 99 499 486 413 451 600 155 712 302 644 471 669 459 534 713 571 630 690 724 591 582 654 575 490 436 102 128 186 647 447 375 323 146 583 698 676 583 24 332 465 328 530 500 445 445 567 383 
155 312 875 644 267 605 795 739 570 744 338 725 701 974 84 372 537 934 364 752 632 412 315 965 768 544 877 678 307 576 813 448 431 649 437 461 227 585 523 446 613 834 769 479 759 689 915 349 590 652 298 230 28 701 312 439 316 789 134 746 538 789 167 709 100 957 590 463 822 109 213 29 380 829 343 621 447 728 826 673 766 393 298 354 454 749 760 394 157 182 747 723 384 472 197 421 312 1005 171 434 
937 868 253 463 852 444 296 559 733 428 879 345 421 77 973 708 516 214 788 507 763 824 733 91 622 529 184 617 856 486 538 601 744 482 648 785 881 540 778 726 438 214 412 570 489 625 239 701 459 514 859 901 1062 384 752 662 741 358 914 320 796 266 919 448 967 177 593 838 447 977 937 1039 772 453 844 608 659 403 367 398 580 813 825 705 594 548 511 860 949 874 409 346 688 747 854 682 830 91 877 620 
300 68 795 468 68 502 713 517 328 551 90 639 522 850 246 212 410 766 141 746 385 166 260 845 534 388 768 449 416 432 590 360 205 462 268 546 337 396 277 223 515 712 730 393 747 458 744 256 490 452 408 359 238 630 186 257 301 608 192 653 291 651 98 517 156 796 378 215 614 286 35 220 158 620 100 399 261 547 779 595 784 151 382 332 365 757 545 146 92 149 703 573 234 540 232 236 403 858 192 313 
159 427 614 529 360 399 542 694 605 638 463 482 579 749 232 337 380 766 418 450 680 498 202 737 750 424 644 657 31 430 760 275 462 549 376 151 87 502 583 465 399 618 483 291 458 673 754 249 384 573 32 89 340 447 286 396 150 657 229 507 607 596 316 606 300 780 546 558 733 206 386 325 423 743 441 591 406 604 544 429 454 471 21 160 280 441 695 505 341 255 466 555 328 158 171 390 3 805 214 310 
734 444 678 280 481 478 620 89 185 232 428 569 274 610 715 410 410 432 383 799 157 348 539 615 27 345 591 82 767 370 117 487 317 246 363 819 725 255 242 303 494 522 724 492 788 66 406 491 482 202 763 754 744 597 473 345 589 295 644 563 240 448 581 230 648 470 194 316 199 746 546 723 368 195 411 148 335 274 737 567 872 360 722 583 485 833 134 377 594 583 697 379 414 790 629 354 741 556 618 435 
104 316 644 478 249 390 565 623 511 587 352 498 533 756 152 248 342 744 313 517 584 392 124 746 672 371 655 578 128 390 693 240 364 493 298 258 67 438 482 369 394 619 532 266 523 593 728 173 374 510 120 95 258 470 188 313 93 616 125 520 506 583 205 552 198 762 471 452 677 146 274 239 321 686 332 513 323 559 590 445 535 365 91 127 246 516 630 396 231 142 511 529 244 257 60 304 112 799 104 252 
657 401 581 173 426 371 519 50 175 145 394 465 174 530 647 331 305 369 330 692 191 317 452 533 107 241 498 45 677 264 123 387 263 140 276 719 642 152 231 246 387 429 619 389 682 56 343 403 375 95 674 670 689 492 396 263 499 214 575 461 240 354 524 133 590 406 104 303 156 674 500 667 313 159 369 69 253 180 635 461 765 321 632 489 384 726 80 351 541 515 591 279 331 689 552 276 650 488 546 339 
365 267 492 209 237 199 410 360 303 317 290 336 265 549 377 93 105 493 199 482 377 268 146 543 417 104 464 325 364 136 426 90 193 222 62 413 336 169 302 184 213 410 444 112 478 342 474 99 188 241 361 364 450 332 133 89 187 351 309 350 328 354 300 282 351 516 214 314 406 393 320 427 189 415 254 260 95 292 487 297 537 245 319 175 90 503 362 296 329 260 416 283 70 386 263 99 337 568 273 27 
17 354 733 571 289 485 656 707 578 679 388 590 626 851 92 327 438 840 371 588 649 442 216 840 751 465 748 657 135 485 778 336 429 584 383 289 56 527 543 438 489 714 613 362 596 672 824 263 469 599 126 59 199 560 263 395 189 711 119 613 564 679 214 644 176 858 554 502 767 64 286 185 382 776 376 594 405 653 673 536 596 417 128 223 342 581 717 439 231 170 593 625 327 300 106 383 140 895 127 345 
784 674 270 265 665 295 251 364 532 228 684 254 220 158 810 522 343 82 594 484 563 625 568 164 433 342 164 418 726 304 354 440 547 281 460 687 735 341 577 528 296 115 387 413 468 428 86 530 311 313 728 758 890 299 573 471 586 159 746 231 594 100 739 246 792 84 392 637 263 819 750 867 578 271 649 406 466 201 368 295 565 615 689 554 434 527 317 661 767 700 370 157 505 649 691 491 699 130 709 445 
386 42 763 398 105 471 682 419 223 469 21 609 448 796 342 186 372 693 76 748 279 60 285 792 431 335 723 348 481 383 491 350 117 386 222 595 409 322 171 136 486 662 718 380 746 357 669 262 462 368 473 434 344 607 195 202 336 530 279 620 185 595 193 437 257 725 290 111 523 380 141 326 88 528 23 305 203 471 762 571 796 51 441 358 353 765 451 44 196 224 690 513 209 582 300 183 463 793 268 292 
922 858 234 456 841 429 278 558 729 424 870 328 415 61 959 696 503 217 778 488 760 816 719 73 623 518 167 614 840 475 539 587 736 476 638 767 865 532 773 717 423 200 393 555 470 623 241 688 445 509 843 885 1048 366 740 652 726 355 900 303 791 255 907 444 954 180 587 831 448 962 926 1025 763 454 835 603 649 398 348 381 561 804 809 690 580 529 510 851 937 861 390 336 676 729 840 672 814 97 864 607 
730 712 77 351 684 251 75 514 636 371 730 128 333 145 773 540 342 272 636 303 685 688 538 130 589 377 40 550 639 329 523 407 606 381 490 564 669 420 670 589 241 84 204 374 285 564 281 513 265 424 643 688 868 163 573 509 537 315 719 106 692 154 737 374 778 257 489 716 436 772 766 845 623 446 693 519 508 328 175 182 381 672 610 500 401 346 473 722 769 685 195 229 517 526 654 528 614 231 682 440 
569 559 200 253 527 92 118 448 522 319 580 46 261 292 610 385 190 334 487 271 581 547 374 281 525 239 190 464 488 192 480 244 466 287 341 434 511 304 545 451 79 161 192 210 258 480 329 351 104 333 490 531 704 65 413 362 375 290 555 59 570 157 576 306 615 337 379 582 407 610 607 682 475 418 544 418 364 270 213 43 349 527 456 338 238 309 417 578 607 522 164 168 361 396 491 380 461 349 519 281 
687 520 396 114 521 260 344 195 355 53 524 306 58 333 699 388 251 190 439 549 386 459 466 336 270 218 306 242 662 200 207 356 385 116 323 661 651 182 402 366 271 237 462 340 535 252 166 421 272 138 661 677 766 343 447 326 498 29 630 294 418 165 606 70 665 224 219 465 129 716 604 742 422 140 492 229 319 32 466 320 627 453 620 474 350 587 153 495 631 577 438 110 375 625 586 346 634 299 595 337 
878 779 274 369 769 384 287 452 631 324 788 314 323 100 908 626 442 108 698 517 658 729 666 115 515 445 174 511 812 406 430 536 651 385 564 758 826 445 678 632 383 166 419 507 500 520 132 630 400 414 814 849 991 358 675 575 680 253 845 289 694 191 842 346 893 72 494 740 340 915 854 967 682 346 754 505 571 303 385 362 595 720 777 647 529 560 404 765 870 801 408 260 608 720 789 596 784 26 808 546 
704 688 86 335 660 226 56 504 619 362 707 102 320 168 747 516 318 279 613 289 669 667 512 154 580 355 61 537 613 307 517 381 585 365 467 540 643 401 651 568 215 84 190 348 271 551 286 488 240 409 617 662 842 138 548 486 511 309 693 80 673 146 712 362 752 268 472 696 431 746 742 819 600 441 671 503 486 317 168 156 368 650 584 473 375 331 464 700 743 660 177 215 493 502 628 505 588 249 657 415 
729 430 702 298 471 494 642 115 169 257 412 590 297 638 708 408 422 461 373 817 132 333 539 643 56 356 616 91 769 384 146 495 308 264 364 826 724 267 224 296 510 548 744 502 806 74 435 492 497 219 764 752 732 616 470 345 590 322 637 585 219 473 570 254 638 499 201 297 228 739 532 712 359 225 398 154 335 299 759 586 889 346 723 586 493 850 162 360 582 576 716 402 414 798 626 352 743 585 612 440 
344 390 410 296 342 153 330 483 456 402 420 260 341 517 385 224 143 519 336 341 529 413 158 506 549 201 415 463 279 193 541 63 344 322 216 279 288 290 456 337 155 380 323 52 340 480 506 152 137 355 279 310 483 237 223 242 149 413 334 281 482 350 368 373 398 533 352 464 500 385 412 460 331 510 385 399 250 364 374 208 388 388 240 112 63 357 473 436 400 308 296 307 201 247 267 251 251 563 298 127 
306 400 440 348 345 202 361 532 493 455 432 295 394 558 354 245 195 569 354 338 567 435 150 546 597 251 454 509 228 245 592 103 372 373 250 229 245 338 488 367 202 424 335 103 339 526 558 160 186 405 229 265 457 266 229 275 123 466 310 318 514 398 357 425 378 582 398 489 552 349 409 435 351 563 399 445 284 417 391 241 376 408 192 84 106 347 524 455 389 294 311 359 224 199 241 280 200 609 277 163 
70 286 701 508 221 438 622 637 505 614 322 553 563 807 92 256 381 784 299 579 577 372 155 797 680 402 708 586 169 426 708 284 357 519 314 313 86 460 471 366 444 668 593 313 585 600 767 199 423 531 160 109 197 527 192 324 143 649 66 574 493 629 156 579 138 804 483 432 700 96 229 177 310 709 307 523 334 590 651 500 597 346 142 181 290 578 648 370 179 103 571 569 258 315 35 312 161 845 58 284 
571 790 459 675 730 475 437 876 882 761 823 433 699 645 645 642 541 766 751 206 954 832 532 628 949 608 548 872 419 579 919 490 769 707 642 265 500 696 882 762 460 570 304 472 224 889 768 554 469 749 428 496 753 390 621 669 486 739 637 454 909 599 714 742 709 759 767 886 854 617 778 738 749 865 793 813 676 713 345 407 134 805 430 459 490 164 853 851 742 648 315 617 622 255 571 676 415 739 615 554 
267 438 485 432 377 279 413 614 563 539 472 353 477 620 329 303 279 647 405 339 638 487 181 608 678 334 514 588 158 329 675 184 433 456 320 148 198 420 552 430 276 491 360 187 345 605 636 210 263 488 161 211 437 318 272 344 133 549 300 378 578 473 366 509 373 658 476 544 636 314 427 417 405 646 443 523 353 500 419 299 359 460 131 108 187 338 608 503 396 301 341 439 285 122 230 346 133 679 273 237 
794 470 818 412 521 606 758 229 221 372 445 705 413 749 763 487 529 566 429 930 151 370 621 755 157 463 731 202 850 494 243 593 369 379 453 920 798 375 260 362 622 663 858 603 920 186 540 576 608 333 845 826 773 731 543 430 675 435 695 701 244 588 618 369 685 604 304 320 332 798 570 755 417 327 439 258 421 414 875 699 1001 390 805 675 592 962 274 389 625 635 830 518 496 894 694 433 826 690 674 535 
605 638 140 348 600 176 68 540 616 407 661 56 352 288 654 462 276 383 569 188 675 633 431 273 617 330 181 559 503 285 568 309 553 381 425 421 540 399 638 539 160 188 99 275 173 574 384 416 184 427 507 557 755 38 483 448 420 370 607 71 662 218 639 397 671 377 474 671 491 649 677 733 559 502 625 513 450 359 119 74 269 613 478 381 303 229 508 664 670 581 75 253 439 383 539 465 479 368 572 356 
576 541 221 216 513 83 143 408 489 278 560 78 221 286 612 369 171 304 466 311 546 522 373 276 485 212 190 426 504 164 439 240 441 249 320 461 521 270 515 425 76 148 231 208 299 442 298 345 98 294 506 542 703 106 403 340 379 250 554 80 539 127 568 266 610 311 345 555 367 615 595 680 454 378 524 382 340 230 248 82 389 504 469 343 234 349 377 555 598 518 204 128 346 423 492 359 477 332 518 269 
478 553 270 354 507 154 199 555 583 440 581 149 378 414 531 382 231 478 494 183 650 567 322 400 629 297 307 556 371 262 598 218 492 386 360 295 411 381 593 481 139 297 158 188 179 572 473 317 149 429 376 426 635 107 388 386 301 423 489 175 619 301 531 420 556 480 455 613 534 523 578 614 486 546 546 499 391 393 212 102 245 543 347 262 214 208 532 593 563 470 133 301 358 257 419 398 348 485 455 277 
140 207 709 469 142 431 628 579 434 571 242 556 525 799 118 201 359 756 225 615 504 295 142 790 617 367 704 524 243 398 652 273 287 475 264 378 164 413 397 297 440 659 616 306 618 537 737 171 416 482 235 188 189 536 137 270 159 613 46 575 417 611 85 536 98 779 427 354 652 146 154 166 237 660 229 462 279 552 671 506 642 270 210 196 280 619 595 292 114 24 592 545 209 375 59 254 231 828 20 256 
89 256 726 510 192 456 646 628 486 615 290 576 567 826 74 248 392 793 277 614 556 346 167 816 668 406 728 574 208 435 701 299 338 519 310 352 124 458 448 349 464 686 624 331 619 588 775 205 441 528 199 144 167 552 184 317 167 653 26 596 469 643 119 579 99 815 475 405 698 95 191 145 289 706 279 512 327 593 680 524 634 321 182 206 306 614 643 341 140 73 601 580 254 355 48 303 201 860 33 291 
918 823 285 413 813 423 309 492 674 366 832 344 367 99 949 669 484 144 743 534 700 773 707 116 554 489 194 553 847 449 467 576 695 429 608 789 865 489 721 676 420 199 437 547 516 561 170 672 439 458 850 886 1033 386 718 619 720 296 887 318 738 232 885 389 936 106 538 784 378 956 898 1009 727 383 798 549 615 346 398 394 611 764 814 686 570 577 444 809 913 843 429 304 651 751 829 640 821 20 850 588 
714 721 39 382 689 255 46 555 665 413 742 119 370 189 761 547 352 326 648 251 717 705 532 172 631 394 91 587 614 346 569 404 623 413 501 529 650 446 694 607 241 135 154 370 234 601 334 512 266 458 618 667 859 141 575 522 525 361 710 104 718 198 736 413 772 311 518 737 483 757 769 837 636 493 705 551 523 369 121 168 329 687 588 487 398 294 516 738 768 681 148 265 524 491 644 541 590 281 675 444 
733 438 690 289 477 486 631 102 179 244 421 580 286 624 713 410 417 446 380 808 145 342 540 629 40 351 603 86 769 378 130 492 313 255 365 823 726 262 234 301 503 535 734 498 798 69 420 492 490 211 765 754 739 607 472 346 591 308 642 574 231 461 577 242 644 484 198 308 213 744 540 719 365 209 406 151 336 287 748 577 881 355 724 585 490 842 148 370 589 581 707 390 415 795 629 354 743 570 616 438 
485 370 403 99 352 130 325 289 314 208 385 256 149 433 501 207 55 367 291 453 377 342 264 428 359 30 356 280 461 18 343 155 260 124 148 477 448 104 335 243 147 296 393 145 445 297 349 221 129 160 460 474 576 267 257 164 294 231 434 262 360 234 423 176 477 391 178 373 303 515 436 552 277 314 349 223 162 174 422 232 521 325 418 272 150 483 276 375 451 385 364 158 189 444 385 184 433 445 398 135 
482 620 314 460 566 261 263 661 678 547 651 236 485 484 546 457 331 572 569 122 748 646 370 468 735 397 378 659 351 366 705 294 576 492 445 237 411 484 684 568 246 383 161 271 128 676 571 379 254 535 358 419 654 191 450 472 336 529 516 260 710 399 574 527 588 571 556 696 641 530 629 635 564 652 617 602 478 500 222 199 156 621 339 301 293 126 639 669 605 510 153 406 434 202 445 482 334 565 486 358 
243 263 547 333 207 267 465 482 393 441 295 393 388 636 264 126 203 605 225 475 468 307 23 627 535 226 541 441 244 248 550 110 255 348 160 319 210 294 376 255 276 496 463 142 476 457 588 33 252 366 239 238 352 375 93 180 65 472 203 412 402 452 227 407 261 626 332 364 532 274 272 329 225 541 264 376 190 414 515 343 514 280 198 71 116 486 487 323 259 169 437 391 113 300 146 176 218 669 167 107 
577 620 168 349 580 166 98 545 610 415 645 70 358 317 628 445 265 405 554 175 671 620 407 302 622 322 210 559 474 278 576 288 541 383 411 391 512 395 629 527 149 213 97 254 162 575 406 394 171 428 478 528 729 31 462 435 394 383 581 91 654 236 616 403 646 402 471 660 502 622 656 707 544 513 609 511 438 367 132 63 254 598 449 355 283 214 514 649 648 557 68 263 421 353 513 450 450 395 547 338 
796 616 427 221 622 356 393 225 423 125 616 373 165 314 807 493 358 126 536 616 438 547 575 323 284 326 324 291 769 308 198 463 478 217 428 761 759 283 476 458 365 265 523 446 601 297 100 529 369 226 768 786 871 414 553 429 606 80 737 356 488 209 710 159 770 164 305 545 108 824 705 848 519 113 586 301 422 138 515 398 696 544 727 582 457 657 177 583 734 683 502 194 481 724 694 449 740 250 702 445 
652 717 125 437 675 263 108 627 704 491 742 143 439 309 708 542 362 441 651 130 764 717 496 292 704 418 212 647 535 373 652 382 638 470 508 431 584 488 725 625 246 244 34 349 112 663 446 487 268 516 541 597 812 123 556 532 478 450 666 150 750 291 706 484 733 429 563 757 572 698 749 790 641 583 706 602 535 444 36 159 208 696 516 439 378 172 593 747 738 646 44 338 518 395 596 548 514 403 632 435 
733 428 722 315 471 510 661 135 167 277 409 608 316 658 710 415 437 481 375 834 121 330 547 663 74 371 636 106 776 400 165 507 310 282 373 837 730 282 220 299 527 567 761 514 823 90 455 500 513 236 772 758 731 634 475 353 599 342 639 604 213 493 571 273 638 519 213 291 248 742 530 712 361 244 396 166 343 318 777 603 905 345 731 596 505 866 182 356 581 578 734 421 421 809 630 359 751 605 615 451 
176 345 569 432 281 323 492 593 506 542 380 425 484 686 227 237 287 684 325 445 581 407 102 675 648 326 584 555 130 337 660 182 364 451 274 217 118 402 485 366 326 550 457 204 450 571 670 147 307 473 127 142 333 396 190 294 48 565 193 448 510 519 259 509 265 700 444 466 635 220 323 313 328 645 355 489 304 510 515 372 467 379 85 64 188 446 595 417 289 194 436 469 226 207 122 289 104 733 165 210 
568 235 764 349 290 497 690 277 67 376 210 624 381 750 532 287 401 607 204 812 88 136 420 751 263 341 700 203 641 386 340 429 157 323 277 732 580 279 37 159 514 632 760 450 806 203 581 381 493 286 635 607 538 636 332 250 474 445 466 627 11 558 385 352 451 643 211 86 397 568 335 520 196 398 205 193 243 397 791 600 873 158 598 484 430 837 320 154 390 407 731 474 304 712 473 244 620 722 448 365 
835 693 351 282 691 359 336 331 521 213 698 335 229 213 855 554 390 18 612 568 542 632 616 224 392 376 245 394 789 345 306 493 558 290 489 759 791 354 571 539 363 200 471 469 552 401 8 574 375 310 789 815 929 380 609 495 639 146 788 313 585 173 772 241 829 56 391 637 216 868 775 905 595 221 665 396 490 204 452 372 649 627 750 610 486 611 283 669 799 738 454 204 538 722 738 516 761 142 752 488 
527 328 496 87 332 243 423 191 207 165 334 359 135 493 527 207 162 380 248 567 265 273 313 491 254 96 434 168 533 129 256 240 195 74 144 572 504 12 238 176 260 367 503 243 558 186 357 264 243 73 530 532 584 376 271 140 356 219 456 361 260 295 421 130 483 412 65 289 243 549 414 561 231 252 301 109 132 159 529 342 635 264 488 343 237 597 193 309 444 399 475 210 200 542 422 159 506 481 423 193 
346 235 525 232 204 232 443 368 291 337 259 369 288 582 352 60 138 521 168 508 365 241 132 575 421 131 497 327 358 167 437 111 170 241 48 419 323 183 283 163 246 442 474 138 505 344 501 83 221 254 354 351 422 364 102 72 179 376 283 383 310 386 269 302 322 546 217 290 423 371 287 398 160 432 223 262 81 315 518 329 561 217 312 174 113 528 374 267 297 231 446 313 37 395 242 77 331 599 248 49 
106 252 778 548 195 506 698 654 498 650 284 627 605 875 47 279 437 836 289 666 565 349 216 865 689 447 778 596 248 478 728 348 354 554 343 397 163 492 456 366 513 735 677 380 672 609 817 249 490 560 239 177 115 604 217 347 220 692 34 647 475 689 102 615 55 859 502 405 730 86 171 93 303 738 279 536 356 632 733 575 686 326 227 258 354 666 672 338 112 89 654 624 289 402 101 331 245 906 71 335 
151 263 624 424 197 354 543 562 448 531 298 473 479 724 174 185 295 698 253 522 522 333 69 714 609 317 626 515 186 340 632 198 301 436 237 300 130 379 420 306 361 584 525 229 526 530 681 115 339 451 179 158 269 450 125 250 67 564 121 494 444 543 174 496 188 718 409 393 619 182 236 247 259 628 275 450 261 505 581 421 550 305 144 105 205 526 570 339 205 109 502 483 182 292 55 241 166 760 86 198 
5216 2984 5064 1752 3240 3280 4552 688 1016 1616 2880 4104 1824 4696 5080 2624 2680 3400 2456 5872 1072 2248 3648 4720 784 2152 4424 96 5472 2392 1224 3256 1920 1488 2240 5904 5144 1448 1480 1800 3416 3872 5312 3312 5792 144 3192 3264 3304 1120 5440 5368 5344 4296 3128 2096 4048 2168 4512 4080 1528 3272 4032 1504 4568 3704 904 2080 1648 5320 3792 5176 2328 1656 2720 528 2016 1880 5464 4040 6440 2320 5112 4000 3240 6128 1040 2512 4152 4024 5088 2656 2648 5680 4376 2168 5272 4360 4296 2824 
680 1470 3100 2215 1140 1800 2705 2935 2390 2755 1650 2360 2485 3640 865 1065 1540 3550 1425 2530 2760 1825 440 3585 3180 1680 3140 2710 770 1775 3285 1035 1660 2285 1310 1355 515 2010 2260 1685 1825 2945 2575 1175 2555 2790 3470 685 1720 2370 740 655 1375 2235 780 1390 310 2905 655 2470 2380 2755 985 2580 1010 3645 2175 2125 3205 865 1315 1270 1455 3250 1535 2385 1440 2615 2860 2095 2650 1685 560 500 1065 2540 2970 1855 1135 660 2460 2475 1045 1325 300 1345 670 3840 510 1080 
2590 3955 3080 3507 3528 2212 2667 4872 4704 4207 4186 2373 3759 4207 3073 2947 2464 4662 3696 1687 5222 4270 2149 4102 5355 2912 3451 4760 1603 2786 5243 1953 3850 3710 3003 763 2079 3535 4669 3815 2142 3409 2037 1883 1757 4879 4627 2317 2128 3969 1652 2107 3836 2072 2779 3185 1820 4172 2947 2555 4851 3423 3444 4025 3458 4690 3990 4655 4886 2919 3878 3717 3689 4963 3976 4319 3241 3899 2457 2044 1694 4081 1575 1638 1967 1603 4774 4389 3647 2982 1960 3339 2814 504 2464 3213 1505 4725 2772 2387 
5840 6630 1850 4160 6180 2260 1400 6130 6700 4840 6890 1370 4270 3580 6400 4890 3200 4660 6000 1060 7340 6700 4340 3420 6890 3820 2540 6250 4660 3400 6450 3270 5930 4490 4610 3650 5150 4580 6870 5800 2090 2700 450 2950 930 6420 4680 4290 2280 4950 4720 5280 7450 990 4990 4860 4130 4510 6000 1550 7120 3020 6440 4710 6690 4590 5340 7130 5710 6300 6900 7240 5910 5820 6540 5750 4900 4360 1020 1280 1860 6470 4470 3750 3230 1460 5830 6980 6760 5830 240 3320 4650 3280 5300 5000 4450 4450 5670 3830 
1395 2808 7875 5796 2403 5445 7155 6651 5130 6696 3042 6525 6309 8766 756 3348 4833 8406 3276 6768 5688 3708 2835 8685 6912 4896 7893 6102 2763 5184 7317 4032 3879 5841 3933 4149 2043 5265 4707 4014 5517 7506 6921 4311 6831 6201 8235 3141 5310 5868 2682 2070 252 6309 2808 3951 2844 7101 1206 6714 4842 7101 1503 6381 900 8613 5310 4167 7398 981 1917 261 3420 7461 3087 5589 4023 6552 7434 6057 6894 3537 2682 3186 4086 6741 6840 3546 1413 1638 6723 6507 3456 4248 1773 3789 2808 9045 1539 3906 
8433 7812 2277 4167 7668 3996 2664 5031 6597 3852 7911 3105 3789 693 8757 6372 4644 1926 7092 4563 6867 7416 6597 819 5598 4761 1656 5553 7704 4374 4842 5409 6696 4338 5832 7065 7929 4860 7002 6534 3942 1926 3708 5130 4401 5625 2151 6309 4131 4626 7731 8109 9558 3456 6768 5958 6669 3222 8226 2880 7164 2394 8271 4032 8703 1593 5337 7542 4023 8793 8433 9351 6948 4077 7596 5472 5931 3627 3303 3582 5220 7317 7425 6345 5346 4932 4599 7740 8541 7866 3681 3114 6192 6723 7686 6138 7470 819 7893 5580 
1500 340 3975 2340 340 2510 3565 2585 1640 2755 450 3195 2610 4250 1230 1060 2050 3830 705 3730 1925 830 1300 4225 2670 1940 3840 2245 2080 2160 2950 1800 1025 2310 1340 2730 1685 1980 1385 1115 2575 3560 3650 1965 3735 2290 3720 1280 2450 2260 2040 1795 1190 3150 930 1285 1505 3040 960 3265 1455 3255 490 2585 780 3980 1890 1075 3070 1430 175 1100 790 3100 500 1995 1305 2735 3895 2975 3920 755 1910 1660 1825 3785 2725 730 460 745 3515 2865 1170 2700 1160 1180 2015 4290 960 1565 
1590 4270 6140 5290 3600 3990 5420 6940 6050 6380 4630 4820 5790 7490 2320 3370 3800 7660 4180 4500 6800 4980 2020 7370 7500 4240 6440 6570 310 4300 7600 2750 4620 5490 3760 1510 870 5020 5830 4650 3990 6180 4830 2910 4580 6730 7540 2490 3840 5730 320 890 3400 4470 2860 3960 1500 6570 2290 5070 6070 5960 3160 6060 3000 7800 5460 5580 7330 2060 3860 3250 4230 7430 4410 5910 4060 6040 5440 4290 4540 4710 210 1600 2800 4410 6950 5050 3410 2550 4660 5550 3280 1580 1710 3900 30 8050 2140 3100 
3670 2220 3390 1400 2405 2390 3100 445 925 1160 2140 2845 1370 3050 3575 2050 2050 2160 1915 3995 785 1740 2695 3075 135 1725 2955 410 3835 1850 585 2435 1585 1230 1815 4095 3625 1275 1210 1515 2470 2610 3620 2460 3940 330 2030 2455 2410 1010 3815 3770 3720 2985 2365 1725 2945 1475 3220 2815 1200 2240 2905 1150 3240 2350 970 1580 995 3730 2730 3615 1840 975 2055 740 1675 1370 3685 2835 4360 1800 3610 2915 2425 4165 670 1885 2970 2915 3485 1895 2070 3950 3145 1770 3705 2780 3090 2175 
728 2212 4508 3346 1743 2730 3955 4361 3577 4109 2464 3486 3731 5292 1064 1736 2394 5208 2191 3619 4088 2744 868 5222 4704 2597 4585 4046 896 2730 4851 1680 2548 3451 2086 1806 469 3066 3374 2583 2758 4333 3724 1862 3661 4151 5096 1211 2618 3570 840 665 1806 3290 1316 2191 651 4312 875 3640 3542 4081 1435 3864 1386 5334 3297 3164 4739 1022 1918 1673 2247 4802 2324 3591 2261 3913 4130 3115 3745 2555 637 889 1722 3612 4410 2772 1617 994 3577 3703 1708 1799 420 2128 784 5593 728 1764 
5256 3208 4648 1384 3408 2968 4152 400 1400 1160 3152 3720 1392 4240 5176 2648 2440 2952 2640 5536 1528 2536 3616 4264 856 1928 3984 360 5416 2112 984 3096 2104 1120 2208 5752 5136 1216 1848 1968 3096 3432 4952 3112 5456 448 2744 3224 3000 760 5392 5360 5512 3936 3168 2104 3992 1712 4600 3688 1920 2832 4192 1064 4720 3248 832 2424 1248 5392 4000 5336 2504 1272 2952 552 2024 1440 5080 3688 6120 2568 5056 3912 3072 5808 640 2808 4328 4120 4728 2232 2648 5512 4416 2208 5200 3904 4368 2712 
2555 1869 3444 1463 1659 1393 2870 2520 2121 2219 2030 2352 1855 3843 2639 651 735 3451 1393 3374 2639 1876 1022 3801 2919 728 3248 2275 2548 952 2982 630 1351 1554 434 2891 2352 1183 2114 1288 1491 2870 3108 784 3346 2394 3318 693 1316 1687 2527 2548 3150 2324 931 623 1309 2457 2163 2450 2296 2478 2100 1974 2457 3612 1498 2198 2842 2751 2240 2989 1323 2905 1778 1820 665 2044 3409 2079 3759 1715 2233 1225 630 3521 2534 2072 2303 1820 2912 1981 490 2702 1841 693 2359 3976 1911 189 
153 3186 6597 5139 2601 4365 5904 6363 5202 6111 3492 5310 5634 7659 828 2943 3942 7560 3339 5292 5841 3978 1944 7560 6759 4185 6732 5913 1215 4365 7002 3024 3861 5256 3447 2601 504 4743 4887 3942 4401 6426 5517 3258 5364 6048 7416 2367 4221 5391 1134 531 1791 5040 2367 3555 1701 6399 1071 5517 5076 6111 1926 5796 1584 7722 4986 4518 6903 576 2574 1665 3438 6984 3384 5346 3645 5877 6057 4824 5364 3753 1152 2007 3078 5229 6453 3951 2079 1530 5337 5625 2943 2700 954 3447 1260 8055 1143 3105 
7056 6066 2430 2385 5985 2655 2259 3276 4788 2052 6156 2286 1980 1422 7290 4698 3087 738 5346 4356 5067 5625 5112 1476 3897 3078 1476 3762 6534 2736 3186 3960 4923 2529 4140 6183 6615 3069 5193 4752 2664 1035 3483 3717 4212 3852 774 4770 2799 2817 6552 6822 8010 2691 5157 4239 5274 1431 6714 2079 5346 900 6651 2214 7128 756 3528 5733 2367 7371 6750 7803 5202 2439 5841 3654 4194 1809 3312 2655 5085 5535 6201 4986 3906 4743 2853 5949 6903 6300 3330 1413 4545 5841 6219 4419 6291 1170 6381 4005 
3860 420 7630 3980 1050 4710 6820 4190 2230 4690 210 6090 4480 7960 3420 1860 3720 6930 760 7480 2790 600 2850 7920 4310 3350 7230 3480 4810 3830 4910 3500 1170 3860 2220 5950 4090 3220 1710 1360 4860 6620 7180 3800 7460 3570 6690 2620 4620 3680 4730 4340 3440 6070 1950 2020 3360 5300 2790 6200 1850 5950 1930 4370 2570 7250 2900 1110 5230 3800 1410 3260 880 5280 230 3050 2030 4710 7620 5710 7960 510 4410 3580 3530 7650 4510 440 1960 2240 6900 5130 2090 5820 3000 1830 4630 7930 2680 2920 
6454 6006 1638 3192 5887 3003 1946 3906 5103 2968 6090 2296 2905 427 6713 4872 3521 1519 5446 3416 5320 5712 5033 511 4361 3626 1169 4298 5880 3325 3773 4109 5152 3332 4466 5369 6055 3724 5411 5019 2961 1400 2751 3885 3290 4361 1687 4816 3115 3563 5901 6195 7336 2562 5180 4564 5082 2485 6300 2121 5537 1785 6349 3108 6678 1260 4109 5817 3136 6734 6482 7175 5341 3178 5845 4221 4543 2786 2436 2667 3927 5628 5663 4830 4060 3703 3570 5957 6559 6027 2730 2352 4732 5103 5880 4704 5698 679 6048 4249 
5110 4984 539 2457 4788 1757 525 3598 4452 2597 5110 896 2331 1015 5411 3780 2394 1904 4452 2121 4795 4816 3766 910 4123 2639 280 3850 4473 2303 3661 2849 4242 2667 3430 3948 4683 2940 4690 4123 1687 588 1428 2618 1995 3948 1967 3591 1855 2968 4501 4816 6076 1141 4011 3563 3759 2205 5033 742 4844 1078 5159 2618 5446 1799 3423 5012 3052 5404 5362 5915 4361 3122 4851 3633 3556 2296 1225 1274 2667 4704 4270 3500 2807 2422 3311 5054 5383 4795 1365 1603 3619 3682 4578 3696 4298 1617 4774 3080 
2845 2795 1000 1265 2635 460 590 2240 2610 1595 2900 230 1305 1460 3050 1925 950 1670 2435 1355 2905 2735 1870 1405 2625 1195 950 2320 2440 960 2400 1220 2330 1435 1705 2170 2555 1520 2725 2255 395 805 960 1050 1290 2400 1645 1755 520 1665 2450 2655 3520 325 2065 1810 1875 1450 2775 295 2850 785 2880 1530 3075 1685 1895 2910 2035 3050 3035 3410 2375 2090 2720 2090 1820 1350 1065 215 1745 2635 2280 1690 1190 1545 2085 2890 3035 2610 820 840 1805 1980 2455 1900 2305 1745 2595 1405 
4809 3640 2772 798 3647 1820 2408 1365 2485 371 3668 2142 406 2331 4893 2716 1757 1330 3073 3843 2702 3213 3262 2352 1890 1526 2142 1694 4634 1400 1449 2492 2695 812 2261 4627 4557 1274 2814 2562 1897 1659 3234 2380 3745 1764 1162 2947 1904 966 4627 4739 5362 2401 3129 2282 3486 203 4410 2058 2926 1155 4242 490 4655 1568 1533 3255 903 5012 4228 5194 2954 980 3444 1603 2233 224 3262 2240 4389 3171 4340 3318 2450 4109 1071 3465 4417 4039 3066 770 2625 4375 4102 2422 4438 2093 4165 2359 
4390 3895 1370 1845 3845 1920 1435 2260 3155 1620 3940 1570 1615 500 4540 3130 2210 540 3490 2585 3290 3645 3330 575 2575 2225 870 2555 4060 2030 2150 2680 3255 1925 2820 3790 4130 2225 3390 3160 1915 830 2095 2535 2500 2600 660 3150 2000 2070 4070 4245 4955 1790 3375 2875 3400 1265 4225 1445 3470 955 4210 1730 4465 360 2470 3700 1700 4575 4270 4835 3410 1730 3770 2525 2855 1515 1925 1810 2975 3600 3885 3235 2645 2800 2020 3825 4350 4005 2040 1300 3040 3600 3945 2980 3920 130 4040 2730 
4928 4816 602 2345 4620 1582 392 3528 4333 2534 4949 714 2240 1176 5229 3612 2226 1953 4291 2023 4683 4669 3584 1078 4060 2485 427 3759 4291 2149 3619 2667 4095 2555 3269 3780 4501 2807 4557 3976 1505 588 1330 2436 1897 3857 2002 3416 1680 2863 4319 4634 5894 966 3836 3402 3577 2163 4851 560 4711 1022 4984 2534 5264 1876 3304 4872 3017 5222 5194 5733 4200 3087 4697 3521 3402 2219 1176 1092 2576 4550 4088 3311 2625 2317 3248 4900 5201 4620 1239 1505 3451 3514 4396 3535 4116 1743 4599 2905 
4374 2580 4212 1788 2826 2964 3852 690 1014 1542 2472 3540 1782 3828 4248 2448 2532 2766 2238 4902 792 1998 3234 3858 336 2136 3696 546 4614 2304 876 2970 1848 1584 2184 4956 4344 1602 1344 1776 3060 3288 4464 3012 4836 444 2610 2952 2982 1314 4584 4512 4392 3696 2820 2070 3540 1932 3822 3510 1314 2838 3420 1524 3828 2994 1206 1782 1368 4434 3192 4272 2154 1350 2388 924 2010 1794 4554 3516 5334 2076 4338 3516 2958 5100 972 2160 3492 3456 4296 2412 2484 4788 3756 2112 4458 3510 3672 2640 
1720 1950 2050 1480 1710 765 1650 2415 2280 2010 2100 1300 1705 2585 1925 1120 715 2595 1680 1705 2645 2065 790 2530 2745 1005 2075 2315 1395 965 2705 315 1720 1610 1080 1395 1440 1450 2280 1685 775 1900 1615 260 1700 2400 2530 760 685 1775 1395 1550 2415 1185 1115 1210 745 2065 1670 1405 2410 1750 1840 1865 1990 2665 1760 2320 2500 1925 2060 2300 1655 2550 1925 1995 1250 1820 1870 1040 1940 1940 1200 560 315 1785 2365 2180 2000 1540 1480 1535 1005 1235 1335 1255 1255 2815 1490 635 
3060 4000 4400 3480 3450 2020 3610 5320 4930 4550 4320 2950 3940 5580 3540 2450 1950 5690 3540 3380 5670 4350 1500 5460 5970 2510 4540 5090 2280 2450 5920 1030 3720 3730 2500 2290 2450 3380 4880 3670 2020 4240 3350 1030 3390 5260 5580 1600 1860 4050 2290 2650 4570 2660 2290 2750 1230 4660 3100 3180 5140 3980 3570 4250 3780 5820 3980 4890 5520 3490 4090 4350 3510 5630 3990 4450 2840 4170 3910 2410 3760 4080 1920 840 1060 3470 5240 4550 3890 2940 3110 3590 2240 1990 2410 2800 2000 6090 2770 1630 
420 1716 4206 3048 1326 2628 3732 3822 3030 3684 1932 3318 3378 4842 552 1536 2286 4704 1794 3474 3462 2232 930 4782 4080 2412 4248 3516 1014 2556 4248 1704 2142 3114 1884 1878 516 2760 2826 2196 2664 4008 3558 1878 3510 3600 4602 1194 2538 3186 960 654 1182 3162 1152 1944 858 3894 396 3444 2958 3774 936 3474 828 4824 2898 2592 4200 576 1374 1062 1860 4254 1842 3138 2004 3540 3906 3000 3582 2076 852 1086 1740 3468 3888 2220 1074 618 3426 3414 1548 1890 210 1872 966 5070 348 1704 
4568 6320 3672 5400 5840 3800 3496 7008 7056 6088 6584 3464 5592 5160 5160 5136 4328 6128 6008 1648 7632 6656 4256 5024 7592 4864 4384 6976 3352 4632 7352 3920 6152 5656 5136 2120 4000 5568 7056 6096 3680 4560 2432 3776 1792 7112 6144 4432 3752 5992 3424 3968 6024 3120 4968 5352 3888 5912 5096 3632 7272 4792 5712 5936 5672 6072 6136 7088 6832 4936 6224 5904 5992 6920 6344 6504 5408 5704 2760 3256 1072 6440 3440 3672 3920 1312 6824 6808 5936 5184 2520 4936 4976 2040 4568 5408 3320 5912 4920 4432 
2670 4380 4850 4320 3770 2790 4130 6140 5630 5390 4720 3530 4770 6200 3290 3030 2790 6470 4050 3390 6380 4870 1810 6080 6780 3340 5140 5880 1580 3290 6750 1840 4330 4560 3200 1480 1980 4200 5520 4300 2760 4910 3600 1870 3450 6050 6360 2100 2630 4880 1610 2110 4370 3180 2720 3440 1330 5490 3000 3780 5780 4730 3660 5090 3730 6580 4760 5440 6360 3140 4270 4170 4050 6460 4430 5230 3530 5000 4190 2990 3590 4600 1310 1080 1870 3380 6080 5030 3960 3010 3410 4390 2850 1220 2300 3460 1330 6790 2730 2370 
7146 4230 7362 3708 4689 5454 6822 2061 1989 3348 4005 6345 3717 6741 6867 4383 4761 5094 3861 8370 1359 3330 5589 6795 1413 4167 6579 1818 7650 4446 2187 5337 3321 3411 4077 8280 7182 3375 2340 3258 5598 5967 7722 5427 8280 1674 4860 5184 5472 2997 7605 7434 6957 6579 4887 3870 6075 3915 6255 6309 2196 5292 5562 3321 6165 5436 2736 2880 2988 7182 5130 6795 3753 2943 3951 2322 3789 3726 7875 6291 9009 3510 7245 6075 5328 8658 2466 3501 5625 5715 7470 4662 4464 8046 6246 3897 7434 6210 6066 4815 
5445 5742 1260 3132 5400 1584 612 4860 5544 3663 5949 504 3168 2592 5886 4158 2484 3447 5121 1692 6075 5697 3879 2457 5553 2970 1629 5031 4527 2565 5112 2781 4977 3429 3825 3789 4860 3591 5742 4851 1440 1692 891 2475 1557 5166 3456 3744 1656 3843 4563 5013 6795 342 4347 4032 3780 3330 5463 639 5958 1962 5751 3573 6039 3393 4266 6039 4419 5841 6093 6597 5031 4518 5625 4617 4050 3231 1071 666 2421 5517 4302 3429 2727 2061 4572 5976 6030 5229 675 2277 3951 3447 4851 4185 4311 3312 5148 3204 
2880 2705 1105 1080 2565 415 715 2040 2445 1390 2800 390 1105 1430 3060 1845 855 1520 2330 1555 2730 2610 1865 1380 2425 1060 950 2130 2520 820 2195 1200 2205 1245 1600 2305 2605 1350 2575 2125 380 740 1155 1040 1495 2210 1490 1725 490 1470 2530 2710 3515 530 2015 1700 1895 1250 2770 400 2695 635 2840 1330 3050 1555 1725 2775 1835 3075 2975 3400 2270 1890 2620 1910 1700 1150 1240 410 1945 2520 2345 1715 1170 1745 1885 2775 2990 2590 1020 640 1730 2115 2460 1795 2385 1660 2590 1345 
2390 2765 1350 1770 2535 770 995 2775 2915 2200 2905 745 1890 2070 2655 1910 1155 2390 2470 915 3250 2835 1610 2000 3145 1485 1535 2780 1855 1310 2990 1090 2460 1930 1800 1475 2055 1905 2965 2405 695 1485 790 940 895 2860 2365 1585 745 2145 1880 2130 3175 535 1940 1930 1505 2115 2445 875 3095 1505 2655 2100 2780 2400 2275 3065 2670 2615 2890 3070 2430 2730 2730 2495 1955 1965 1060 510 1225 2715 1735 1310 1070 1040 2660 2965 2815 2350 665 1505 1790 1285 2095 1990 1740 2425 2275 1385 
700 1035 3545 2345 710 2155 3140 2895 2170 2855 1210 2780 2625 3995 590 1005 1795 3780 1125 3075 2520 1475 710 3950 3085 1835 3520 2620 1215 1990 3260 1365 1435 2375 1320 1890 820 2065 1985 1485 2200 3295 3080 1530 3090 2685 3685 855 2080 2410 1175 940 945 2680 685 1350 795 3065 230 2875 2085 3055 425 2680 490 3895 2135 1770 3260 730 770 830 1185 3300 1145 2310 1395 2760 3355 2530 3210 1350 1050 980 1400 3095 2975 1460 570 120 2960 2725 1045 1875 295 1270 1155 4140 100 1280 
890 2560 7260 5100 1920 4560 6460 6280 4860 6150 2900 5760 5670 8260 740 2480 3920 7930 2770 6140 5560 3460 1670 8160 6680 4060 7280 5740 2080 4350 7010 2990 3380 5190 3100 3520 1240 4580 4480 3490 4640 6860 6240 3310 6190 5880 7750 2050 4410 5280 1990 1440 1670 5520 1840 3170 1670 6530 260 5960 4690 6430 1190 5790 990 8150 4750 4050 6980 950 1910 1450 2890 7060 2790 5120 3270 5930 6800 5240 6340 3210 1820 2060 3060 6140 6430 3410 1400 730 6010 5800 2540 3550 480 3030 2010 8600 330 2910 
7344 6584 2280 3304 6504 3384 2472 3936 5392 2928 6656 2752 2936 792 7592 5352 3872 1152 5944 4272 5600 6184 5656 928 4432 3912 1552 4424 6776 3592 3736 4608 5560 3432 4864 6312 6920 3912 5768 5408 3360 1592 3496 4376 4128 4488 1360 5376 3512 3664 6800 7088 8264 3088 5744 4952 5760 2368 7096 2544 5904 1856 7080 3112 7488 848 4304 6272 3024 7648 7184 8072 5816 3064 6384 4392 4920 2768 3184 3152 4888 6112 6512 5488 4560 4616 3552 6472 7304 6744 3432 2432 5208 6008 6632 5120 6568 160 6800 4704 
7140 7210 390 3820 6890 2550 460 5550 6650 4130 7420 1190 3700 1890 7610 5470 3520 3260 6480 2510 7170 7050 5320 1720 6310 3940 910 5870 6140 3460 5690 4040 6230 4130 5010 5290 6500 4460 6940 6070 2410 1350 1540 3700 2340 6010 3340 5120 2660 4580 6180 6670 8590 1410 5750 5220 5250 3610 7100 1040 7180 1980 7360 4130 7720 3110 5180 7370 4830 7570 7690 8370 6360 4930 7050 5510 5230 3690 1210 1680 3290 6870 5880 4870 3980 2940 5160 7380 7680 6810 1480 2650 5240 4910 6440 5410 5900 2810 6750 4440 
4398 2628 4140 1734 2862 2916 3786 612 1074 1464 2526 3480 1716 3744 4278 2460 2502 2676 2280 4848 870 2052 3240 3774 240 2106 3618 516 4614 2268 780 2952 1878 1530 2190 4938 4356 1572 1404 1806 3018 3210 4404 2988 4788 414 2520 2952 2940 1266 4590 4524 4434 3642 2832 2076 3546 1848 3852 3444 1386 2766 3462 1452 3864 2904 1188 1848 1278 4464 3240 4314 2190 1254 2436 906 2016 1722 4488 3462 5286 2130 4344 3510 2940 5052 888 2220 3534 3486 4242 2340 2490 4770 3774 2124 4458 3420 3696 2628 
4850 3700 4030 990 3520 1300 3250 2890 3140 2080 3850 2560 1490 4330 5010 2070 550 3670 2910 4530 3770 3420 2640 4280 3590 300 3560 2800 4610 180 3430 1550 2600 1240 1480 4770 4480 1040 3350 2430 1470 2960 3930 1450 4450 2970 3490 2210 1290 1600 4600 4740 5760 2670 2570 1640 2940 2310 4340 2620 3600 2340 4230 1760 4770 3910 1780 3730 3030 5150 4360 5520 2770 3140 3490 2230 1620 1740 4220 2320 5210 3250 4180 2720 1500 4830 2760 3750 4510 3850 3640 1580 1890 4440 3850 1840 4330 4450 3980 1350 
4820 6200 3140 4600 5660 2610 2630 6610 6780 5470 6510 2360 4850 4840 5460 4570 3310 5720 5690 1220 7480 6460 3700 4680 7350 3970 3780 6590 3510 3660 7050 2940 5760 4920 4450 2370 4110 4840 6840 5680 2460 3830 1610 2710 1280 6760 5710 3790 2540 5350 3580 4190 6540 1910 4500 4720 3360 5290 5160 2600 7100 3990 5740 5270 5880 5710 5560 6960 6410 5300 6290 6350 5640 6520 6170 6020 4780 5000 2220 1990 1560 6210 3390 3010 2930 1260 6390 6690 6050 5100 1530 4060 4340 2020 4450 4820 3340 5650 4860 3580 
1458 1578 3282 1998 1242 1602 2790 2892 2358 2646 1770 2358 2328 3816 1584 756 1218 3630 1350 2850 2808 1842 138 3762 3210 1356 3246 2646 1464 1488 3300 660 1530 2088 960 1914 1260 1764 2256 1530 1656 2976 2778 852 2856 2742 3528 198 1512 2196 1434 1428 2112 2250 558 1080 390 2832 1218 2472 2412 2712 1362 2442 1566 3756 1992 2184 3192 1644 1632 1974 1350 3246 1584 2256 1140 2484 3090 2058 3084 1680 1188 426 696 2916 2922 1938 1554 1014 2622 2346 678 1800 876 1056 1308 4014 1002 642 
3462 3720 1008 2094 3480 996 588 3270 3660 2490 3870 420 2148 1902 3768 2670 1590 2430 3324 1050 4026 3720 2442 1812 3732 1932 1260 3354 2844 1668 3456 1728 3246 2298 2466 2346 3072 2370 3774 3162 894 1278 582 1524 972 3450 2436 2364 1026 2568 2868 3168 4374 186 2772 2610 2364 2298 3486 546 3924 1416 3696 2418 3876 2412 2826 3960 3012 3732 3936 4242 3264 3078 3654 3066 2628 2202 792 378 1524 3588 2694 2130 1698 1284 3084 3894 3888 3342 408 1578 2526 2118 3078 2700 2700 2370 3282 2028 
4776 3696 2562 1326 3732 2136 2358 1350 2538 750 3696 2238 990 1884 4842 2958 2148 756 3216 3696 2628 3282 3450 1938 1704 1956 1944 1746 4614 1848 1188 2778 2868 1302 2568 4566 4554 1698 2856 2748 2190 1590 3138 2676 3606 1782 600 3174 2214 1356 4608 4716 5226 2484 3318 2574 3636 480 4422 2136 2928 1254 4260 954 4620 984 1830 3270 648 4944 4230 5088 3114 678 3516 1806 2532 828 3090 2388 4176 3264 4362 3492 2742 3942 1062 3498 4404 4098 3012 1164 2886 4344 4164 2694 4440 1500 4212 2670 
5868 6453 1125 3933 6075 2367 972 5643 6336 4419 6678 1287 3951 2781 6372 4878 3258 3969 5859 1170 6876 6453 4464 2628 6336 3762 1908 5823 4815 3357 5868 3438 5742 4230 4572 3879 5256 4392 6525 5625 2214 2196 306 3141 1008 5967 4014 4383 2412 4644 4869 5373 7308 1107 5004 4788 4302 4050 5994 1350 6750 2619 6354 4356 6597 3861 5067 6813 5148 6282 6741 7110 5769 5247 6354 5418 4815 3996 324 1431 1872 6264 4644 3951 3402 1548 5337 6723 6642 5814 396 3042 4662 3555 5364 4932 4626 3627 5688 3915 
4398 2568 4332 1890 2826 3060 3966 810 1002 1662 2454 3648 1896 3948 4260 2490 2622 2886 2250 5004 726 1980 3282 3978 444 2226 3816 636 4656 2400 990 3042 1860 1692 2238 5022 4380 1692 1320 1794 3162 3402 4566 3084 4938 540 2730 3000 3078 1416 4632 4548 4386 3804 2850 2118 3594 2052 3834 3624 1278 2958 3426 1638 3828 3114 1278 1746 1488 4452 3180 4272 2166 1464 2376 996 2058 1908 4662 3618 5430 2070 4386 3576 3030 5196 1092 2136 3486 3468 4404 2526 2526 4854 3780 2154 4506 3630 3690 2706 
1056 2070 3414 2592 1686 1938 2952 3558 3036 3252 2280 2550 2904 4116 1362 1422 1722 4104 1950 2670 3486 2442 612 4050 3888 1956 3504 3330 780 2022 3960 1092 2184 2706 1644 1302 708 2412 2910 2196 1956 3300 2742 1224 2700 3426 4020 882 1842 2838 762 852 1998 2376 1140 1764 288 3390 1158 2688 3060 3114 1554 3054 1590 4200 2664 2796 3810 1320 1938 1878 1968 3870 2130 2934 1824 3060 3090 2232 2802 2274 510 384 1128 2676 3570 2502 1734 1164 2616 2814 1356 1242 732 1734 624 4398 990 1260 
5680 2350 7640 3490 2900 4970 6900 2770 670 3760 2100 6240 3810 7500 5320 2870 4010 6070 2040 8120 880 1360 4200 7510 2630 3410 7000 2030 6410 3860 3400 4290 1570 3230 2770 7320 5800 2790 370 1590 5140 6320 7600 4500 8060 2030 5810 3810 4930 2860 6350 6070 5380 6360 3320 2500 4740 4450 4660 6270 110 5580 3850 3520 4510 6430 2110 860 3970 5680 3350 5200 1960 3980 2050 1930 2430 3970 7910 6000 8730 1580 5980 4840 4300 8370 3200 1540 3900 4070 7310 4740 3040 7120 4730 2440 6200 7220 4480 3650 
5845 4851 2457 1974 4837 2513 2352 2317 3647 1491 4886 2345 1603 1491 5985 3878 2730 126 4284 3976 3794 4424 4312 1568 2744 2632 1715 2758 5523 2415 2142 3451 3906 2030 3423 5313 5537 2478 3997 3773 2541 1400 3297 3283 3864 2807 56 4018 2625 2170 5523 5705 6503 2660 4263 3465 4473 1022 5516 2191 4095 1211 5404 1687 5803 392 2737 4459 1512 6076 5425 6335 4165 1547 4655 2772 3430 1428 3164 2604 4543 4389 5250 4270 3402 4277 1981 4683 5593 5166 3178 1428 3766 5054 5166 3612 5327 994 5264 3416 
4743 2952 4464 783 2988 2187 3807 1719 1863 1485 3006 3231 1215 4437 4743 1863 1458 3420 2232 5103 2385 2457 2817 4419 2286 864 3906 1512 4797 1161 2304 2160 1755 666 1296 5148 4536 108 2142 1584 2340 3303 4527 2187 5022 1674 3213 2376 2187 657 4770 4788 5256 3384 2439 1260 3204 1971 4104 3249 2340 2655 3789 1170 4347 3708 585 2601 2187 4941 3726 5049 2079 2268 2709 981 1188 1431 4761 3078 5715 2376 4392 3087 2133 5373 1737 2781 3996 3591 4275 1890 1800 4878 3798 1431 4554 4329 3807 1737 
2076 1410 3150 1392 1224 1392 2658 2208 1746 2022 1554 2214 1728 3492 2112 360 828 3126 1008 3048 2190 1446 792 3450 2526 786 2982 1962 2148 1002 2622 666 1020 1446 288 2514 1938 1098 1698 978 1476 2652 2844 828 3030 2064 3006 498 1326 1524 2124 2106 2532 2184 612 432 1074 2256 1698 2298 1860 2316 1614 1812 1932 3276 1302 1740 2538 2226 1722 2388 960 2592 1338 1572 486 1890 3108 1974 3366 1302 1872 1044 678 3168 2244 1602 1782 1386 2676 1878 222 2370 1452 462 1986 3594 1488 294 
1060 2520 7780 5480 1950 5060 6980 6540 4980 6500 2840 6270 6050 8750 470 2790 4370 8360 2890 6660 5650 3490 2160 8650 6890 4470 7780 5960 2480 4780 7280 3480 3540 5540 3430 3970 1630 4920 4560 3660 5130 7350 6770 3800 6720 6090 8170 2490 4900 5600 2390 1770 1150 6040 2170 3470 2200 6920 340 6470 4750 6890 1020 6150 550 8590 5020 4050 7300 860 1710 930 3030 7380 2790 5360 3560 6320 7330 5750 6860 3260 2270 2580 3540 6660 6720 3380 1120 890 6540 6240 2890 4020 1010 3310 2450 9060 710 3350 
755 1315 3120 2120 985 1770 2715 2810 2240 2655 1490 2365 2395 3620 870 925 1475 3490 1265 2610 2610 1665 345 3570 3045 1585 3130 2575 930 1700 3160 990 1505 2180 1185 1500 650 1895 2100 1530 1805 2920 2625 1145 2630 2650 3405 575 1695 2255 895 790 1345 2250 625 1250 335 2820 605 2470 2220 2715 870 2480 940 3590 2045 1965 3095 910 1180 1235 1295 3140 1375 2250 1305 2525 2905 2105 2750 1525 720 525 1025 2630 2850 1695 1025 545 2510 2415 910 1460 275 1205 830 3800 430 990 
