25 60 120
80 80 80 80 80 80 80 80 80 80 80 80 80 80 80 80 80 80 80 80 80 80 80 80 80 
9 22 14 24 11 19 21 22 20 14 26 18 11 21 24 17 6 12 26 26 25 16 8 6 14 26 23 19 14 15 6 9 22 26 20 16 8 17 6 16 20 21 22 23 20 16 16 13 10 13 9 6 21 25 6 11 7 7 25 23 8 7 21 21 9 11 19 25 15 20 23 17 13 11 21 16 21 20 19 13 26 10 23 18 21 11 8 11 16 13 21 16 17 24 12 10 26 25 16 20 26 21 19 15 22 26 21 17 17 10 9 20 7 8 13 8 19 24 24 11 
489 346 119 247 366 434 215 334 279 240 424 460 266 310 223 161 242 341 387 179 246 368 383 207 325 349 90 395 485 38 313 504 262 351 419 283 468 297 329 337 437 266 412 502 340 194 411 154 488 205 375 574 435 330 290 309 288 134 237 275 
681 208 201 251 328 637 165 216 257 332 626 655 469 504 403 221 341 464 589 382 372 189 584 307 409 535 117 313 675 200 516 514 147 504 224 485 620 492 398 136 591 300 611 527 473 133 483 262 500 352 483 753 359 521 477 512 204 331 440 391 
629 196 144 276 285 597 197 269 208 338 591 605 430 476 351 163 345 405 553 344 314 247 538 309 351 483 76 281 624 155 477 465 196 447 280 441 612 442 340 188 534 320 564 475 470 164 426 259 450 342 488 698 327 495 453 471 168 300 398 392 
230 644 380 480 591 108 499 623 519 380 117 193 59 125 203 401 372 360 79 148 328 684 93 363 423 173 414 649 230 334 20 640 563 293 740 63 356 125 448 663 332 461 123 619 340 491 487 351 627 289 406 350 677 141 162 18 567 208 94 353 
740 119 247 349 280 719 262 279 232 437 713 718 552 598 462 251 445 486 676 467 403 203 656 412 416 593 199 242 734 276 599 475 226 541 205 561 724 557 398 113 625 401 681 494 577 232 477 366 461 455 587 800 288 617 574 593 155 422 518 496 
792 208 306 301 374 748 215 197 322 407 734 767 581 609 514 320 417 562 698 492 473 109 696 388 498 646 230 335 787 313 627 568 161 609 119 597 705 604 482 24 695 356 724 587 554 194 564 351 555 444 553 861 380 625 580 623 248 439 552 470 
744 53 286 509 151 769 424 452 162 579 778 729 612 683 481 264 586 440 739 537 383 368 688 550 352 601 301 82 737 352 658 335 397 514 353 607 846 582 326 275 587 557 708 362 708 392 387 499 325 576 729 777 122 705 668 647 98 510 571 632 
740 38 277 494 157 761 409 437 160 564 769 724 603 673 475 256 572 440 730 528 380 354 681 536 353 596 288 94 733 341 650 345 381 513 340 599 833 576 327 260 586 543 702 371 695 377 391 485 334 563 715 776 135 694 657 639 90 499 563 618 
174 632 419 693 495 344 674 792 465 634 404 188 331 441 237 408 629 186 379 367 255 808 245 606 277 150 511 573 166 437 336 441 719 117 844 281 676 213 307 751 42 696 233 409 641 652 284 571 434 550 704 153 579 461 471 315 544 424 306 629 
491 262 8 354 241 488 300 399 156 366 495 470 329 403 213 33 369 259 456 255 166 395 414 333 217 344 111 280 485 89 376 378 324 299 428 326 588 312 214 335 385 383 438 378 466 269 300 279 362 331 503 552 316 426 393 365 185 237 289 403 
607 366 379 718 185 716 650 722 248 737 753 608 605 711 436 338 740 287 716 568 313 668 614 704 214 499 468 244 599 458 641 9 652 371 667 575 930 518 191 579 401 752 621 43 827 617 161 650 10 694 869 589 215 736 717 622 311 579 560 771 
558 635 427 246 675 393 316 411 589 121 338 521 294 209 412 468 110 583 323 260 505 515 421 136 602 473 376 702 558 346 307 803 384 552 583 344 180 409 614 539 620 199 451 796 31 331 686 180 787 103 82 676 743 204 167 324 591 222 315 57 
309 516 344 663 363 446 627 735 346 629 495 314 380 496 231 320 627 78 464 384 174 730 341 598 150 225 446 442 301 386 402 299 659 98 758 336 733 267 176 662 101 677 340 267 668 600 141 554 291 557 725 292 443 519 516 380 429 426 343 638 
610 357 221 125 436 527 84 206 352 177 503 579 364 371 354 260 185 470 470 276 374 264 494 151 444 475 124 442 606 160 406 600 140 484 325 392 464 419 443 262 570 161 524 604 316 69 528 107 585 199 327 701 487 385 338 407 328 214 346 234 
427 727 480 413 723 236 468 578 640 288 171 391 212 97 376 514 277 550 170 239 495 670 297 290 595 384 467 766 429 408 196 811 538 494 735 257 144 328 615 678 542 373 321 796 176 475 670 312 797 219 237 550 802 74 93 218 665 250 253 233 
706 75 216 384 220 700 299 332 174 459 700 686 536 592 430 211 467 437 661 454 359 263 630 432 362 559 194 186 700 262 583 414 273 497 264 539 736 529 343 173 579 433 654 434 594 267 420 382 401 465 610 759 232 612 572 575 95 416 499 515 
134 633 375 556 546 157 559 683 486 472 208 102 143 243 163 384 466 273 179 208 271 727 53 450 351 63 436 614 131 353 136 562 616 194 776 95 475 63 380 691 217 546 65 537 453 545 402 427 550 382 518 241 634 261 277 116 548 274 136 455 
635 639 457 208 700 473 290 367 614 105 418 599 369 289 473 499 99 639 403 325 556 480 499 135 649 545 390 718 635 377 385 841 353 616 548 418 221 480 659 516 687 154 529 837 82 312 735 189 826 147 48 753 761 284 247 401 605 278 386 66 
511 258 178 521 119 571 458 542 90 536 596 501 436 532 276 137 539 195 557 384 156 508 477 503 107 376 271 193 503 257 477 207 469 274 523 415 740 372 82 428 342 553 492 209 629 426 159 450 192 495 670 534 207 556 532 461 174 386 391 571 
672 234 326 636 79 746 559 614 165 676 772 666 611 706 451 287 681 345 733 557 329 546 651 644 254 544 393 106 664 407 653 149 549 430 539 591 905 547 224 455 482 677 664 180 785 526 247 590 141 650 819 677 74 730 702 637 198 551 566 719 
254 584 320 438 534 167 450 575 460 349 174 219 20 136 152 341 342 319 135 94 277 631 125 327 374 160 355 591 253 274 54 592 512 262 685 30 373 98 398 605 315 424 156 574 332 440 444 308 579 258 396 366 619 158 161 42 507 159 34 330 
853 236 366 338 413 808 257 209 369 452 793 827 640 665 575 378 463 618 757 552 531 93 757 435 551 707 291 365 847 374 686 607 193 668 69 657 752 664 534 37 753 393 784 628 599 241 614 402 595 495 594 921 407 681 635 683 290 497 612 516 
572 294 289 627 110 659 559 633 159 647 690 567 535 637 369 248 651 244 652 491 244 583 560 615 156 450 377 183 564 369 574 99 562 330 587 509 850 459 127 497 378 661 570 111 741 526 142 561 84 608 782 572 170 661 639 556 228 497 490 683 
696 101 204 358 237 683 273 310 182 433 681 674 518 571 418 203 441 436 643 435 355 247 616 406 365 549 172 209 690 242 565 430 249 492 255 524 712 516 347 161 575 407 641 448 568 241 427 357 416 441 584 752 255 591 550 558 110 395 482 489 
455 674 435 346 682 278 402 511 598 221 220 419 210 103 360 472 210 535 208 211 471 604 320 223 571 390 412 721 456 359 209 784 472 489 670 260 151 330 589 614 546 307 347 771 120 410 650 247 769 154 185 577 758 90 70 228 616 205 243 167 
5868 4152 1428 2964 4392 5208 2580 4008 3348 2880 5088 5520 3192 3720 2676 1932 2904 4092 4644 2148 2952 4416 4596 2484 3900 4188 1080 4740 5820 456 3756 6048 3144 4212 5028 3396 5616 3564 3948 4044 5244 3192 4944 6024 4080 2328 4932 1848 5856 2460 4500 6888 5220 3960 3480 3708 3456 1608 2844 3300 
10215 3120 3015 3765 4920 9555 2475 3240 3855 4980 9390 9825 7035 7560 6045 3315 5115 6960 8835 5730 5580 2835 8760 4605 6135 8025 1755 4695 10125 3000 7740 7710 2205 7560 3360 7275 9300 7380 5970 2040 8865 4500 9165 7905 7095 1995 7245 3930 7500 5280 7245 11295 5385 7815 7155 7680 3060 4965 6600 5865 
6290 1960 1440 2760 2850 5970 1970 2690 2080 3380 5910 6050 4300 4760 3510 1630 3450 4050 5530 3440 3140 2470 5380 3090 3510 4830 760 2810 6240 1550 4770 4650 1960 4470 2800 4410 6120 4420 3400 1880 5340 3200 5640 4750 4700 1640 4260 2590 4500 3420 4880 6980 3270 4950 4530 4710 1680 3000 3980 3920 
2760 7728 4560 5760 7092 1296 5988 7476 6228 4560 1404 2316 708 1500 2436 4812 4464 4320 948 1776 3936 8208 1116 4356 5076 2076 4968 7788 2760 4008 240 7680 6756 3516 8880 756 4272 1500 5376 7956 3984 5532 1476 7428 4080 5892 5844 4212 7524 3468 4872 4200 8124 1692 1944 216 6804 2496 1128 4236 
10360 1666 3458 4886 3920 10066 3668 3906 3248 6118 9982 10052 7728 8372 6468 3514 6230 6804 9464 6538 5642 2842 9184 5768 5824 8302 2786 3388 10276 3864 8386 6650 3164 7574 2870 7854 10136 7798 5572 1582 8750 5614 9534 6916 8078 3248 6678 5124 6454 6370 8218 11200 4032 8638 8036 8302 2170 5908 7252 6944 
11880 3120 4590 4515 5610 11220 3225 2955 4830 6105 11010 11505 8715 9135 7710 4800 6255 8430 10470 7380 7095 1635 10440 5820 7470 9690 3450 5025 11805 4695 9405 8520 2415 9135 1785 8955 10575 9060 7230 360 10425 5340 10860 8805 8310 2910 8460 5265 8325 6660 8295 12915 5700 9375 8700 9345 3720 6585 8280 7050 
11160 795 4290 7635 2265 11535 6360 6780 2430 8685 11670 10935 9180 10245 7215 3960 8790 6600 11085 8055 5745 5520 10320 8250 5280 9015 4515 1230 11055 5280 9870 5025 5955 7710 5295 9105 12690 8730 4890 4125 8805 8355 10620 5430 10620 5880 5805 7485 4875 8640 10935 11655 1830 10575 10020 9705 1470 7650 8565 9480 
8880 456 3324 5928 1884 9132 4908 5244 1920 6768 9228 8688 7236 8076 5700 3072 6864 5280 8760 6336 4560 4248 8172 6432 4236 7152 3456 1128 8796 4092 7800 4140 4572 6156 4080 7188 9996 6912 3924 3120 7032 6516 8424 4452 8340 4524 4692 5820 4008 6756 8580 9312 1620 8328 7884 7668 1080 5988 6756 7416 
2436 8848 5866 9702 6930 4816 9436 11088 6510 8876 5656 2632 4634 6174 3318 5712 8806 2604 5306 5138 3570 11312 3430 8484 3878 2100 7154 8022 2324 6118 4704 6174 10066 1638 11816 3934 9464 2982 4298 10514 588 9744 3262 5726 8974 9128 3976 7994 6076 7700 9856 2142 8106 6454 6594 4410 7616 5936 4284 8806 
5892 3144 96 4248 2892 5856 3600 4788 1872 4392 5940 5640 3948 4836 2556 396 4428 3108 5472 3060 1992 4740 4968 3996 2604 4128 1332 3360 5820 1068 4512 4536 3888 3588 5136 3912 7056 3744 2568 4020 4620 4596 5256 4536 5592 3228 3600 3348 4344 3972 6036 6624 3792 5112 4716 4380 2220 2844 3468 4836 
7891 4758 4927 9334 2405 9308 8450 9386 3224 9581 9789 7904 7865 9243 5668 4394 9620 3731 9308 7384 4069 8684 7982 9152 2782 6487 6084 3172 7787 5954 8333 117 8476 4823 8671 7475 12090 6734 2483 7527 5213 9776 8073 559 10751 8021 2093 8450 130 9022 11297 7657 2795 9568 9321 8086 4043 7527 7280 10023 
8370 9525 6405 3690 10125 5895 4740 6165 8835 1815 5070 7815 4410 3135 6180 7020 1650 8745 4845 3900 7575 7725 6315 2040 9030 7095 5640 10530 8370 5190 4605 12045 5760 8280 8745 5160 2700 6135 9210 8085 9300 2985 6765 11940 465 4965 10290 2700 11805 1545 1230 10140 11145 3060 2505 4860 8865 3330 4725 855 
4635 7740 5160 9945 5445 6690 9405 11025 5190 9435 7425 4710 5700 7440 3465 4800 9405 1170 6960 5760 2610 10950 5115 8970 2250 3375 6690 6630 4515 5790 6030 4485 9885 1470 11370 5040 10995 4005 2640 9930 1515 10155 5100 4005 10020 9000 2115 8310 4365 8355 10875 4380 6645 7785 7740 5700 6435 6390 5145 9570 
7320 4284 2652 1500 5232 6324 1008 2472 4224 2124 6036 6948 4368 4452 4248 3120 2220 5640 5640 3312 4488 3168 5928 1812 5328 5700 1488 5304 7272 1920 4872 7200 1680 5808 3900 4704 5568 5028 5316 3144 6840 1932 6288 7248 3792 828 6336 1284 7020 2388 3924 8412 5844 4620 4056 4884 3936 2568 4152 2808 
4697 7997 5280 4543 7953 2596 5148 6358 7040 3168 1881 4301 2332 1067 4136 5654 3047 6050 1870 2629 5445 7370 3267 3190 6545 4224 5137 8426 4719 4488 2156 8921 5918 5434 8085 2827 1584 3608 6765 7458 5962 4103 3531 8756 1936 5225 7370 3432 8767 2409 2607 6050 8822 814 1023 2398 7315 2750 2783 2563 
9178 975 2808 4992 2860 9100 3887 4316 2262 5967 9100 8918 6968 7696 5590 2743 6071 5681 8593 5902 4667 3419 8190 5616 4706 7267 2522 2418 9100 3406 7579 5382 3549 6461 3432 7007 9568 6877 4459 2249 7527 5629 8502 5642 7722 3471 5460 4966 5213 6045 7930 9867 3016 7956 7436 7475 1235 5408 6487 6695 
1742 8229 4875 7228 7098 2041 7267 8879 6318 6136 2704 1326 1859 3159 2119 4992 6058 3549 2327 2704 3523 9451 689 5850 4563 819 5668 7982 1703 4589 1768 7306 8008 2522 10088 1235 6175 819 4940 8983 2821 7098 845 6981 5889 7085 5226 5551 7150 4966 6734 3133 8242 3393 3601 1508 7124 3562 1768 5915 
6985 7029 5027 2288 7700 5203 3190 4037 6754 1155 4598 6589 4059 3179 5203 5489 1089 7029 4433 3575 6116 5280 5489 1485 7139 5995 4290 7898 6985 4147 4235 9251 3883 6776 6028 4598 2431 5280 7249 5676 7557 1694 5819 9207 902 3432 8085 2079 9086 1617 528 8283 8371 3124 2717 4411 6655 3058 4246 726 
7154 3612 2492 7294 1666 7994 6412 7588 1260 7504 8344 7014 6104 7448 3864 1918 7546 2730 7798 5376 2184 7112 6678 7042 1498 5264 3794 2702 7042 3598 6678 2898 6566 3836 7322 5810 10360 5208 1148 5992 4788 7742 6888 2926 8806 5964 2226 6300 2688 6930 9380 7476 2898 7784 7448 6454 2436 5404 5474 7994 
7392 2574 3586 6996 869 8206 6149 6754 1815 7436 8492 7326 6721 7766 4961 3157 7491 3795 8063 6127 3619 6006 7161 7084 2794 5984 4323 1166 7304 4477 7183 1639 6039 4730 5929 6501 9955 6017 2464 5005 5302 7447 7304 1980 8635 5786 2717 6490 1551 7150 9009 7447 814 8030 7722 7007 2178 6061 6226 7909 
3048 7008 3840 5256 6408 2004 5400 6900 5520 4188 2088 2628 240 1632 1824 4092 4104 3828 1620 1128 3324 7572 1500 3924 4488 1920 4260 7092 3036 3288 648 7104 6144 3144 8220 360 4476 1176 4776 7260 3780 5088 1872 6888 3984 5280 5328 3696 6948 3096 4752 4392 7428 1896 1932 504 6084 1908 408 3960 
11089 3068 4758 4394 5369 10504 3341 2717 4797 5876 10309 10751 8320 8645 7475 4914 6019 8034 9841 7176 6903 1209 9841 5655 7163 9191 3783 4745 11011 4862 8918 7891 2509 8684 897 8541 9776 8632 6942 481 9789 5109 10192 8164 7787 3133 7982 5226 7735 6435 7722 11973 5291 8853 8255 8879 3770 6461 7956 6708 
5720 2940 2890 6270 1100 6590 5590 6330 1590 6470 6900 5670 5350 6370 3690 2480 6510 2440 6520 4910 2440 5830 5600 6150 1560 4500 3770 1830 5640 3690 5740 990 5620 3300 5870 5090 8500 4590 1270 4970 3780 6610 5700 1110 7410 5260 1420 5610 840 6080 7820 5720 1700 6610 6390 5560 2280 4970 4900 6830 
6960 1010 2040 3580 2370 6830 2730 3100 1820 4330 6810 6740 5180 5710 4180 2030 4410 4360 6430 4350 3550 2470 6160 4060 3650 5490 1720 2090 6900 2420 5650 4300 2490 4920 2550 5240 7120 5160 3470 1610 5750 4070 6410 4480 5680 2410 4270 3570 4160 4410 5840 7520 2550 5910 5500 5580 1100 3950 4820 4890 
4550 6740 4350 3460 6820 2780 4020 5110 5980 2210 2200 4190 2100 1030 3600 4720 2100 5350 2080 2110 4710 6040 3200 2230 5710 3900 4120 7210 4560 3590 2090 7840 4720 4890 6700 2600 1510 3300 5890 6140 5460 3070 3470 7710 1200 4100 6500 2470 7690 1540 1850 5770 7580 900 700 2280 6160 2050 2430 1670 
620 508 529 218 238 201 791 620 408 515 208 328 681 706 617 336 784 629 506 144 578 492 747 243 741 78 66 650 567 574 133 576 320 145 710 467 392 113 538 188 31 770 522 578 625 754 632 211 79 284 450 409 423 645 645 635 666 698 152 686 623 115 726 584 88 687 415 618 342 667 273 203 332 917 252 389 282 808 455 523 508 681 261 319 710 356 848 414 249 43 145 34 604 450 641 300 548 72 46 555 550 526 943 292 517 424 733 512 773 521 510 512 460 217 718 348 289 236 716 456 
414 372 321 688 663 633 409 664 505 263 661 453 294 396 123 657 338 685 280 679 184 296 198 531 317 723 803 328 688 714 754 218 501 707 68 277 356 636 259 741 740 206 374 303 270 371 186 536 751 668 771 711 316 371 573 325 83 338 687 53 149 725 140 327 655 225 710 628 418 90 664 537 434 319 505 357 507 172 366 529 471 186 543 557 455 384 300 326 585 768 595 733 289 290 384 526 586 776 765 322 196 643 350 760 302 338 58 550 37 584 247 258 347 643 103 636 616 627 105 782 
271 314 124 423 399 369 380 472 258 39 462 272 375 462 157 399 341 493 205 417 85 210 262 269 297 490 559 232 477 501 492 90 332 444 221 42 101 383 218 477 498 285 327 304 173 334 253 309 518 405 525 461 103 256 408 366 182 275 472 216 208 465 234 329 415 332 462 442 156 180 401 301 171 439 291 104 316 316 120 321 260 195 351 296 355 142 377 122 395 526 347 492 313 104 414 262 381 539 524 148 69 425 467 497 91 73 279 335 301 370 156 28 99 446 285 380 444 363 223 536 
78 660 223 514 484 497 131 242 283 308 746 595 693 790 435 412 179 260 549 560 340 555 279 454 164 723 753 133 293 317 620 291 655 576 391 386 396 580 556 575 709 286 672 641 199 124 562 580 746 456 444 409 441 94 135 697 398 124 736 444 508 608 324 668 642 635 404 205 396 383 460 559 394 345 583 400 626 351 273 188 182 272 655 375 22 441 275 459 696 732 568 705 645 449 751 389 208 756 734 198 373 273 353 527 256 353 509 209 487 226 497 320 283 735 542 389 754 467 355 452 
494 191 360 631 612 570 545 718 505 273 513 311 135 235 124 633 482 739 125 602 218 140 349 464 449 597 688 426 725 750 673 268 348 631 216 231 297 541 94 675 624 365 191 119 358 501 4 418 625 629 768 703 232 463 645 149 180 453 549 149 50 642 291 143 542 82 704 686 362 194 622 428 380 498 379 296 365 348 369 568 507 307 399 527 560 303 467 231 436 650 495 617 106 202 208 484 628 652 647 376 192 674 528 718 329 303 139 584 199 619 125 263 348 495 102 617 456 575 255 779 
519 615 473 65 95 118 694 451 300 493 391 433 770 817 637 169 705 456 576 94 569 566 704 223 665 277 236 573 391 392 70 550 452 70 705 477 399 180 607 14 232 725 631 668 568 664 690 314 281 119 253 221 455 556 499 733 669 617 342 701 665 88 699 681 236 759 227 458 334 665 114 289 317 858 356 398 406 776 403 389 396 644 401 213 597 384 784 455 407 238 223 234 691 486 753 228 397 269 244 491 554 358 879 91 473 412 760 373 787 370 562 496 416 395 756 189 461 125 700 258 
86 600 181 538 507 511 99 322 301 253 724 556 618 717 358 448 108 341 487 573 269 495 191 451 81 717 758 60 367 391 639 222 617 592 306 334 360 580 491 600 709 199 611 573 126 63 486 559 742 486 503 460 393 47 217 626 315 36 721 361 432 622 237 600 635 558 457 284 373 301 488 542 376 275 556 364 593 264 247 236 207 187 625 391 81 406 201 412 667 734 561 705 575 396 681 395 272 755 734 153 306 338 289 566 210 315 424 259 401 284 435 264 251 711 459 424 723 485 268 512 
205 685 297 661 630 635 34 402 424 354 841 664 675 777 421 568 61 419 571 697 349 582 201 574 97 839 883 170 457 480 763 310 724 716 338 435 472 704 570 723 832 194 695 646 219 63 546 677 864 607 609 572 496 171 295 691 364 122 840 404 493 747 260 674 758 609 568 366 493 349 610 661 496 189 670 476 704 246 367 349 328 235 738 515 144 519 131 515 780 857 684 828 644 494 749 519 373 878 858 269 390 439 192 685 321 428 456 370 417 390 519 364 369 827 497 544 834 609 297 618 
409 219 274 561 540 501 472 631 420 186 492 284 219 315 58 554 414 652 114 539 135 129 290 395 378 559 644 345 639 663 612 184 332 568 173 149 222 485 100 608 580 308 226 172 278 427 91 374 587 554 685 621 165 381 559 222 127 376 520 118 47 582 235 199 496 169 622 599 288 138 547 379 305 453 340 222 338 305 283 481 420 239 374 449 479 237 412 169 416 607 441 573 171 135 278 408 541 613 604 290 106 587 484 644 242 222 151 497 198 532 78 176 262 474 138 536 446 502 203 696 
122 665 237 410 381 403 257 131 199 326 689 566 729 820 482 299 300 152 561 465 381 564 377 383 277 646 663 213 171 196 518 333 623 477 466 391 375 500 576 469 625 389 679 662 263 246 601 527 667 347 318 285 434 172 52 724 461 228 670 508 550 510 411 687 567 679 281 94 354 448 353 502 347 467 539 379 587 454 252 80 112 352 613 284 148 413 396 451 649 646 496 623 671 450 773 311 82 673 649 222 404 147 478 410 269 338 576 94 566 102 514 337 270 680 602 277 711 370 435 326 
488 653 461 81 96 144 661 393 277 494 453 476 801 854 647 125 679 397 604 148 572 596 691 246 641 343 304 550 331 330 138 547 500 130 706 488 413 234 634 81 300 712 670 701 553 635 712 361 349 90 185 159 475 529 451 767 673 591 406 708 682 154 692 716 297 783 165 404 347 668 92 334 330 837 402 413 454 765 397 349 365 634 453 200 560 406 763 478 463 306 272 302 723 506 791 230 348 338 312 476 561 303 856 23 466 420 770 330 793 323 584 498 412 456 771 148 520 133 696 190 
588 508 501 182 202 165 760 583 374 491 228 325 678 708 600 299 755 593 498 107 556 485 721 214 711 107 97 620 531 537 103 552 324 109 690 447 370 87 530 155 65 744 523 574 597 723 622 204 113 247 415 373 406 614 610 634 647 668 176 669 610 81 703 582 87 681 379 582 317 647 237 191 306 890 247 368 283 784 427 488 474 656 266 284 677 338 820 399 260 79 127 66 600 434 643 267 512 109 83 526 530 489 915 259 490 400 718 477 756 485 498 489 432 235 705 312 306 200 694 422 
362 508 305 102 74 71 537 357 143 329 387 343 644 705 481 105 542 370 447 133 406 440 536 98 501 319 330 409 314 326 197 384 381 150 541 322 248 173 475 162 293 558 525 547 401 504 549 249 337 84 252 190 313 395 375 614 507 454 356 542 517 182 532 564 244 622 194 352 183 503 77 220 165 692 280 248 336 608 236 253 243 476 346 51 447 246 619 317 370 313 183 291 567 343 643 64 279 340 316 324 395 266 714 173 306 253 603 242 627 253 422 332 250 383 605 101 432 43 534 262 
351 617 343 137 113 160 523 269 152 391 496 457 743 810 556 16 544 277 547 209 470 542 567 213 508 414 403 419 215 222 244 438 497 211 598 405 340 274 573 189 380 587 633 649 429 499 639 364 427 69 139 75 408 394 315 717 570 457 460 610 602 244 575 669 346 715 79 273 279 564 79 335 261 705 396 341 451 644 288 210 229 515 461 109 421 347 631 416 484 395 294 379 668 437 750 157 212 425 399 354 467 175 723 129 354 332 676 191 691 186 517 397 306 493 684 18 546 124 584 150 
379 339 261 241 225 179 537 472 214 236 290 181 479 537 349 271 519 489 283 213 300 274 469 74 474 284 345 388 446 463 286 297 228 242 434 192 114 168 313 284 286 492 356 380 352 495 394 124 311 251 418 354 161 392 455 447 392 436 283 417 371 257 447 396 205 463 357 456 66 391 242 104 62 642 135 112 187 529 190 333 292 402 209 174 473 89 574 159 245 313 133 280 401 191 475 124 381 329 312 289 275 392 668 333 243 145 471 333 505 358 266 233 189 279 464 262 307 188 438 429 
312 274 166 444 421 387 413 514 294 77 446 248 334 421 132 429 369 534 164 430 89 170 277 283 327 486 560 268 517 540 505 113 308 459 215 28 107 389 176 495 498 300 287 262 205 367 214 301 514 431 559 495 81 294 450 324 171 308 462 197 173 477 241 288 414 293 495 484 171 172 425 297 188 454 277 109 296 323 159 362 301 212 332 324 394 138 397 98 376 526 349 492 271 71 373 286 422 537 524 188 55 464 483 522 132 97 255 376 284 410 114 65 138 430 256 411 422 384 224 570 
131 667 241 401 372 396 269 123 193 330 685 565 734 824 487 289 311 144 564 457 387 567 387 377 287 640 656 222 160 185 510 338 621 469 474 394 376 493 579 460 618 399 681 665 271 258 606 523 660 338 307 274 435 181 54 727 468 239 665 515 555 502 420 690 561 684 270 87 352 455 344 498 345 478 536 379 585 463 253 73 111 360 610 277 159 413 407 452 646 639 491 616 674 452 776 305 70 666 642 227 409 135 489 400 273 339 583 85 574 91 517 341 271 676 608 268 708 362 444 314 
510 186 368 390 382 328 643 642 384 303 212 7 354 388 328 443 607 660 184 336 330 169 520 240 563 288 381 492 619 638 397 354 67 364 439 224 191 258 215 416 318 543 202 250 438 597 311 121 315 416 590 527 162 508 612 310 391 537 241 397 312 365 480 258 240 360 531 622 206 397 406 141 217 696 77 187 58 561 316 495 447 455 94 349 601 148 640 144 137 344 211 311 276 173 323 299 548 343 339 397 291 565 726 488 339 235 429 500 478 527 202 294 304 194 405 436 179 348 458 601 
457 617 424 49 57 109 632 381 242 455 431 441 763 818 608 100 647 386 566 124 533 558 655 208 608 328 300 517 321 323 135 509 468 113 667 449 374 208 596 76 288 676 634 663 517 604 673 329 337 55 192 153 436 496 430 729 634 559 386 669 643 143 655 678 274 745 159 388 308 629 55 302 290 803 369 374 422 729 359 323 334 597 423 163 532 367 729 439 435 298 243 289 685 467 754 191 327 329 303 440 522 288 823 51 429 380 731 305 754 301 545 459 374 432 732 121 494 94 658 199 
279 477 217 190 160 154 453 321 69 249 423 333 595 665 408 148 455 337 400 216 327 396 448 114 413 379 406 321 293 310 284 301 382 236 460 255 191 233 426 250 361 470 493 504 312 419 489 266 400 157 284 219 260 309 316 571 428 367 402 466 452 266 446 524 299 566 220 307 133 423 154 239 117 604 286 192 340 521 150 191 166 389 359 46 368 204 530 269 390 384 228 358 521 288 607 42 232 409 386 236 320 239 625 249 220 183 530 187 548 208 368 253 166 416 536 131 453 132 450 295 
415 218 272 365 350 302 546 561 307 207 293 103 355 412 259 393 512 580 159 328 243 150 431 199 468 340 422 395 545 565 399 261 164 358 362 132 97 266 190 404 358 454 234 255 343 501 278 153 368 376 538 473 72 412 523 322 315 441 309 329 262 367 395 271 274 342 476 539 127 319 367 157 142 608 125 93 144 477 222 411 359 364 180 290 506 58 548 57 223 386 221 352 276 92 351 241 467 393 383 300 206 491 636 459 243 140 372 418 415 448 151 199 210 276 357 381 273 313 376 549 
287 647 328 725 695 690 152 514 491 356 852 659 607 709 370 645 94 532 536 750 324 549 138 615 126 869 924 217 565 589 821 299 718 772 267 429 484 743 528 787 869 119 654 596 232 148 486 694 896 679 705 662 490 241 407 632 304 177 859 335 436 801 193 622 789 539 658 477 519 291 680 683 526 73 680 487 705 146 402 438 405 199 741 577 254 529 16 508 785 895 717 864 589 481 691 571 473 913 895 304 365 539 89 762 341 443 374 461 326 486 487 363 397 836 419 621 832 669 228 714 
498 513 424 88 104 66 671 483 280 427 296 330 672 715 556 201 672 493 480 10 499 469 651 144 629 197 193 537 432 439 79 487 347 37 635 397 318 76 512 90 163 673 529 569 521 637 598 209 210 150 325 277 368 527 511 633 595 584 252 623 578 51 639 581 139 664 283 482 257 593 139 186 242 815 252 317 301 718 350 390 381 587 296 188 584 296 743 365 304 179 118 162 593 398 651 180 413 208 183 446 478 389 838 180 417 340 678 378 710 386 470 427 359 297 671 212 361 100 634 332 
101 632 204 395 365 384 254 158 174 293 661 535 697 787 451 288 289 179 528 446 350 531 356 357 262 622 643 190 189 215 503 302 592 460 439 358 343 477 543 455 603 369 646 629 236 237 569 498 643 334 323 284 401 151 85 691 431 212 644 479 518 492 386 654 542 647 280 123 323 419 339 474 317 456 509 347 557 433 219 64 82 326 583 263 147 381 383 418 619 625 471 600 638 417 740 286 91 651 627 190 372 157 469 403 237 305 547 84 539 103 481 305 236 652 572 266 681 352 409 332 
491 118 344 457 445 394 604 656 405 264 298 94 268 315 248 492 560 676 92 413 271 76 459 295 518 380 473 457 643 664 478 304 136 441 363 183 185 340 123 491 409 480 134 164 397 558 219 208 408 473 638 573 127 481 612 229 315 499 332 314 223 446 413 177 330 269 576 632 227 323 464 223 242 632 166 182 148 491 307 505 450 396 182 391 578 156 581 109 221 436 293 402 189 121 252 341 562 436 431 370 230 589 663 553 311 221 340 513 393 544 118 253 291 280 314 482 251 409 387 649 
492 398 388 191 193 136 658 536 294 368 206 214 562 601 472 277 645 549 375 126 430 363 601 112 601 158 213 512 494 507 185 429 231 153 563 320 244 46 407 206 154 624 414 458 482 618 498 93 183 236 418 362 278 512 541 520 519 561 178 541 483 153 579 468 76 559 367 527 196 520 224 70 188 773 136 242 185 661 315 416 389 534 182 218 584 210 705 271 196 181 3 149 483 306 536 182 452 198 180 415 403 445 799 290 373 277 590 410 629 427 372 365 317 202 578 280 256 168 569 427 
181 412 58 457 429 412 276 411 248 65 557 374 448 542 196 405 240 432 299 467 96 307 184 325 195 572 630 129 428 454 541 47 435 492 201 146 187 450 306 516 573 207 424 391 70 230 318 397 598 424 510 451 207 156 331 448 182 171 562 228 265 517 178 418 493 394 450 377 222 172 422 385 231 354 385 191 416 253 118 269 209 121 450 314 256 233 287 226 493 600 420 568 396 207 501 294 327 617 599 63 123 381 380 515 49 145 297 288 298 323 248 75 106 542 318 383 545 397 184 520 
501 268 381 691 670 631 526 739 544 302 593 389 165 267 133 683 457 760 203 668 232 219 318 526 430 674 763 424 753 778 741 280 428 697 181 279 352 611 173 738 699 330 266 190 358 485 79 493 702 684 811 747 294 464 657 199 160 443 628 115 84 710 259 210 616 96 748 705 418 175 678 501 436 448 455 353 444 301 404 594 533 291 478 578 556 366 427 297 516 726 566 692 171 264 257 538 653 729 722 391 220 704 478 774 354 350 73 611 132 647 193 293 384 575 27 665 536 633 222 822 
618 500 525 220 240 200 788 620 406 509 200 320 673 698 610 337 780 630 498 144 571 485 741 239 736 72 72 646 568 575 138 570 312 147 703 461 386 109 530 192 27 765 514 570 620 750 625 203 76 285 453 411 416 642 644 627 659 694 145 680 615 118 720 575 80 679 417 618 336 661 274 196 327 912 244 383 274 802 451 522 506 675 253 317 707 350 843 407 240 44 139 28 596 443 633 297 548 72 47 550 543 526 938 296 512 418 726 511 767 521 503 506 455 209 710 349 281 236 710 459 
203 387 59 377 350 330 337 391 185 60 485 316 456 543 229 335 312 412 282 385 138 286 267 242 267 492 548 186 396 420 459 108 376 410 268 112 118 367 297 435 491 290 401 383 145 293 333 322 518 349 452 390 160 199 330 446 238 233 486 279 287 435 257 408 412 412 390 361 141 231 346 307 149 436 315 122 351 335 44 239 179 204 384 238 293 165 367 179 426 518 339 486 394 172 494 213 299 536 518 88 141 344 461 441 36 74 346 254 358 289 235 68 26 472 358 314 481 317 258 463 
401 543 352 56 26 53 576 369 181 376 391 372 684 742 527 91 585 379 487 106 453 479 582 131 544 308 305 452 319 328 159 432 404 116 589 368 293 168 516 117 276 604 559 585 446 545 592 267 322 49 231 174 356 436 399 652 554 496 354 589 562 149 579 602 240 665 179 368 227 550 38 239 209 737 303 293 358 655 283 281 280 523 364 91 483 287 663 359 383 293 190 275 606 386 679 111 300 322 297 370 442 276 758 129 353 300 650 267 674 273 465 379 297 389 650 99 444 19 581 240 
655 102 511 674 663 611 730 853 612 421 438 286 108 100 310 709 671 873 182 624 389 181 542 513 635 553 653 599 848 870 686 436 287 652 411 353 387 546 169 704 591 558 86 85 532 685 192 409 577 692 855 790 319 632 795 56 373 632 488 344 241 653 484 58 521 165 792 825 439 387 682 430 456 692 365 385 325 542 495 700 642 495 346 607 732 369 661 306 369 615 499 584 88 297 35 558 759 607 609 532 353 794 723 770 477 414 325 711 385 745 230 409 476 421 280 698 361 627 449 865 
155 612 224 602 572 572 69 386 366 279 767 588 609 711 352 516 39 405 498 633 276 508 148 506 27 769 815 98 434 458 702 235 649 654 279 359 397 635 497 664 763 149 622 576 143 27 479 604 794 552 573 530 420 111 279 623 299 50 767 342 425 683 203 603 687 545 526 349 420 284 554 588 425 205 596 401 629 211 296 306 275 168 663 455 130 444 133 440 705 789 613 759 574 418 680 454 341 809 789 196 316 407 219 634 246 353 399 329 367 353 446 288 296 753 438 492 758 548 239 582 
515 271 385 318 315 258 664 613 356 336 159 87 440 472 394 386 637 629 266 258 379 251 565 187 592 207 297 512 583 599 314 393 101 284 500 266 210 175 298 338 233 588 286 337 467 620 393 38 235 353 533 472 209 522 598 396 452 560 171 465 389 282 532 344 154 446 476 598 197 457 342 65 200 742 12 206 55 614 321 476 435 498 67 304 609 164 680 195 102 259 129 226 362 229 407 257 523 262 255 414 344 530 770 417 360 254 503 476 549 499 276 329 315 145 483 383 164 284 514 543 
352 657 378 782 752 744 219 582 550 394 885 687 598 700 379 706 162 600 550 803 350 564 162 664 189 911 971 277 633 657 875 334 745 826 267 461 522 791 538 843 914 139 662 599 281 216 484 733 938 738 771 726 521 304 475 628 310 240 897 333 438 853 203 624 833 529 723 546 563 299 738 723 572 15 715 526 736 134 452 504 467 229 772 634 322 566 66 538 816 941 761 909 589 508 687 625 540 957 940 356 390 606 46 823 387 483 361 527 306 552 503 399 445 869 407 682 860 724 233 780 
397 476 323 102 85 44 570 407 181 334 337 304 620 675 475 149 570 420 423 101 408 415 552 65 527 270 289 435 364 376 173 392 338 124 545 315 237 124 453 152 248 574 492 520 420 535 532 203 290 116 295 235 296 425 421 587 507 482 306 539 505 151 543 536 194 603 240 400 172 504 106 174 155 714 237 236 292 621 250 297 282 489 300 93 484 225 642 297 322 269 133 245 542 326 613 78 327 295 271 345 392 316 737 193 319 250 598 288 625 301 404 335 261 333 595 149 384 49 541 305 
418 840 487 353 339 392 551 185 325 562 731 691 949 1025 731 250 600 172 758 431 634 756 672 448 577 637 608 507 129 105 442 591 733 423 743 599 548 506 781 383 598 686 856 863 546 546 833 601 647 293 119 165 618 468 290 930 727 528 691 772 789 453 699 884 577 912 160 219 496 717 305 572 480 767 632 550 688 750 460 278 335 638 699 335 442 567 696 629 721 608 530 599 879 643 968 385 227 639 613 484 644 164 776 281 511 529 841 257 842 223 721 571 481 729 859 251 783 359 718 114 
433 418 338 154 147 92 601 472 231 329 269 240 570 619 451 220 593 485 377 112 398 366 558 52 549 218 258 459 432 445 185 390 270 141 533 293 214 77 408 187 206 581 434 469 433 563 493 132 241 185 365 306 262 455 477 534 492 507 242 518 472 155 542 482 137 560 311 462 156 491 173 103 143 727 169 212 223 622 264 352 327 493 229 154 524 190 657 259 250 231 67 202 492 292 555 119 388 252 231 363 375 382 752 252 326 240 572 345 606 362 365 328 269 264 565 220 313 115 535 375 
492 100 345 483 470 420 598 668 420 261 326 123 239 291 227 514 551 687 64 440 260 47 444 320 510 410 503 454 657 679 507 296 162 469 343 181 196 369 93 518 439 466 116 136 391 552 190 238 438 497 659 594 132 479 619 202 295 494 361 291 197 475 397 151 360 239 596 642 244 304 488 252 260 616 196 193 177 473 314 515 459 384 211 411 578 173 568 116 249 466 322 432 160 119 230 362 573 466 461 370 218 603 647 578 311 229 314 524 367 556 97 250 297 308 286 502 274 434 369 670 
302 564 297 705 676 664 215 548 479 303 791 592 515 617 286 637 142 568 455 721 256 469 69 579 146 821 883 216 591 616 794 242 650 745 177 367 430 704 444 765 825 46 570 508 202 192 396 640 848 665 716 666 426 251 444 541 218 192 804 244 348 771 109 534 743 446 664 511 474 205 665 631 485 110 621 434 641 54 369 450 406 136 677 558 297 473 77 443 721 852 672 820 500 413 600 544 493 868 851 279 295 559 141 753 302 393 281 473 233 502 409 307 360 775 326 614 765 646 140 726 
600 306 472 348 352 296 750 682 430 423 72 143 483 498 472 436 724 697 329 276 464 313 651 249 679 153 252 599 646 660 316 480 114 297 581 352 297 189 359 352 192 674 319 382 554 707 455 97 178 395 577 521 293 608 674 434 533 647 95 542 458 285 616 383 135 499 526 669 281 538 383 123 283 828 99 293 88 698 407 551 514 584 55 366 693 251 767 277 39 215 156 186 408 311 433 323 594 208 209 500 427 595 857 445 448 341 575 549 624 570 348 416 401 58 551 437 97 327 597 586 
104 689 250 492 462 481 179 189 270 339 750 611 733 828 477 384 232 206 580 544 379 585 333 450 219 717 740 180 243 266 600 329 670 557 441 413 413 572 590 552 699 340 702 675 243 178 602 585 739 431 401 371 464 138 82 733 444 178 736 491 549 590 376 702 637 677 366 153 404 430 436 562 400 397 592 417 638 405 288 160 172 322 665 360 71 456 329 482 704 721 564 696 681 475 786 381 166 747 724 227 409 229 405 496 284 372 557 178 538 188 529 350 301 740 588 362 764 449 405 409 
528 520 452 111 131 97 702 512 311 453 281 336 682 722 577 228 702 522 494 36 523 482 678 169 659 174 162 567 460 466 64 513 347 42 659 419 340 75 525 95 136 701 535 579 549 667 614 213 184 176 346 302 386 557 542 642 618 614 234 645 595 31 665 589 125 677 308 512 281 617 165 192 267 843 257 338 302 745 378 421 412 614 294 219 615 315 772 382 297 150 122 136 603 416 657 210 443 180 154 475 501 418 867 195 445 364 698 409 732 416 487 452 387 284 689 241 351 131 659 353 
658 82 512 652 642 589 741 848 602 423 404 260 144 130 325 693 684 868 182 600 397 177 558 494 647 521 620 606 840 861 659 443 256 627 431 351 378 520 175 680 560 576 66 98 540 695 214 382 544 673 839 774 311 637 793 90 390 641 454 365 259 627 502 73 492 197 777 821 427 404 663 404 442 713 338 375 296 563 491 695 637 509 315 592 737 356 679 297 335 583 473 553 110 292 66 542 753 575 577 534 360 785 744 749 478 408 351 705 411 738 232 411 473 387 308 682 325 606 467 850 
266 744 352 356 332 372 399 53 226 434 697 616 833 917 600 235 447 59 651 426 501 651 522 392 424 628 622 356 24 49 462 455 666 429 601 484 447 484 670 405 597 535 759 755 400 393 711 548 643 288 192 183 513 317 140 820 589 375 668 635 663 463 552 778 556 790 177 72 406 578 298 520 393 614 570 449 624 599 340 139 200 491 642 275 290 474 543 527 672 613 494 596 768 535 864 319 80 643 617 345 516 46 623 322 379 419 704 123 700 88 608 444 360 692 726 222 735 336 573 197 
94 568 157 531 501 500 121 342 295 223 701 529 584 684 325 447 109 363 454 562 236 463 166 435 71 699 744 30 383 408 630 190 590 582 274 304 334 564 458 593 693 176 579 540 93 77 453 537 724 482 512 465 364 44 240 592 282 21 700 329 398 612 207 567 618 524 462 305 352 268 484 520 356 269 531 338 567 241 227 244 207 155 600 383 113 381 194 383 642 718 543 688 542 365 648 383 285 739 718 129 273 351 286 565 183 290 392 267 370 295 402 233 229 688 426 423 697 476 237 521 
576 64 429 518 510 456 685 741 488 347 289 125 241 262 304 565 637 760 132 465 345 118 528 364 596 395 493 540 726 746 525 383 128 492 420 266 270 385 151 545 431 549 77 143 477 639 238 247 420 542 712 648 213 564 698 192 373 580 333 363 261 492 478 141 360 265 651 718 308 383 532 270 323 698 204 267 163 552 393 590 536 469 187 467 663 239 651 195 214 455 339 424 169 204 196 417 646 450 450 455 304 672 728 616 396 307 375 598 432 628 179 336 377 270 341 556 221 475 449 723 
72 580 150 387 356 367 245 210 153 239 625 489 643 733 397 291 267 231 475 430 297 478 315 326 233 595 624 152 233 259 492 248 547 446 389 305 294 451 489 448 580 330 594 575 188 220 515 460 618 331 349 302 350 118 137 637 380 182 612 427 464 478 341 601 514 593 299 176 280 368 334 437 275 431 467 298 514 393 169 82 53 280 541 245 150 334 357 367 579 603 441 576 584 364 686 260 131 627 604 137 318 193 447 408 182 254 495 105 489 135 427 251 185 615 519 267 640 338 362 358 
640 90 495 661 649 598 715 838 597 405 433 275 106 111 296 695 656 858 167 613 374 166 528 500 620 545 644 584 833 855 675 421 278 641 398 337 372 535 154 692 583 544 75 70 517 670 179 398 570 678 840 775 304 617 779 51 359 617 481 331 227 642 470 42 512 157 778 810 425 373 669 418 441 680 354 370 315 530 480 685 626 481 338 592 716 354 648 291 362 607 488 576 75 281 48 544 744 600 601 516 338 778 710 757 461 398 314 696 374 729 215 394 461 415 270 684 356 613 435 851 
163 614 218 319 290 312 329 153 114 299 606 498 698 783 466 211 358 173 518 374 366 519 407 297 326 557 572 245 154 179 427 322 552 385 472 350 318 411 537 378 535 423 630 622 276 308 576 447 577 257 256 211 383 211 134 686 457 275 584 503 528 419 430 646 479 654 207 130 285 447 263 421 275 523 462 321 514 485 206 13 65 368 536 193 224 350 449 398 570 555 410 533 634 403 731 224 58 582 558 214 381 106 538 325 245 287 572 13 571 48 474 309 226 598 592 188 633 279 447 265 
272 790 380 422 398 438 380 22 280 467 760 670 870 957 628 301 435 7 693 492 528 694 526 453 419 693 688 362 74 83 528 480 722 495 617 524 494 548 711 471 663 536 805 796 414 380 744 608 709 354 246 246 558 321 121 860 610 373 732 658 695 528 562 820 620 823 240 56 458 598 364 580 446 599 629 497 682 601 380 175 234 503 701 337 273 525 531 573 732 679 558 662 807 578 906 379 117 708 683 369 548 110 606 386 410 462 726 165 717 136 648 477 399 754 751 287 796 401 586 250 
719 497 613 341 360 318 885 739 515 583 149 336 675 682 658 457 870 749 523 265 636 507 817 337 826 68 102 738 688 696 254 643 306 268 761 523 455 213 553 311 94 840 509 575 704 845 650 248 47 406 573 532 470 738 758 625 715 787 100 728 650 238 789 575 150 693 538 735 418 718 395 254 412 992 276 452 282 871 540 634 613 749 250 430 811 413 926 457 219 85 224 94 602 492 619 404 664 54 79 640 603 645 1019 415 595 494 766 625 813 637 539 578 541 166 744 468 232 354 774 580 
546 255 423 717 698 657 572 782 581 341 594 396 126 225 174 715 504 803 211 690 275 225 364 551 477 683 774 470 794 819 761 323 428 719 227 311 381 629 179 762 710 375 251 173 404 531 85 505 710 714 846 782 318 510 701 168 206 489 632 162 114 730 305 188 629 59 783 748 446 221 707 516 464 490 466 381 449 344 442 635 574 337 481 610 603 390 472 319 517 737 583 703 150 288 223 568 695 738 733 435 259 744 520 803 395 383 114 652 169 687 212 331 421 576 68 698 532 660 268 858 
362 641 362 148 128 177 532 262 171 413 515 481 767 834 578 34 556 268 571 223 491 566 584 236 521 429 414 433 203 208 252 458 520 222 619 428 363 292 597 195 394 603 658 674 446 509 663 386 442 82 115 52 432 406 315 741 592 470 478 632 625 254 594 693 364 739 56 269 303 584 93 357 285 719 419 365 474 661 309 217 242 533 484 133 428 372 644 440 505 407 314 394 692 461 774 181 212 438 412 371 489 169 736 122 374 356 698 196 712 187 541 419 328 513 706 42 567 143 603 125 
314 625 319 179 154 195 485 228 131 376 526 473 742 814 543 59 509 237 548 248 454 544 539 232 474 450 444 386 177 186 287 418 516 252 578 398 338 308 573 232 419 558 641 652 401 462 634 387 465 112 138 74 408 359 271 719 553 423 493 595 594 285 551 672 380 711 74 230 281 545 120 358 265 672 416 340 471 616 271 169 195 490 484 117 381 352 597 417 509 434 323 418 669 435 755 167 168 464 438 328 455 134 688 169 334 326 662 149 673 142 515 383 291 523 672 43 572 159 561 149 
405 523 348 61 38 34 581 386 185 368 369 351 666 723 515 112 586 397 469 93 444 461 579 112 545 289 292 453 338 347 153 424 383 107 580 355 279 147 499 119 260 600 540 567 444 548 577 245 305 71 253 196 340 439 412 634 544 498 333 578 548 139 574 583 220 648 201 384 213 541 60 217 196 736 282 279 336 650 278 291 286 518 342 94 489 271 662 342 361 278 168 258 589 371 660 103 314 306 281 368 431 293 757 146 347 289 638 279 663 287 449 370 291 367 637 118 422 2 574 262 
387 298 270 610 586 553 420 626 442 196 573 365 258 360 35 588 355 648 197 596 122 213 222 449 324 634 715 311 643 668 671 167 415 624 92 194 273 550 180 661 652 238 303 240 245 377 130 448 662 594 709 647 229 350 543 276 53 332 599 35 79 641 164 266 567 194 647 592 337 67 589 449 354 375 416 274 419 226 301 483 423 183 455 485 444 298 340 238 497 680 508 645 232 202 335 450 542 687 677 279 119 594 406 686 245 260 89 501 121 537 160 189 281 555 103 568 530 550 128 721 
214 494 167 248 218 219 388 280 28 218 479 368 595 673 386 181 393 298 405 281 296 404 396 175 352 443 471 260 264 285 347 262 422 300 422 246 197 298 428 310 427 416 510 510 258 354 481 318 465 204 294 232 266 245 259 577 396 304 462 437 438 331 400 532 362 559 232 260 156 388 204 292 144 545 332 200 383 471 114 136 102 341 406 100 302 224 471 278 441 450 289 423 525 290 617 107 186 474 451 181 297 209 565 293 178 175 504 138 516 166 367 225 133 471 515 159 503 193 408 306 
351 464 278 137 113 88 524 378 139 292 362 302 599 660 439 147 524 392 402 147 368 395 507 58 481 308 333 389 340 355 218 349 343 170 504 280 205 162 430 193 289 529 480 502 374 489 504 214 329 129 294 231 268 379 383 569 468 435 336 502 474 197 500 519 229 577 234 368 139 465 121 186 121 668 242 205 298 577 205 259 238 445 311 60 440 201 596 272 338 312 161 286 522 298 599 31 294 337 314 299 355 289 691 217 274 213 562 252 587 268 378 295 217 356 562 139 401 77 499 304 
183 693 280 377 349 380 319 77 194 367 685 580 770 857 529 260 364 99 594 439 429 596 439 376 340 630 638 274 107 132 486 381 634 447 522 425 398 484 611 433 605 451 708 697 320 310 645 527 649 311 259 233 461 234 72 761 513 292 661 560 595 481 470 721 554 723 227 48 367 501 319 501 357 531 544 401 596 516 281 78 135 410 618 266 209 431 460 477 651 624 486 603 708 480 807 302 32 652 627 270 448 86 541 365 311 365 629 75 622 59 549 378 300 678 652 241 714 345 493 266 
3100 2540 2645 1090 1190 1005 3955 3100 2040 2575 1040 1640 3405 3530 3085 1680 3920 3145 2530 720 2890 2460 3735 1215 3705 390 330 3250 2835 2870 665 2880 1600 725 3550 2335 1960 565 2690 940 155 3850 2610 2890 3125 3770 3160 1055 395 1420 2250 2045 2115 3225 3225 3175 3330 3490 760 3430 3115 575 3630 2920 440 3435 2075 3090 1710 3335 1365 1015 1660 4585 1260 1945 1410 4040 2275 2615 2540 3405 1305 1595 3550 1780 4240 2070 1245 215 725 170 3020 2250 3205 1500 2740 360 230 2775 2750 2630 4715 1460 2585 2120 3665 2560 3865 2605 2550 2560 2300 1085 3590 1740 1445 1180 3580 2280 
3312 2976 2568 5504 5304 5064 3272 5312 4040 2104 5288 3624 2352 3168 984 5256 2704 5480 2240 5432 1472 2368 1584 4248 2536 5784 6424 2624 5504 5712 6032 1744 4008 5656 544 2216 2848 5088 2072 5928 5920 1648 2992 2424 2160 2968 1488 4288 6008 5344 6168 5688 2528 2968 4584 2600 664 2704 5496 424 1192 5800 1120 2616 5240 1800 5680 5024 3344 720 5312 4296 3472 2552 4040 2856 4056 1376 2928 4232 3768 1488 4344 4456 3640 3072 2400 2608 4680 6144 4760 5864 2312 2320 3072 4208 4688 6208 6120 2576 1568 5144 2800 6080 2416 2704 464 4400 296 4672 1976 2064 2776 5144 824 5088 4928 5016 840 6256 
1897 2198 868 2961 2793 2583 2660 3304 1806 273 3234 1904 2625 3234 1099 2793 2387 3451 1435 2919 595 1470 1834 1883 2079 3430 3913 1624 3339 3507 3444 630 2324 3108 1547 294 707 2681 1526 3339 3486 1995 2289 2128 1211 2338 1771 2163 3626 2835 3675 3227 721 1792 2856 2562 1274 1925 3304 1512 1456 3255 1638 2303 2905 2324 3234 3094 1092 1260 2807 2107 1197 3073 2037 728 2212 2212 840 2247 1820 1365 2457 2072 2485 994 2639 854 2765 3682 2429 3444 2191 728 2898 1834 2667 3773 3668 1036 483 2975 3269 3479 637 511 1953 2345 2107 2590 1092 196 693 3122 1995 2660 3108 2541 1561 3752 
390 3300 1115 2570 2420 2485 655 1210 1415 1540 3730 2975 3465 3950 2175 2060 895 1300 2745 2800 1700 2775 1395 2270 820 3615 3765 665 1465 1585 3100 1455 3275 2880 1955 1930 1980 2900 2780 2875 3545 1430 3360 3205 995 620 2810 2900 3730 2280 2220 2045 2205 470 675 3485 1990 620 3680 2220 2540 3040 1620 3340 3210 3175 2020 1025 1980 1915 2300 2795 1970 1725 2915 2000 3130 1755 1365 940 910 1360 3275 1875 110 2205 1375 2295 3480 3660 2840 3525 3225 2245 3755 1945 1040 3780 3670 990 1865 1365 1765 2635 1280 1765 2545 1045 2435 1130 2485 1600 1415 3675 2710 1945 3770 2335 1775 2260 
4940 1910 3600 6310 6120 5700 5450 7180 5050 2730 5130 3110 1350 2350 1240 6330 4820 7390 1250 6020 2180 1400 3490 4640 4490 5970 6880 4260 7250 7500 6730 2680 3480 6310 2160 2310 2970 5410 940 6750 6240 3650 1910 1190 3580 5010 40 4180 6250 6290 7680 7030 2320 4630 6450 1490 1800 4530 5490 1490 500 6420 2910 1430 5420 820 7040 6860 3620 1940 6220 4280 3800 4980 3790 2960 3650 3480 3690 5680 5070 3070 3990 5270 5600 3030 4670 2310 4360 6500 4950 6170 1060 2020 2080 4840 6280 6520 6470 3760 1920 6740 5280 7180 3290 3030 1390 5840 1990 6190 1250 2630 3480 4950 1020 6170 4560 5750 2550 7790 
4152 4920 3784 520 760 944 5552 3608 2400 3944 3128 3464 6160 6536 5096 1352 5640 3648 4608 752 4552 4528 5632 1784 5320 2216 1888 4584 3128 3136 560 4400 3616 560 5640 3816 3192 1440 4856 112 1856 5800 5048 5344 4544 5312 5520 2512 2248 952 2024 1768 3640 4448 3992 5864 5352 4936 2736 5608 5320 704 5592 5448 1888 6072 1816 3664 2672 5320 912 2312 2536 6864 2848 3184 3248 6208 3224 3112 3168 5152 3208 1704 4776 3072 6272 3640 3256 1904 1784 1872 5528 3888 6024 1824 3176 2152 1952 3928 4432 2864 7032 728 3784 3296 6080 2984 6296 2960 4496 3968 3328 3160 6048 1512 3688 1000 5600 2064 
430 3000 905 2690 2535 2555 495 1610 1505 1265 3620 2780 3090 3585 1790 2240 540 1705 2435 2865 1345 2475 955 2255 405 3585 3790 300 1835 1955 3195 1110 3085 2960 1530 1670 1800 2900 2455 3000 3545 995 3055 2865 630 315 2430 2795 3710 2430 2515 2300 1965 235 1085 3130 1575 180 3605 1805 2160 3110 1185 3000 3175 2790 2285 1420 1865 1505 2440 2710 1880 1375 2780 1820 2965 1320 1235 1180 1035 935 3125 1955 405 2030 1005 2060 3335 3670 2805 3525 2875 1980 3405 1975 1360 3775 3670 765 1530 1690 1445 2830 1050 1575 2120 1295 2005 1420 2175 1320 1255 3555 2295 2120 3615 2425 1340 2560 
1025 3425 1485 3305 3150 3175 170 2010 2120 1770 4205 3320 3375 3885 2105 2840 305 2095 2855 3485 1745 2910 1005 2870 485 4195 4415 850 2285 2400 3815 1550 3620 3580 1690 2175 2360 3520 2850 3615 4160 970 3475 3230 1095 315 2730 3385 4320 3035 3045 2860 2480 855 1475 3455 1820 610 4200 2020 2465 3735 1300 3370 3790 3045 2840 1830 2465 1745 3050 3305 2480 945 3350 2380 3520 1230 1835 1745 1640 1175 3690 2575 720 2595 655 2575 3900 4285 3420 4140 3220 2470 3745 2595 1865 4390 4290 1345 1950 2195 960 3425 1605 2140 2280 1850 2085 1950 2595 1820 1845 4135 2485 2720 4170 3045 1485 3090 
2863 1533 1918 3927 3780 3507 3304 4417 2940 1302 3444 1988 1533 2205 406 3878 2898 4564 798 3773 945 903 2030 2765 2646 3913 4508 2415 4473 4641 4284 1288 2324 3976 1211 1043 1554 3395 700 4256 4060 2156 1582 1204 1946 2989 637 2618 4109 3878 4795 4347 1155 2667 3913 1554 889 2632 3640 826 329 4074 1645 1393 3472 1183 4354 4193 2016 966 3829 2653 2135 3171 2380 1554 2366 2135 1981 3367 2940 1673 2618 3143 3353 1659 2884 1183 2912 4249 3087 4011 1197 945 1946 2856 3787 4291 4228 2030 742 4109 3388 4508 1694 1554 1057 3479 1386 3724 546 1232 1834 3318 966 3752 3122 3514 1421 4872 
1098 5985 2133 3690 3429 3627 2313 1179 1791 2934 6201 5094 6561 7380 4338 2691 2700 1368 5049 4185 3429 5076 3393 3447 2493 5814 5967 1917 1539 1764 4662 2997 5607 4293 4194 3519 3375 4500 5184 4221 5625 3501 6111 5958 2367 2214 5409 4743 6003 3123 2862 2565 3906 1548 468 6516 4149 2052 6030 4572 4950 4590 3699 6183 5103 6111 2529 846 3186 4032 3177 4518 3123 4203 4851 3411 5283 4086 2268 720 1008 3168 5517 2556 1332 3717 3564 4059 5841 5814 4464 5607 6039 4050 6957 2799 738 6057 5841 1998 3636 1323 4302 3690 2421 3042 5184 846 5094 918 4626 3033 2430 6120 5418 2493 6399 3330 3915 2934 
2928 3918 2766 486 576 864 3966 2358 1662 2964 2718 2856 4806 5124 3882 750 4074 2382 3624 888 3432 3576 4146 1476 3846 2058 1824 3300 1986 1980 828 3282 3000 780 4236 2928 2478 1404 3804 486 1800 4272 4020 4206 3318 3810 4272 2166 2094 540 1110 954 2850 3174 2706 4602 4038 3546 2436 4248 4092 924 4152 4296 1782 4698 990 2424 2082 4008 552 2004 1980 5022 2412 2478 2724 4590 2382 2094 2190 3804 2718 1200 3360 2436 4578 2868 2778 1836 1632 1812 4338 3036 4746 1380 2088 2028 1872 2856 3366 1818 5136 138 2796 2520 4620 1980 4758 1938 3504 2988 2472 2736 4626 888 3120 798 4176 1140 
4116 3556 3507 1274 1414 1155 5320 4081 2618 3437 1596 2275 4746 4956 4200 2093 5285 4151 3486 749 3892 3395 5047 1498 4977 749 679 4340 3717 3759 721 3864 2268 763 4830 3129 2590 609 3710 1085 455 5208 3661 4018 4179 5061 4354 1428 791 1729 2905 2611 2842 4298 4270 4438 4529 4676 1232 4683 4270 567 4921 4074 609 4767 2653 4074 2219 4529 1659 1337 2142 6230 1729 2576 1981 5488 2989 3416 3318 4592 1862 1988 4739 2366 5740 2793 1820 553 889 462 4200 3038 4501 1869 3584 763 581 3682 3710 3423 6405 1813 3430 2800 5026 3339 5292 3395 3486 3423 3024 1645 4935 2184 2142 1400 4858 2954 
2172 3048 1830 612 444 426 3222 2142 858 1974 2322 2058 3864 4230 2886 630 3252 2220 2682 798 2436 2640 3216 588 3006 1914 1980 2454 1884 1956 1182 2304 2286 900 3246 1932 1488 1038 2850 972 1758 3348 3150 3282 2406 3024 3294 1494 2022 504 1512 1140 1878 2370 2250 3684 3042 2724 2136 3252 3102 1092 3192 3384 1464 3732 1164 2112 1098 3018 462 1320 990 4152 1680 1488 2016 3648 1416 1518 1458 2856 2076 306 2682 1476 3714 1902 2220 1878 1098 1746 3402 2058 3858 384 1674 2040 1896 1944 2370 1596 4284 1038 1836 1518 3618 1452 3762 1518 2532 1992 1500 2298 3630 606 2592 258 3204 1572 
1755 3085 1715 685 565 800 2615 1345 760 1955 2480 2285 3715 4050 2780 80 2720 1385 2735 1045 2350 2710 2835 1065 2540 2070 2015 2095 1075 1110 1220 2190 2485 1055 2990 2025 1700 1370 2865 945 1900 2935 3165 3245 2145 2495 3195 1820 2135 345 695 375 2040 1970 1575 3585 2850 2285 2300 3050 3010 1220 2875 3345 1730 3575 395 1365 1395 2820 395 1675 1305 3525 1980 1705 2255 3220 1440 1050 1145 2575 2305 545 2105 1735 3155 2080 2420 1975 1470 1895 3340 2185 3750 785 1060 2125 1995 1770 2335 875 3615 645 1770 1660 3380 955 3455 930 2585 1985 1530 2465 3420 90 2730 620 2920 750 
2653 2373 1827 1687 1575 1253 3759 3304 1498 1652 2030 1267 3353 3759 2443 1897 3633 3423 1981 1491 2100 1918 3283 518 3318 1988 2415 2716 3122 3241 2002 2079 1596 1694 3038 1344 798 1176 2191 1988 2002 3444 2492 2660 2464 3465 2758 868 2177 1757 2926 2478 1127 2744 3185 3129 2744 3052 1981 2919 2597 1799 3129 2772 1435 3241 2499 3192 462 2737 1694 728 434 4494 945 784 1309 3703 1330 2331 2044 2814 1463 1218 3311 623 4018 1113 1715 2191 931 1960 2807 1337 3325 868 2667 2303 2184 2023 1925 2744 4676 2331 1701 1015 3297 2331 3535 2506 1862 1631 1323 1953 3248 1834 2149 1316 3066 3003 
2184 1918 1162 3108 2947 2709 2891 3598 2058 539 3122 1736 2338 2947 924 3003 2583 3738 1148 3010 623 1190 1939 1981 2289 3402 3920 1876 3619 3780 3535 791 2156 3213 1505 196 749 2723 1232 3465 3486 2100 2009 1834 1435 2569 1498 2107 3598 3017 3913 3465 567 2058 3150 2268 1197 2156 3234 1379 1211 3339 1687 2016 2898 2051 3465 3388 1197 1204 2975 2079 1316 3178 1939 763 2072 2261 1113 2534 2107 1484 2324 2268 2758 966 2779 686 2632 3682 2443 3444 1897 497 2611 2002 2954 3759 3668 1316 385 3248 3381 3654 924 679 1785 2632 1988 2870 798 455 966 3010 1792 2877 2954 2688 1568 3990 
1048 5336 1928 3208 2976 3168 2152 984 1544 2640 5480 4520 5872 6592 3896 2312 2488 1152 4512 3656 3096 4536 3096 3016 2296 5120 5248 1776 1280 1480 4080 2704 4968 3752 3792 3152 3008 3944 4632 3680 4944 3192 5448 5320 2168 2064 4848 4184 5280 2704 2456 2192 3480 1448 432 5816 3744 1912 5320 4120 4440 4016 3360 5520 4488 5472 2160 696 2816 3640 2752 3984 2760 3824 4288 3032 4680 3704 2024 584 888 2880 4880 2216 1272 3304 3256 3616 5168 5112 3928 4928 5392 3616 6208 2440 560 5328 5136 1816 3272 1080 3912 3200 2184 2712 4664 680 4592 728 4136 2728 2168 5408 4864 2144 5664 2896 3552 2512 
3060 1116 2208 2340 2292 1968 3858 3852 2304 1818 1272 42 2124 2328 1968 2658 3642 3960 1104 2016 1980 1014 3120 1440 3378 1728 2286 2952 3714 3828 2382 2124 402 2184 2634 1344 1146 1548 1290 2496 1908 3258 1212 1500 2628 3582 1866 726 1890 2496 3540 3162 972 3048 3672 1860 2346 3222 1446 2382 1872 2190 2880 1548 1440 2160 3186 3732 1236 2382 2436 846 1302 4176 462 1122 348 3366 1896 2970 2682 2730 564 2094 3606 888 3840 864 822 2064 1266 1866 1656 1038 1938 1794 3288 2058 2034 2382 1746 3390 4356 2928 2034 1410 2574 3000 2868 3162 1212 1764 1824 1164 2430 2616 1074 2088 2748 3606 
4570 6170 4240 490 570 1090 6320 3810 2420 4550 4310 4410 7630 8180 6080 1000 6470 3860 5660 1240 5330 5580 6550 2080 6080 3280 3000 5170 3210 3230 1350 5090 4680 1130 6670 4490 3740 2080 5960 760 2880 6760 6340 6630 5170 6040 6730 3290 3370 550 1920 1530 4360 4960 4300 7290 6340 5590 3860 6690 6430 1430 6550 6780 2740 7450 1590 3880 3080 6290 550 3020 2900 8030 3690 3740 4220 7290 3590 3230 3340 5970 4230 1630 5320 3670 7290 4390 4350 2980 2430 2890 6850 4670 7540 1910 3270 3290 3030 4400 5220 2880 8230 510 4290 3800 7310 3050 7540 3010 5450 4590 3740 4320 7320 1210 4940 940 6580 1990 
1395 2385 1085 950 800 770 2265 1605 345 1245 2115 1665 2975 3325 2040 740 2275 1685 2000 1080 1635 1980 2240 570 2065 1895 2030 1605 1465 1550 1420 1505 1910 1180 2300 1275 955 1165 2130 1250 1805 2350 2465 2520 1560 2095 2445 1330 2000 785 1420 1095 1300 1545 1580 2855 2140 1835 2010 2330 2260 1330 2230 2620 1495 2830 1100 1535 665 2115 770 1195 585 3020 1430 960 1700 2605 750 955 830 1945 1795 230 1840 1020 2650 1345 1950 1920 1140 1790 2605 1440 3035 210 1160 2045 1930 1180 1600 1195 3125 1245 1100 915 2650 935 2740 1040 1840 1265 830 2080 2680 655 2265 660 2250 1475 
4150 2180 2720 3650 3500 3020 5460 5610 3070 2070 2930 1030 3550 4120 2590 3930 5120 5800 1590 3280 2430 1500 4310 1990 4680 3400 4220 3950 5450 5650 3990 2610 1640 3580 3620 1320 970 2660 1900 4040 3580 4540 2340 2550 3430 5010 2780 1530 3680 3760 5380 4730 720 4120 5230 3220 3150 4410 3090 3290 2620 3670 3950 2710 2740 3420 4760 5390 1270 3190 3670 1570 1420 6080 1250 930 1440 4770 2220 4110 3590 3640 1800 2900 5060 580 5480 570 2230 3860 2210 3520 2760 920 3510 2410 4670 3930 3830 3000 2060 4910 6360 4590 2430 1400 3720 4180 4150 4480 1510 1990 2100 2760 3570 3810 2730 3130 3760 5490 
2870 6470 3280 7250 6950 6900 1520 5140 4910 3560 8520 6590 6070 7090 3700 6450 940 5320 5360 7500 3240 5490 1380 6150 1260 8690 9240 2170 5650 5890 8210 2990 7180 7720 2670 4290 4840 7430 5280 7870 8690 1190 6540 5960 2320 1480 4860 6940 8960 6790 7050 6620 4900 2410 4070 6320 3040 1770 8590 3350 4360 8010 1930 6220 7890 5390 6580 4770 5190 2910 6800 6830 5260 730 6800 4870 7050 1460 4020 4380 4050 1990 7410 5770 2540 5290 160 5080 7850 8950 7170 8640 5890 4810 6910 5710 4730 9130 8950 3040 3650 5390 890 7620 3410 4430 3740 4610 3260 4860 4870 3630 3970 8360 4190 6210 8320 6690 2280 7140 
3486 3591 2968 616 728 462 4697 3381 1960 2989 2072 2310 4704 5005 3892 1407 4704 3451 3360 70 3493 3283 4557 1008 4403 1379 1351 3759 3024 3073 553 3409 2429 259 4445 2779 2226 532 3584 630 1141 4711 3703 3983 3647 4459 4186 1463 1470 1050 2275 1939 2576 3689 3577 4431 4165 4088 1764 4361 4046 357 4473 4067 973 4648 1981 3374 1799 4151 973 1302 1694 5705 1764 2219 2107 5026 2450 2730 2667 4109 2072 1316 4088 2072 5201 2555 2128 1253 826 1134 4151 2786 4557 1260 2891 1456 1281 3122 3346 2723 5866 1260 2919 2380 4746 2646 4970 2702 3290 2989 2513 2079 4697 1484 2527 700 4438 2324 
707 4424 1428 2765 2555 2688 1778 1106 1218 2051 4627 3745 4879 5509 3157 2016 2023 1253 3696 3122 2450 3717 2492 2499 1834 4354 4501 1330 1323 1505 3521 2114 4144 3220 3073 2506 2401 3339 3801 3185 4221 2583 4522 4403 1652 1659 3983 3486 4501 2338 2261 1988 2807 1057 595 4837 3017 1484 4508 3353 3626 3444 2702 4578 3794 4529 1960 861 2261 2933 2373 3318 2219 3192 3563 2429 3899 3031 1533 448 574 2282 4081 1841 1029 2667 2681 2926 4333 4375 3297 4200 4466 2919 5180 2002 637 4557 4389 1330 2604 1099 3283 2821 1659 2135 3829 588 3773 721 3367 2135 1652 4564 4004 1862 4767 2464 2863 2324 
3437 826 2408 3199 3115 2758 4228 4592 2835 1848 2086 658 1876 2205 1736 3444 3920 4732 644 2891 1897 532 3213 2065 3626 2660 3311 3199 4501 4648 3346 2128 952 3087 2541 1281 1295 2380 861 3437 2863 3360 938 1148 2779 3906 1533 1456 2856 3311 4466 4011 889 3367 4284 1603 2205 3493 2324 2198 1561 3122 2891 1239 2310 1883 4032 4424 1589 2261 3248 1561 1694 4424 1162 1274 1036 3437 2149 3535 3150 2772 1274 2737 4046 1092 4067 763 1547 3052 2051 2814 1323 847 1764 2387 3934 3052 3017 2590 1610 4123 4641 3871 2177 1547 2380 3591 2751 3808 826 1771 2037 1960 2198 3374 1757 2863 2709 4543 
4920 3980 3880 1910 1930 1360 6580 5360 2940 3680 2060 2140 5620 6010 4720 2770 6450 5490 3750 1260 4300 3630 6010 1120 6010 1580 2130 5120 4940 5070 1850 4290 2310 1530 5630 3200 2440 460 4070 2060 1540 6240 4140 4580 4820 6180 4980 930 1830 2360 4180 3620 2780 5120 5410 5200 5190 5610 1780 5410 4830 1530 5790 4680 760 5590 3670 5270 1960 5200 2240 700 1880 7730 1360 2420 1850 6610 3150 4160 3890 5340 1820 2180 5840 2100 7050 2710 1960 1810 30 1490 4830 3060 5360 1820 4520 1980 1800 4150 4030 4450 7990 2900 3730 2770 5900 4100 6290 4270 3720 3650 3170 2020 5780 2800 2560 1680 5690 4270 
1448 3296 464 3656 3432 3296 2208 3288 1984 520 4456 2992 3584 4336 1568 3240 1920 3456 2392 3736 768 2456 1472 2600 1560 4576 5040 1032 3424 3632 4328 376 3480 3936 1608 1168 1496 3600 2448 4128 4584 1656 3392 3128 560 1840 2544 3176 4784 3392 4080 3608 1656 1248 2648 3584 1456 1368 4496 1824 2120 4136 1424 3344 3944 3152 3600 3016 1776 1376 3376 3080 1848 2832 3080 1528 3328 2024 944 2152 1672 968 3600 2512 2048 1864 2296 1808 3944 4800 3360 4544 3168 1656 4008 2352 2616 4936 4792 504 984 3048 3040 4120 392 1160 2376 2304 2384 2584 1984 600 848 4336 2544 3064 4360 3176 1472 4160 
5010 2680 3810 6910 6700 6310 5260 7390 5440 3020 5930 3890 1650 2670 1330 6830 4570 7600 2030 6680 2320 2190 3180 5260 4300 6740 7630 4240 7530 7780 7410 2800 4280 6970 1810 2790 3520 6110 1730 7380 6990 3300 2660 1900 3580 4850 790 4930 7020 6840 8110 7470 2940 4640 6570 1990 1600 4430 6280 1150 840 7100 2590 2100 6160 960 7480 7050 4180 1750 6780 5010 4360 4480 4550 3530 4440 3010 4040 5940 5330 2910 4780 5780 5560 3660 4270 2970 5160 7260 5660 6920 1710 2640 2570 5380 6530 7290 7220 3910 2200 7040 4780 7740 3540 3500 730 6110 1320 6470 1930 2930 3840 5750 270 6650 5360 6330 2220 8220 
4944 4000 4200 1760 1920 1600 6304 4960 3248 4072 1600 2560 5384 5584 4880 2696 6240 5040 3984 1152 4568 3880 5928 1912 5888 576 576 5168 4544 4600 1104 4560 2496 1176 5624 3688 3088 872 4240 1536 216 6120 4112 4560 4960 6000 5000 1624 608 2280 3624 3288 3328 5136 5152 5016 5272 5552 1160 5440 4920 944 5760 4600 640 5432 3336 4944 2688 5288 2192 1568 2616 7296 1952 3064 2192 6416 3608 4176 4048 5400 2024 2536 5656 2800 6744 3256 1920 352 1112 224 4768 3544 5064 2376 4384 576 376 4400 4344 4208 7504 2368 4096 3344 5808 4088 6136 4168 4024 4048 3640 1672 5680 2792 2248 1888 5680 3672 
2030 3870 590 3770 3500 3300 3370 3910 1850 600 4850 3160 4560 5430 2290 3350 3120 4120 2820 3850 1380 2860 2670 2420 2670 4920 5480 1860 3960 4200 4590 1080 3760 4100 2680 1120 1180 3670 2970 4350 4910 2900 4010 3830 1450 2930 3330 3220 5180 3490 4520 3900 1600 1990 3300 4460 2380 2330 4860 2790 2870 4350 2570 4080 4120 4120 3900 3610 1410 2310 3460 3070 1490 4360 3150 1220 3510 3350 440 2390 1790 2040 3840 2380 2930 1650 3670 1790 4260 5180 3390 4860 3940 1720 4940 2130 2990 5360 5180 880 1410 3440 4610 4410 360 740 3460 2540 3580 2890 2350 680 260 4720 3580 3140 4810 3170 2580 4630 
2406 3258 2112 336 156 318 3456 2214 1086 2256 2346 2232 4104 4452 3162 546 3510 2274 2922 636 2718 2874 3492 786 3264 1848 1830 2712 1914 1968 954 2592 2424 696 3534 2208 1758 1008 3096 702 1656 3624 3354 3510 2676 3270 3552 1602 1932 294 1386 1044 2136 2616 2394 3912 3324 2976 2124 3534 3372 894 3474 3612 1440 3990 1074 2208 1362 3300 228 1434 1254 4422 1818 1758 2148 3930 1698 1686 1680 3138 2184 546 2898 1722 3978 2154 2298 1758 1140 1650 3636 2316 4074 666 1800 1932 1782 2220 2652 1656 4548 774 2118 1800 3900 1602 4044 1638 2790 2274 1782 2334 3900 594 2664 114 3486 1440 
6550 1020 5110 6740 6630 6110 7300 8530 6120 4210 4380 2860 1080 1000 3100 7090 6710 8730 1820 6240 3890 1810 5420 5130 6350 5530 6530 5990 8480 8700 6860 4360 2870 6520 4110 3530 3870 5460 1690 7040 5910 5580 860 850 5320 6850 1920 4090 5770 6920 8550 7900 3190 6320 7950 560 3730 6320 4880 3440 2410 6530 4840 580 5210 1650 7920 8250 4390 3870 6820 4300 4560 6920 3650 3850 3250 5420 4950 7000 6420 4950 3460 6070 7320 3690 6610 3060 3690 6150 4990 5840 880 2970 350 5580 7590 6070 6090 5320 3530 7940 7230 7700 4770 4140 3250 7110 3850 7450 2300 4090 4760 4210 2800 6980 3610 6270 4490 8650 
775 3060 1120 3010 2860 2860 345 1930 1830 1395 3835 2940 3045 3555 1760 2580 195 2025 2490 3165 1380 2540 740 2530 135 3845 4075 490 2170 2290 3510 1175 3245 3270 1395 1795 1985 3175 2485 3320 3815 745 3110 2880 715 135 2395 3020 3970 2760 2865 2650 2100 555 1395 3115 1495 250 3835 1710 2125 3415 1015 3015 3435 2725 2630 1745 2100 1420 2770 2940 2125 1025 2980 2005 3145 1055 1480 1530 1375 840 3315 2275 650 2220 665 2200 3525 3945 3065 3795 2870 2090 3400 2270 1705 4045 3945 980 1580 2035 1095 3170 1230 1765 1995 1645 1835 1765 2230 1440 1480 3765 2190 2460 3790 2740 1195 2910 
5150 2710 3850 3180 3150 2580 6640 6130 3560 3360 1590 870 4400 4720 3940 3860 6370 6290 2660 2580 3790 2510 5650 1870 5920 2070 2970 5120 5830 5990 3140 3930 1010 2840 5000 2660 2100 1750 2980 3380 2330 5880 2860 3370 4670 6200 3930 380 2350 3530 5330 4720 2090 5220 5980 3960 4520 5600 1710 4650 3890 2820 5320 3440 1540 4460 4760 5980 1970 4570 3420 650 2000 7420 120 2060 550 6140 3210 4760 4350 4980 670 3040 6090 1640 6800 1950 1020 2590 1290 2260 3620 2290 4070 2570 5230 2620 2550 4140 3440 5300 7700 4170 3600 2540 5030 4760 5490 4990 2760 3290 3150 1450 4830 3830 1640 2840 5140 5430 
3520 6570 3780 7820 7520 7440 2190 5820 5500 3940 8850 6870 5980 7000 3790 7060 1620 6000 5500 8030 3500 5640 1620 6640 1890 9110 9710 2770 6330 6570 8750 3340 7450 8260 2670 4610 5220 7910 5380 8430 9140 1390 6620 5990 2810 2160 4840 7330 9380 7380 7710 7260 5210 3040 4750 6280 3100 2400 8970 3330 4380 8530 2030 6240 8330 5290 7230 5460 5630 2990 7380 7230 5720 150 7150 5260 7360 1340 4520 5040 4670 2290 7720 6340 3220 5660 660 5380 8160 9410 7610 9090 5890 5080 6870 6250 5400 9570 9400 3560 3900 6060 460 8230 3870 4830 3610 5270 3060 5520 5030 3990 4450 8690 4070 6820 8600 7240 2330 7800 
1985 2380 1615 510 425 220 2850 2035 905 1670 1685 1520 3100 3375 2375 745 2850 2100 2115 505 2040 2075 2760 325 2635 1350 1445 2175 1820 1880 865 1960 1690 620 2725 1575 1185 620 2265 760 1240 2870 2460 2600 2100 2675 2660 1015 1450 580 1475 1175 1480 2125 2105 2935 2535 2410 1530 2695 2525 755 2715 2680 970 3015 1200 2000 860 2520 530 870 775 3570 1185 1180 1460 3105 1250 1485 1410 2445 1500 465 2420 1125 3210 1485 1610 1345 665 1225 2710 1630 3065 390 1635 1475 1355 1725 1960 1580 3685 965 1595 1250 2990 1440 3125 1505 2020 1675 1305 1665 2975 745 1920 245 2705 1525 
2508 5040 2922 2118 2034 2352 3306 1110 1950 3372 4386 4146 5694 6150 4386 1500 3600 1032 4548 2586 3804 4536 4032 2688 3462 3822 3648 3042 774 630 2652 3546 4398 2538 4458 3594 3288 3036 4686 2298 3588 4116 5136 5178 3276 3276 4998 3606 3882 1758 714 990 3708 2808 1740 5580 4362 3168 4146 4632 4734 2718 4194 5304 3462 5472 960 1314 2976 4302 1830 3432 2880 4602 3792 3300 4128 4500 2760 1668 2010 3828 4194 2010 2652 3402 4176 3774 4326 3648 3180 3594 5274 3858 5808 2310 1362 3834 3678 2904 3864 984 4656 1686 3066 3174 5046 1542 5052 1338 4326 3426 2886 4374 5154 1506 4698 2154 4308 684 
2165 2090 1690 770 735 460 3005 2360 1155 1645 1345 1200 2850 3095 2255 1100 2965 2425 1885 560 1990 1830 2790 260 2745 1090 1290 2295 2160 2225 925 1950 1350 705 2665 1465 1070 385 2040 935 1030 2905 2170 2345 2165 2815 2465 660 1205 925 1825 1530 1310 2275 2385 2670 2460 2535 1210 2590 2360 775 2710 2410 685 2800 1555 2310 780 2455 865 515 715 3635 845 1060 1115 3110 1320 1760 1635 2465 1145 770 2620 950 3285 1295 1250 1155 335 1010 2460 1460 2775 595 1940 1260 1155 1815 1875 1910 3760 1260 1630 1200 2860 1725 3030 1810 1825 1640 1345 1320 2825 1100 1565 575 2675 1875 
4428 900 3105 4347 4230 3780 5382 6012 3780 2349 2934 1107 2151 2619 2043 4626 4959 6183 576 3960 2340 423 3996 2880 4590 3690 4527 4086 5913 6111 4563 2664 1458 4221 3087 1629 1764 3321 837 4662 3951 4194 1044 1224 3519 4968 1710 2142 3942 4473 5931 5346 1188 4311 5571 1818 2655 4446 3249 2619 1773 4275 3573 1359 3240 2151 5364 5778 2196 2736 4392 2268 2340 5544 1764 1737 1593 4257 2826 4635 4131 3456 1899 3699 5202 1557 5112 1044 2241 4194 2898 3888 1440 1071 2070 3258 5157 4194 4149 3330 1962 5427 5823 5202 2799 2061 2826 4716 3303 5004 873 2250 2673 2772 2574 4518 2466 3906 3321 6030 
2416 4512 2376 5640 5408 5312 1720 4384 3832 2424 6328 4736 4120 4936 2288 5096 1136 4544 3640 5768 2048 3752 552 4632 1168 6568 7064 1728 4728 4928 6352 1936 5200 5960 1416 2936 3440 5632 3552 6120 6600 368 4560 4064 1616 1536 3168 5120 6784 5320 5728 5328 3408 2008 3552 4328 1744 1536 6432 1952 2784 6168 872 4272 5944 3568 5312 4088 3792 1640 5320 5048 3880 880 4968 3472 5128 432 2952 3600 3248 1088 5416 4464 2376 3784 616 3544 5768 6816 5376 6560 4000 3304 4800 4352 3944 6944 6808 2232 2360 4472 1128 6024 2416 3144 2248 3784 1864 4016 3272 2456 2880 6200 2608 4912 6120 5168 1120 5808 
3600 1836 2832 2088 2112 1776 4500 4092 2580 2538 432 858 2898 2988 2832 2616 4344 4182 1974 1656 2784 1878 3906 1494 4074 918 1512 3594 3876 3960 1896 2880 684 1782 3486 2112 1782 1134 2154 2112 1152 4044 1914 2292 3324 4242 2730 582 1068 2370 3462 3126 1758 3648 4044 2604 3198 3882 570 3252 2748 1710 3696 2298 810 2994 3156 4014 1686 3228 2298 738 1698 4968 594 1758 528 4188 2442 3306 3084 3504 330 2196 4158 1506 4602 1662 234 1290 936 1116 2448 1866 2598 1938 3564 1248 1254 3000 2562 3570 5142 2670 2688 2046 3450 3294 3744 3420 2088 2496 2406 348 3306 2622 582 1962 3582 3516 
832 5512 2000 3936 3696 3848 1432 1512 2160 2712 6000 4888 5864 6624 3816 3072 1856 1648 4640 4352 3032 4680 2664 3600 1752 5736 5920 1440 1944 2128 4800 2632 5360 4456 3528 3304 3304 4576 4720 4416 5592 2720 5616 5400 1944 1424 4816 4680 5912 3448 3208 2968 3712 1104 656 5864 3552 1424 5888 3928 4392 4720 3008 5616 5096 5416 2928 1224 3232 3440 3488 4496 3200 3176 4736 3336 5104 3240 2304 1280 1376 2576 5320 2880 568 3648 2632 3856 5632 5768 4512 5568 5448 3800 6288 3048 1328 5976 5792 1816 3272 1832 3240 3968 2272 2976 4456 1424 4304 1504 4232 2800 2408 5920 4704 2896 6112 3592 3240 3272 
3696 3640 3164 777 917 679 4914 3584 2177 3171 1967 2352 4774 5054 4039 1596 4914 3654 3458 252 3661 3374 4746 1183 4613 1218 1134 3969 3220 3262 448 3591 2429 294 4613 2933 2380 525 3675 665 952 4907 3745 4053 3843 4669 4298 1491 1288 1232 2422 2114 2702 3899 3794 4494 4326 4298 1638 4515 4165 217 4655 4123 875 4739 2156 3584 1967 4319 1155 1344 1869 5901 1799 2366 2114 5215 2646 2947 2884 4298 2058 1533 4305 2205 5404 2674 2079 1050 854 952 4221 2912 4599 1470 3101 1260 1078 3325 3507 2926 6069 1365 3115 2548 4886 2863 5124 2912 3409 3164 2709 1988 4823 1687 2457 917 4613 2471 
3290 410 2560 3260 3210 2945 3705 4240 3010 2115 2020 1300 720 650 1625 3465 3420 4340 910 3000 1985 885 2790 2470 3235 2605 3100 3030 4200 4305 3295 2215 1280 3135 2155 1755 1890 2600 875 3400 2800 2880 330 490 2700 3475 1070 1910 2720 3365 4195 3870 1555 3185 3965 450 1950 3205 2270 1825 1295 3135 2510 365 2460 985 3885 4105 2135 2020 3315 2020 2210 3565 1690 1875 1480 2815 2455 3475 3185 2545 1575 2960 3685 1780 3395 1485 1675 2915 2365 2765 550 1460 330 2710 3765 2875 2885 2670 1800 3925 3720 3745 2390 2040 1755 3525 2055 3690 1160 2055 2365 1935 1540 3410 1625 3030 2335 4250 
2660 7440 3520 3560 3320 3720 3990 530 2260 4340 6970 6160 8330 9170 6000 2350 4470 590 6510 4260 5010 6510 5220 3920 4240 6280 6220 3560 240 490 4620 4550 6660 4290 6010 4840 4470 4840 6700 4050 5970 5350 7590 7550 4000 3930 7110 5480 6430 2880 1920 1830 5130 3170 1400 8200 5890 3750 6680 6350 6630 4630 5520 7780 5560 7900 1770 720 4060 5780 2980 5200 3930 6140 5700 4490 6240 5990 3400 1390 2000 4910 6420 2750 2900 4740 5430 5270 6720 6130 4940 5960 7680 5350 8640 3190 800 6430 6170 3450 5160 460 6230 3220 3790 4190 7040 1230 7000 880 6080 4440 3600 6920 7260 2220 7350 3360 5730 1970 
846 5112 1413 4779 4509 4500 1089 3078 2655 2007 6309 4761 5256 6156 2925 4023 981 3267 4086 5058 2124 4167 1494 3915 639 6291 6696 270 3447 3672 5670 1710 5310 5238 2466 2736 3006 5076 4122 5337 6237 1584 5211 4860 837 693 4077 4833 6516 4338 4608 4185 3276 396 2160 5328 2538 189 6300 2961 3582 5508 1863 5103 5562 4716 4158 2745 3168 2412 4356 4680 3204 2421 4779 3042 5103 2169 2043 2196 1863 1395 5400 3447 1017 3429 1746 3447 5778 6462 4887 6192 4878 3285 5832 3447 2565 6651 6462 1161 2457 3159 2574 5085 1647 2610 3528 2403 3330 2655 3618 2097 2061 6192 3834 3807 6273 4284 2133 4689 
4032 448 3003 3626 3570 3192 4795 5187 3416 2429 2023 875 1687 1834 2128 3955 4459 5320 924 3255 2415 826 3696 2548 4172 2765 3451 3780 5082 5222 3675 2681 896 3444 2940 1862 1890 2695 1057 3815 3017 3843 539 1001 3339 4473 1666 1729 2940 3794 4984 4536 1491 3948 4886 1344 2611 4060 2331 2541 1827 3444 3346 987 2520 1855 4557 5026 2156 2681 3724 1890 2261 4886 1428 1869 1141 3864 2751 4130 3752 3283 1309 3269 4641 1673 4557 1365 1498 3185 2373 2968 1183 1428 1372 2919 4522 3150 3150 3185 2128 4704 5096 4312 2772 2149 2625 4186 3024 4396 1253 2352 2639 1890 2387 3892 1547 3325 3143 5061 
360 2900 750 1935 1780 1835 1225 1050 765 1195 3125 2445 3215 3665 1985 1455 1335 1155 2375 2150 1485 2390 1575 1630 1165 2975 3120 760 1165 1295 2460 1240 2735 2230 1945 1525 1470 2255 2445 2240 2900 1650 2970 2875 940 1100 2575 2300 3090 1655 1745 1510 1750 590 685 3185 1900 910 3060 2135 2320 2390 1705 3005 2570 2965 1495 880 1400 1840 1670 2185 1375 2155 2335 1490 2570 1965 845 410 265 1400 2705 1225 750 1670 1785 1835 2895 3015 2205 2880 2920 1820 3430 1300 655 3135 3020 685 1590 965 2235 2040 910 1270 2475 525 2445 675 2135 1255 925 3075 2595 1335 3200 1690 1810 1790 
3840 540 2970 3966 3894 3588 4290 5028 3582 2430 2598 1650 636 666 1776 4170 3936 5148 1002 3678 2244 996 3168 3000 3720 3270 3864 3504 4998 5130 4050 2526 1668 3846 2388 2022 2232 3210 924 4152 3498 3264 450 420 3102 4020 1074 2388 3420 4068 5040 4650 1824 3702 4674 306 2154 3702 2886 1986 1362 3852 2820 252 3072 942 4668 4860 2550 2238 4014 2508 2646 4080 2124 2220 1890 3180 2880 4110 3756 2886 2028 3552 4296 2124 3888 1746 2172 3642 2928 3456 450 1686 288 3264 4464 3600 3606 3096 2028 4668 4260 4542 2766 2388 1884 4176 2244 4374 1290 2364 2766 2490 1620 4104 2136 3678 2610 5106 
1304 4912 1744 2552 2320 2496 2632 1224 912 2392 4848 3984 5584 6264 3728 1688 2864 1384 4144 2992 2928 4152 3256 2376 2608 4456 4576 1960 1232 1432 3416 2576 4416 3080 3776 2800 2544 3288 4296 3024 4280 3384 5040 4976 2208 2464 4608 3576 4616 2056 2048 1688 3064 1688 1072 5488 3656 2200 4672 4024 4224 3352 3440 5168 3832 5232 1656 1040 2280 3576 2104 3368 2200 4184 3696 2568 4112 3880 1648 104 520 2944 4288 1544 1792 2800 3592 3184 4560 4440 3280 4264 5072 3224 5848 1792 464 4656 4464 1712 3048 848 4304 2600 1960 2296 4576 104 4568 384 3792 2472 1808 4784 4736 1504 5064 2232 3576 2120 
1360 3950 1900 2110 1990 2190 1900 110 1400 2335 3800 3350 4350 4785 3140 1505 2175 35 3465 2460 2640 3470 2630 2265 2095 3465 3440 1810 370 415 2640 2400 3610 2475 3085 2620 2470 2740 3555 2355 3315 2680 4025 3980 2070 1900 3720 3040 3545 1770 1230 1230 2790 1605 605 4300 3050 1865 3660 3290 3475 2640 2810 4100 3100 4115 1200 280 2290 2990 1820 2900 2230 2995 3145 2485 3410 3005 1900 875 1170 2515 3505 1685 1365 2625 2655 2865 3660 3395 2790 3310 4035 2890 4530 1895 585 3540 3415 1845 2740 550 3030 1930 2050 2310 3630 825 3585 680 3240 2385 1995 3770 3755 1435 3980 2005 2930 1250 
6471 4473 5517 3069 3240 2862 7965 6651 4635 5247 1341 3024 6075 6138 5922 4113 7830 6741 4707 2385 5724 4563 7353 3033 7434 612 918 6642 6192 6264 2286 5787 2754 2412 6849 4707 4095 1917 4977 2799 846 7560 4581 5175 6336 7605 5850 2232 423 3654 5157 4788 4230 6642 6822 5625 6435 7083 900 6552 5850 2142 7101 5175 1350 6237 4842 6615 3762 6462 3555 2286 3708 8928 2484 4068 2538 7839 4860 5706 5517 6741 2250 3870 7299 3717 8334 4113 1971 765 2016 846 5418 4428 5571 3636 5976 486 711 5760 5427 5805 9171 3735 5355 4446 6894 5625 7317 5733 4851 5202 4869 1494 6696 4212 2088 3186 6966 5220 
2730 1275 2115 3585 3490 3285 2860 3910 2905 1705 2970 1980 630 1125 870 3575 2520 4015 1055 3450 1375 1125 1820 2755 2385 3415 3870 2350 3970 4095 3805 1615 2140 3595 1135 1555 1905 3145 895 3810 3550 1875 1255 865 2020 2655 425 2525 3550 3570 4230 3910 1590 2550 3505 840 1030 2445 3160 810 570 3650 1525 940 3145 295 3915 3740 2230 1105 3535 2580 2320 2450 2330 1905 2245 1720 2210 3175 2870 1685 2405 3050 3015 1950 2360 1595 2585 3685 2915 3515 750 1440 1115 2840 3475 3690 3665 2175 1295 3720 2600 4015 1975 1915 570 3260 845 3435 1060 1655 2105 2880 340 3490 2660 3300 1340 4290 
2534 4487 2534 1036 896 1239 3724 1834 1197 2891 3605 3367 5369 5838 4046 238 3892 1876 3997 1561 3437 3962 4088 1652 3647 3003 2898 3031 1421 1456 1764 3206 3640 1554 4333 2996 2541 2044 4179 1365 2758 4221 4606 4718 3122 3563 4641 2702 3094 574 805 364 3024 2842 2205 5187 4144 3290 3346 4424 4375 1778 4158 4851 2548 5173 392 1883 2121 4088 651 2499 1995 5033 2933 2555 3318 4627 2163 1519 1694 3731 3388 931 2996 2604 4508 3080 3535 2849 2198 2758 4844 3227 5418 1267 1484 3066 2884 2597 3423 1183 5152 854 2618 2492 4886 1372 4984 1309 3787 2933 2296 3591 4942 294 3969 1001 4221 875 
2198 4375 2233 1253 1078 1365 3395 1596 917 2632 3682 3311 5194 5698 3801 413 3563 1659 3836 1736 3178 3808 3773 1624 3318 3150 3108 2702 1239 1302 2009 2926 3612 1764 4046 2786 2366 2156 4011 1624 2933 3906 4487 4564 2807 3234 4438 2709 3255 784 966 518 2856 2513 1897 5033 3871 2961 3451 4165 4158 1995 3857 4704 2660 4977 518 1610 1967 3815 840 2506 1855 4704 2912 2380 3297 4312 1897 1183 1365 3430 3388 819 2667 2464 4179 2919 3563 3038 2261 2926 4683 3045 5285 1169 1176 3248 3066 2296 3185 938 4816 1183 2338 2282 4634 1043 4711 994 3605 2681 2037 3661 4704 301 4004 1113 3927 1043 
3240 4184 2784 488 304 272 4648 3088 1480 2944 2952 2808 5328 5784 4120 896 4688 3176 3752 744 3552 3688 4632 896 4360 2312 2336 3624 2704 2776 1224 3392 3064 856 4640 2840 2232 1176 3992 952 2080 4800 4320 4536 3552 4384 4616 1960 2440 568 2024 1568 2720 3512 3296 5072 4352 3984 2664 4624 4384 1112 4592 4664 1760 5184 1608 3072 1704 4328 480 1736 1568 5888 2256 2232 2688 5200 2224 2328 2288 4144 2736 752 3912 2168 5296 2736 2888 2224 1344 2064 4712 2968 5280 824 2512 2448 2248 2944 3448 2344 6056 1168 2776 2312 5104 2232 5304 2296 3592 2960 2328 2936 5096 944 3376 16 4592 2096 
3096 2384 2160 4880 4688 4424 3360 5008 3536 1568 4584 2920 2064 2880 280 4704 2840 5184 1576 4768 976 1704 1776 3592 2592 5072 5720 2488 5144 5344 5368 1336 3320 4992 736 1552 2184 4400 1440 5288 5216 1904 2424 1920 1960 3016 1040 3584 5296 4752 5672 5176 1832 2800 4344 2208 424 2656 4792 280 632 5128 1312 2128 4536 1552 5176 4736 2696 536 4712 3592 2832 3000 3328 2192 3352 1808 2408 3864 3384 1464 3640 3880 3552 2384 2720 1904 3976 5440 4064 5160 1856 1616 2680 3600 4336 5496 5416 2232 952 4752 3248 5488 1960 2080 712 4008 968 4296 1280 1512 2248 4440 824 4544 4240 4400 1024 5768 
1712 3952 1336 1984 1744 1752 3104 2240 224 1744 3832 2944 4760 5384 3088 1448 3144 2384 3240 2248 2368 3232 3168 1400 2816 3544 3768 2080 2112 2280 2776 2096 3376 2400 3376 1968 1576 2384 3424 2480 3416 3328 4080 4080 2064 2832 3848 2544 3720 1632 2352 1856 2128 1960 2072 4616 3168 2432 3696 3496 3504 2648 3200 4256 2896 4472 1856 2080 1248 3104 1632 2336 1152 4360 2656 1600 3064 3768 912 1088 816 2728 3248 800 2416 1792 3768 2224 3528 3600 2312 3384 4200 2320 4936 856 1488 3792 3608 1448 2376 1672 4520 2344 1424 1400 4032 1104 4128 1328 2936 1800 1064 3768 4120 1272 4024 1544 3264 2448 
3510 4640 2780 1370 1130 880 5240 3780 1390 2920 3620 3020 5990 6600 4390 1470 5240 3920 4020 1470 3680 3950 5070 580 4810 3080 3330 3890 3400 3550 2180 3490 3430 1700 5040 2800 2050 1620 4300 1930 2890 5290 4800 5020 3740 4890 5040 2140 3290 1290 2940 2310 2680 3790 3830 5690 4680 4350 3360 5020 4740 1970 5000 5190 2290 5770 2340 3680 1390 4650 1210 1860 1210 6680 2420 2050 2980 5770 2050 2590 2380 4450 3110 600 4400 2010 5960 2720 3380 3120 1610 2860 5220 2980 5990 310 2940 3370 3140 2990 3550 2890 6910 2170 2740 2130 5620 2520 5870 2680 3780 2950 2170 3560 5620 1390 4010 770 4990 3040 
1464 5544 2240 3016 2792 3040 2552 616 1552 2936 5480 4640 6160 6856 4232 2080 2912 792 4752 3512 3432 4768 3512 3008 2720 5040 5104 2192 856 1056 3888 3048 5072 3576 4176 3400 3184 3872 4888 3464 4840 3608 5664 5576 2560 2480 5160 4216 5192 2488 2072 1864 3688 1872 576 6088 4104 2336 5288 4480 4760 3848 3760 5768 4432 5784 1816 384 2936 4008 2552 4008 2856 4248 4352 3208 4768 4128 2248 624 1080 3280 4944 2128 1672 3448 3680 3816 5208 4992 3888 4824 5664 3840 6456 2416 256 5216 5016 2160 3584 688 4328 2920 2488 2920 5032 600 4976 472 4392 3024 2400 5424 5216 1928 5712 2760 3944 2128 
