25 50 100
80 80 80 80 80 80 80 80 80 80 80 80 80 80 80 80 80 80 80 80 80 80 80 80 80 
25 22 26 17 21 18 11 23 19 11 26 23 14 25 16 16 29 26 12 12 28 28 12 15 21 21 14 18 24 27 27 28 15 14 12 26 27 16 13 28 18 29 26 25 21 18 26 17 11 24 29 26 12 24 28 19 19 11 18 25 11 13 16 24 17 22 28 17 16 14 14 25 18 26 14 29 28 20 25 16 13 16 13 30 18 13 16 18 16 17 14 20 26 17 28 14 30 12 18 26 
525 371 723 290 418 584 545 714 612 349 105 520 425 366 221 480 366 296 301 617 553 206 354 200 203 547 775 600 152 319 284 377 120 172 631 279 534 733 392 610 331 129 583 166 359 361 639 510 446 538 
457 464 804 359 296 494 597 708 774 373 272 683 500 470 203 485 339 372 470 723 661 234 229 370 136 687 834 543 138 424 419 502 54 144 579 362 669 799 559 580 391 126 619 173 471 515 650 649 529 427 
335 286 269 313 502 410 96 164 666 255 568 635 216 311 423 150 304 311 606 325 311 402 514 646 492 474 231 300 493 336 428 375 629 484 286 332 439 222 621 208 270 701 29 750 337 506 71 458 223 477 
755 344 576 392 746 837 527 783 213 493 302 119 408 316 509 593 583 379 108 419 373 453 697 232 546 246 679 795 490 309 225 246 527 505 810 362 261 622 17 753 418 521 593 535 289 116 689 225 398 832 
344 363 689 252 224 394 475 581 724 248 263 640 388 374 78 357 212 267 448 621 561 124 163 377 9 611 711 426 52 331 351 419 145 37 461 262 589 679 529 455 277 229 493 281 380 462 522 574 419 343 
334 426 741 314 176 369 522 600 795 295 327 710 446 439 134 388 235 330 516 682 623 188 110 439 69 680 755 421 121 398 421 488 165 107 458 327 657 727 598 464 335 247 533 296 447 532 550 643 478 305 
452 50 303 157 526 539 169 422 432 206 357 385 52 59 336 253 312 142 350 212 153 285 504 409 406 256 366 467 376 103 180 115 494 377 473 151 222 318 361 407 139 544 233 587 81 246 328 228 37 566 
307 216 299 232 450 390 76 226 624 177 489 583 149 243 347 97 239 231 535 314 285 323 453 569 418 436 290 294 416 263 356 312 551 407 291 253 401 268 557 217 189 621 68 671 270 442 134 415 164 444 
386 91 299 149 479 473 114 353 505 159 388 459 22 116 313 181 260 140 411 246 198 271 464 456 386 325 339 396 366 143 233 185 494 363 401 157 290 297 430 333 114 553 169 599 143 315 259 299 46 506 
639 369 707 330 560 707 567 777 488 418 81 394 436 353 340 548 468 329 168 576 514 303 499 47 343 463 780 705 286 313 238 332 270 306 731 307 460 730 259 696 372 248 618 259 335 264 692 429 447 673 
168 289 438 246 320 253 216 233 727 147 487 674 243 318 279 45 136 254 581 449 413 279 335 586 339 549 413 172 355 317 406 394 489 341 182 274 515 400 623 131 211 568 190 620 344 512 180 523 270 304 
70 498 671 416 178 37 454 371 938 321 591 873 467 524 331 283 223 431 738 686 647 371 236 704 347 772 630 132 395 508 582 598 494 375 169 445 739 627 798 222 399 578 420 629 546 699 373 742 498 78 
233 213 473 129 288 317 250 362 649 33 353 585 198 237 157 129 72 142 463 437 386 146 275 455 225 490 481 279 229 219 296 310 365 218 301 159 459 454 515 263 111 441 260 492 258 411 293 458 232 329 
636 221 268 332 713 723 291 548 284 394 454 272 234 204 511 428 500 315 356 110 77 455 688 460 576 91 378 642 538 246 259 166 638 543 643 316 57 321 318 570 324 672 356 706 197 230 457 88 203 754 
644 285 593 291 611 722 487 723 354 392 154 261 355 262 375 510 469 283 49 451 392 322 558 110 403 323 678 695 347 234 142 218 379 363 715 262 322 625 133 667 327 377 546 395 238 125 632 290 357 706 
790 353 439 447 834 877 473 733 97 532 467 112 393 328 609 593 636 431 301 283 264 549 797 427 662 95 556 808 613 351 309 256 683 624 813 423 130 499 223 744 454 695 540 718 307 209 640 113 367 894 
412 416 752 308 267 455 544 656 744 319 254 656 449 423 149 432 287 322 449 675 613 182 200 360 83 647 780 497 87 378 381 459 76 90 532 313 628 746 536 529 339 160 565 211 426 483 596 610 478 395 
438 165 204 244 557 522 68 328 502 246 474 473 104 181 407 224 338 234 468 180 151 366 549 531 480 311 248 429 462 221 301 228 589 459 425 250 275 203 471 350 210 648 134 693 202 358 235 294 86 569 
375 220 230 267 519 456 20 241 590 234 517 559 150 243 404 166 306 262 538 255 237 374 521 587 476 398 228 355 468 274 363 303 602 462 347 282 362 201 549 270 226 668 47 716 268 434 148 382 151 513 
423 303 185 357 587 497 103 211 631 320 605 612 234 323 491 232 383 352 615 267 270 462 596 672 562 438 146 385 557 358 444 375 691 549 368 371 403 134 617 290 316 758 79 806 346 504 136 428 228 565 
687 253 442 331 714 773 412 672 195 424 341 131 306 225 484 503 525 316 194 285 240 425 674 313 535 121 547 715 486 237 183 149 555 497 724 305 130 490 143 660 346 569 479 594 200 83 578 94 288 782 
821 390 548 461 834 906 547 808 100 557 412 10 444 361 600 641 656 446 221 390 357 541 789 346 643 198 661 851 589 369 300 285 636 603 862 433 226 604 130 798 479 634 614 649 336 182 714 195 425 911 
301 348 325 359 487 367 168 95 739 285 615 706 280 374 444 159 309 360 667 395 384 432 508 700 509 547 264 250 518 395 488 442 654 506 229 381 511 269 688 153 316 729 101 780 401 573 6 530 290 444 
328 179 293 204 456 413 66 263 588 163 459 547 112 206 334 114 240 201 498 289 256 304 454 536 406 402 299 323 399 227 320 275 533 391 322 222 367 270 520 250 161 600 90 649 233 405 170 380 128 460 
378 436 325 459 576 432 239 73 796 389 716 773 366 461 548 263 411 458 756 431 435 536 603 796 612 603 230 311 622 487 579 523 758 610 281 480 568 258 769 217 416 833 175 884 487 654 99 592 370 518 
5775 4081 7953 3190 4598 6424 5995 7854 6732 3839 1155 5720 4675 4026 2431 5280 4026 3256 3311 6787 6083 2266 3894 2200 2233 6017 8525 6600 1672 3509 3124 4147 1320 1892 6941 3069 5874 8063 4312 6710 3641 1419 6413 1826 3949 3971 7029 5610 4906 5918 
5027 5104 8844 3949 3256 5434 6567 7788 8514 4103 2992 7513 5500 5170 2233 5335 3729 4092 5170 7953 7271 2574 2519 4070 1496 7557 9174 5973 1518 4664 4609 5522 594 1584 6369 3982 7359 8789 6149 6380 4301 1386 6809 1903 5181 5665 7150 7139 5819 4697 
4355 3718 3497 4069 6526 5330 1248 2132 8658 3315 7384 8255 2808 4043 5499 1950 3952 4043 7878 4225 4043 5226 6682 8398 6396 6162 3003 3900 6409 4368 5564 4875 8177 6292 3718 4316 5707 2886 8073 2704 3510 9113 377 9750 4381 6578 923 5954 2899 6201 
10570 4816 8064 5488 10444 11718 7378 10962 2982 6902 4228 1666 5712 4424 7126 8302 8162 5306 1512 5866 5222 6342 9758 3248 7644 3444 9506 11130 6860 4326 3150 3444 7378 7070 11340 5068 3654 8708 238 10542 5852 7294 8302 7490 4046 1624 9646 3150 5572 11648 
5160 5445 10335 3780 3360 5910 7125 8715 10860 3720 3945 9600 5820 5610 1170 5355 3180 4005 6720 9315 8415 1860 2445 5655 135 9165 10665 6390 780 4965 5265 6285 2175 555 6915 3930 8835 10185 7935 6825 4155 3435 7395 4215 5700 6930 7830 8610 6285 5145 
3674 4686 8151 3454 1936 4059 5742 6600 8745 3245 3597 7810 4906 4829 1474 4268 2585 3630 5676 7502 6853 2068 1210 4829 759 7480 8305 4631 1331 4378 4631 5368 1815 1177 5038 3597 7227 7997 6578 5104 3685 2717 5863 3256 4917 5852 6050 7073 5258 3355 
4520 500 3030 1570 5260 5390 1690 4220 4320 2060 3570 3850 520 590 3360 2530 3120 1420 3500 2120 1530 2850 5040 4090 4060 2560 3660 4670 3760 1030 1800 1150 4940 3770 4730 1510 2220 3180 3610 4070 1390 5440 2330 5870 810 2460 3280 2280 370 5660 
3684 2592 3588 2784 5400 4680 912 2712 7488 2124 5868 6996 1788 2916 4164 1164 2868 2772 6420 3768 3420 3876 5436 6828 5016 5232 3480 3528 4992 3156 4272 3744 6612 4884 3492 3036 4812 3216 6684 2604 2268 7452 816 8052 3240 5304 1608 4980 1968 5328 
5790 1365 4485 2235 7185 7095 1710 5295 7575 2385 5820 6885 330 1740 4695 2715 3900 2100 6165 3690 2970 4065 6960 6840 5790 4875 5085 5940 5490 2145 3495 2775 7410 5445 6015 2355 4350 4455 6450 4995 1710 8295 2535 8985 2145 4725 3885 4485 690 7590 
7668 4428 8484 3960 6720 8484 6804 9324 5856 5016 972 4728 5232 4236 4080 6576 5616 3948 2016 6912 6168 3636 5988 564 4116 5556 9360 8460 3432 3756 2856 3984 3240 3672 8772 3684 5520 8760 3108 8352 4464 2976 7416 3108 4020 3168 8304 5148 5364 8076 
1848 3179 4818 2706 3520 2783 2376 2563 7997 1617 5357 7414 2673 3498 3069 495 1496 2794 6391 4939 4543 3069 3685 6446 3729 6039 4543 1892 3905 3487 4466 4334 5379 3751 2002 3014 5665 4400 6853 1441 2321 6248 2090 6820 3784 5632 1980 5753 2970 3344 
700 4980 6710 4160 1780 370 4540 3710 9380 3210 5910 8730 4670 5240 3310 2830 2230 4310 7380 6860 6470 3710 2360 7040 3470 7720 6300 1320 3950 5080 5820 5980 4940 3750 1690 4450 7390 6270 7980 2220 3990 5780 4200 6290 5460 6990 3730 7420 4980 780 
2563 2343 5203 1419 3168 3487 2750 3982 7139 363 3883 6435 2178 2607 1727 1419 792 1562 5093 4807 4246 1606 3025 5005 2475 5390 5291 3069 2519 2409 3256 3410 4015 2398 3311 1749 5049 4994 5665 2893 1221 4851 2860 5412 2838 4521 3223 5038 2552 3619 
8904 3094 3752 4648 9982 10122 4074 7672 3976 5516 6356 3808 3276 2856 7154 5992 7000 4410 4984 1540 1078 6370 9632 6440 8064 1274 5292 8988 7532 3444 3626 2324 8932 7602 9002 4424 798 4494 4452 7980 4536 9408 4984 9884 2758 3220 6398 1232 2842 10556 
7084 3135 6523 3201 6721 7942 5357 7953 3894 4312 1694 2871 3905 2882 4125 5610 5159 3113 539 4961 4312 3542 6138 1210 4433 3553 7458 7645 3817 2574 1562 2398 4169 3993 7865 2882 3542 6875 1463 7337 3597 4147 6006 4345 2618 1375 6952 3190 3927 7766 
9480 4236 5268 5364 10008 10524 5676 8796 1164 6384 5604 1344 4716 3936 7308 7116 7632 5172 3612 3396 3168 6588 9564 5124 7944 1140 6672 9696 7356 4212 3708 3072 8196 7488 9756 5076 1560 5988 2676 8928 5448 8340 6480 8616 3684 2508 7680 1356 4404 10728 
4532 4576 8272 3388 2937 5005 5984 7216 8184 3509 2794 7216 4939 4653 1639 4752 3157 3542 4939 7425 6743 2002 2200 3960 913 7117 8580 5467 957 4158 4191 5049 836 990 5852 3443 6908 8206 5896 5819 3729 1760 6215 2321 4686 5313 6556 6710 5258 4345 
6570 2475 3060 3660 8355 7830 1020 4920 7530 3690 7110 7095 1560 2715 6105 3360 5070 3510 7020 2700 2265 5490 8235 7965 7200 4665 3720 6435 6930 3315 4515 3420 8835 6885 6375 3750 4125 3045 7065 5250 3150 9720 2010 10395 3030 5370 3525 4410 1290 8535 
4125 2420 2530 2937 5709 5016 220 2651 6490 2574 5687 6149 1650 2673 4444 1826 3366 2882 5918 2805 2607 4114 5731 6457 5236 4378 2508 3905 5148 3014 3993 3333 6622 5082 3817 3102 3982 2211 6039 2970 2486 7348 517 7876 2948 4774 1628 4202 1661 5643 
5499 3939 2405 4641 7631 6461 1339 2743 8203 4160 7865 7956 3042 4199 6383 3016 4979 4576 7995 3471 3510 6006 7748 8736 7306 5694 1898 5005 7241 4654 5772 4875 8983 7137 4784 4823 5239 1742 8021 3770 4108 9854 1027 10478 4498 6552 1768 5564 2964 7345 
6870 2530 4420 3310 7140 7730 4120 6720 1950 4240 3410 1310 3060 2250 4840 5030 5250 3160 1940 2850 2400 4250 6740 3130 5350 1210 5470 7150 4860 2370 1830 1490 5550 4970 7240 3050 1300 4900 1430 6600 3460 5690 4790 5940 2000 830 5780 940 2880 7820 
9852 4680 6576 5532 10008 10872 6564 9696 1200 6684 4944 120 5328 4332 7200 7692 7872 5352 2652 4680 4284 6492 9468 4152 7716 2376 7932 10212 7068 4428 3600 3420 7632 7236 10344 5196 2712 7248 1560 9576 5748 7608 7368 7788 4032 2184 8568 2340 5100 10932 
3913 4524 4225 4667 6331 4771 2184 1235 9607 3705 7995 9178 3640 4862 5772 2067 4017 4680 8671 5135 4992 5616 6604 9100 6617 7111 3432 3250 6734 5135 6344 5746 8502 6578 2977 4953 6643 3497 8944 1989 4108 9477 1313 10140 5213 7449 78 6890 3770 5772 
3936 2148 3516 2448 5472 4956 792 3156 7056 1956 5508 6564 1344 2472 4008 1368 2880 2412 5976 3468 3072 3648 5448 6432 4872 4824 3588 3876 4788 2724 3840 3300 6396 4692 3864 2664 4404 3240 6240 3000 1932 7200 1080 7788 2796 4860 2040 4560 1536 5520 
5670 6540 4875 6885 8640 6480 3585 1095 11940 5835 10740 11595 5490 6915 8220 3945 6165 6870 11340 6465 6525 8040 9045 11940 9180 9045 3450 4665 9330 7305 8685 7845 11370 9150 4215 7200 8520 3870 11535 3255 6240 12495 2625 13260 7305 9810 1485 8880 5550 7770 
213 273 711 564 782 109 564 531 573 693 350 560 173 392 355 595 156 604 308 304 673 105 127 626 395 311 211 713 578 569 721 382 391 604 362 521 525 531 358 11 712 318 716 389 557 465 423 149 240 567 606 615 296 472 862 461 713 483 850 210 413 750 695 499 688 281 303 544 105 619 288 159 492 246 482 545 453 199 437 610 314 851 729 107 801 483 380 237 262 616 283 511 428 490 43 682 508 474 228 268 
551 179 295 300 350 455 134 97 435 264 347 402 556 309 118 167 464 267 373 257 485 338 400 215 382 209 582 277 453 292 297 324 202 461 181 105 479 484 182 445 279 123 289 48 173 235 172 301 300 164 170 209 440 182 427 92 316 109 413 311 276 313 264 314 427 399 136 440 438 187 160 590 91 499 159 428 374 325 182 422 153 414 292 544 365 347 401 202 429 315 270 463 42 376 422 465 115 398 316 267 
788 367 531 646 393 549 404 379 788 474 676 109 767 651 308 424 703 593 334 576 833 545 637 258 719 298 802 385 159 636 323 235 220 814 257 418 241 833 520 603 363 364 498 366 215 145 208 531 363 467 396 490 397 174 476 260 249 246 477 589 189 452 465 106 763 701 414 792 659 321 363 754 425 769 193 157 722 598 535 773 463 525 427 688 507 698 291 448 719 649 317 811 395 727 565 809 251 747 603 333 
448 160 347 253 451 405 209 182 355 333 236 478 460 205 153 237 364 258 384 144 422 259 304 327 275 227 483 373 524 250 404 363 258 384 224 161 533 387 74 373 379 111 355 81 284 313 245 216 292 204 254 251 440 271 521 194 428 214 506 206 331 398 336 389 388 287 76 352 344 292 143 507 131 390 255 495 276 221 110 356 50 497 381 469 444 258 429 131 318 288 277 365 79 285 358 411 226 301 208 268 
67 383 710 497 839 317 594 570 447 709 239 729 113 301 456 619 53 565 499 260 551 207 112 706 265 451 112 761 756 507 790 557 528 474 492 544 715 375 343 216 768 403 727 448 650 604 547 217 413 574 640 616 500 593 908 550 804 574 893 182 571 782 715 656 596 143 364 409 105 679 390 213 513 40 592 722 332 167 409 499 341 878 767 235 823 379 572 309 104 557 446 360 467 374 250 572 593 345 180 429 
188 360 793 634 869 145 650 617 626 778 403 631 130 452 441 680 168 680 370 373 728 187 175 713 443 395 167 799 644 640 808 454 474 656 446 605 583 571 435 80 799 405 800 475 644 546 507 229 316 650 692 698 344 557 949 547 799 570 937 275 490 836 780 575 753 321 388 593 135 705 375 75 576 252 568 611 505 262 513 669 396 937 816 27 886 542 440 322 292 689 362 553 513 545 114 742 595 524 290 347 
562 141 477 495 448 351 317 280 610 434 464 228 544 450 101 348 477 470 190 364 674 319 410 279 511 72 578 398 271 489 377 122 7 639 32 303 281 637 323 387 388 151 461 187 203 83 50 304 160 362 337 403 263 95 536 141 345 151 529 364 76 455 430 142 626 478 202 606 433 302 140 541 293 542 117 241 525 373 360 608 256 552 430 478 514 513 202 224 495 516 113 614 235 538 351 659 177 551 380 123 
527 286 733 699 704 216 571 533 775 692 578 304 482 592 324 603 463 698 70 491 858 327 414 536 629 233 521 659 300 697 631 160 265 807 268 547 225 768 492 309 647 339 719 410 460 302 310 348 155 607 595 651 17 347 792 400 587 412 787 436 224 716 689 284 835 546 371 759 410 564 303 430 531 551 374 272 667 435 556 791 420 813 691 359 775 675 97 341 542 734 173 746 463 693 270 853 438 692 457 179 
972 615 221 489 137 891 317 347 652 201 705 637 987 646 538 290 890 395 761 649 624 778 830 296 717 617 1009 172 689 474 209 677 565 659 569 365 764 749 565 886 183 562 188 489 370 535 520 739 717 337 273 299 833 483 66 439 283 422 55 730 612 128 194 585 516 787 575 683 871 269 596 1030 397 905 455 683 673 746 507 598 577 34 148 985 89 620 757 642 825 442 676 737 452 647 863 583 395 685 729 680 
375 93 447 340 529 303 301 269 412 429 238 455 376 234 141 331 288 357 309 139 493 161 222 387 287 174 404 456 495 340 474 311 233 443 195 257 486 419 128 273 458 85 452 132 329 304 239 122 209 305 344 352 356 280 606 229 483 252 592 145 296 488 432 370 474 253 43 399 258 366 87 413 228 333 274 463 311 156 197 426 59 589 469 370 538 311 365 29 274 382 208 397 165 332 256 488 272 337 157 195 
553 416 285 17 499 629 277 288 151 317 247 712 590 184 402 275 490 111 640 254 175 458 454 456 235 483 598 422 763 32 488 617 504 167 474 245 783 242 213 569 441 368 322 315 453 545 480 415 546 214 311 225 694 492 534 400 549 411 514 351 578 403 328 624 134 343 330 177 497 392 400 669 232 466 466 736 176 365 146 116 282 473 402 653 419 120 686 367 384 74 534 230 270 143 569 156 407 183 337 524 
897 563 130 397 166 839 252 287 558 124 621 639 915 560 492 221 817 303 729 571 530 714 760 284 630 576 935 153 693 382 219 653 535 565 533 296 759 657 489 826 174 508 104 431 351 517 490 673 675 258 213 216 801 460 141 400 304 387 121 657 590 87 121 577 422 706 514 590 801 238 544 965 326 826 430 682 583 672 425 504 508 61 113 924 30 529 735 580 745 348 637 645 388 556 805 489 361 594 654 639 
540 130 359 365 380 405 196 158 490 322 374 341 537 347 54 229 452 337 305 277 547 311 386 225 415 142 566 315 390 358 318 254 132 518 110 174 411 529 216 409 311 86 348 62 163 174 107 280 238 234 225 276 373 129 463 62 318 86 452 310 207 360 321 252 495 411 124 491 419 218 113 560 161 499 115 363 417 322 237 483 164 461 337 507 416 397 331 180 436 384 203 507 103 424 382 529 108 443 319 203 
572 207 267 288 326 483 106 69 430 235 357 415 579 315 145 139 487 248 399 271 474 364 423 200 390 236 605 252 467 279 276 347 224 455 205 79 498 485 192 472 255 151 261 75 167 250 190 326 328 139 142 182 467 194 401 101 301 113 388 331 296 285 236 329 411 414 162 438 462 165 188 616 70 518 168 443 377 346 180 413 172 387 265 571 338 345 425 228 445 298 297 465 49 375 450 452 112 400 335 294 
303 263 474 269 620 388 369 351 273 477 68 625 333 88 304 391 232 329 465 36 370 212 193 506 118 345 345 540 665 277 579 480 403 305 365 319 654 256 116 315 550 248 494 258 464 470 403 174 364 341 416 382 500 439 683 371 607 393 666 94 467 553 484 540 385 110 197 250 236 467 258 408 288 227 428 634 156 106 174 306 148 646 540 394 591 179 528 182 146 327 373 233 257 189 322 378 405 181 77 358 
391 72 544 470 579 205 386 349 541 515 351 374 371 359 148 419 308 479 181 259 624 149 243 418 402 100 406 515 404 469 514 207 180 573 148 351 377 540 259 218 512 129 541 207 346 255 209 143 80 406 421 454 224 259 663 253 501 275 652 221 216 560 516 301 605 338 144 526 262 419 91 372 327 380 269 371 435 225 326 557 188 662 538 313 615 441 244 107 345 509 94 517 258 460 186 620 301 461 241 78 
270 166 540 391 635 244 402 372 421 527 210 524 270 235 236 431 182 429 329 136 515 71 116 493 261 239 297 561 557 395 581 361 313 453 276 355 531 401 183 186 564 184 549 238 433 388 328 28 229 397 446 444 356 373 710 333 588 356 696 68 363 590 531 445 518 183 149 398 152 472 171 313 325 236 373 524 305 70 261 450 144 690 572 278 638 324 396 89 191 442 249 379 267 337 182 519 377 329 88 232 
465 163 334 253 434 415 193 166 362 318 251 469 476 217 147 222 380 251 385 160 426 272 319 310 288 225 499 357 517 249 387 360 251 391 219 146 528 398 87 385 363 111 340 69 269 304 236 230 295 191 238 239 443 260 505 180 411 200 490 222 325 382 322 381 387 303 83 361 360 275 145 522 116 407 243 488 286 237 112 360 65 482 365 483 429 267 428 142 334 285 278 376 63 294 370 413 211 312 225 270 
727 484 108 180 343 741 208 242 333 161 430 688 757 366 437 184 656 95 693 406 306 587 609 362 428 528 770 280 743 166 357 642 518 339 500 216 786 435 335 703 303 427 152 351 393 532 481 543 614 156 213 119 757 472 358 385 435 385 338 502 588 238 173 608 200 523 410 367 652 294 465 824 230 647 441 723 373 517 258 278 381 286 247 796 237 317 720 467 563 125 588 425 298 341 692 265 369 380 493 583 
776 349 376 524 241 593 266 249 678 318 605 260 767 568 271 280 688 458 413 512 710 539 621 101 641 309 799 226 314 512 169 318 234 701 257 292 386 739 440 622 205 322 341 290 86 176 195 514 401 331 248 346 484 146 327 178 109 155 326 550 254 293 309 210 629 650 364 690 651 167 338 776 307 738 135 305 631 562 434 654 401 370 268 717 349 598 393 417 676 516 354 719 299 628 589 681 143 654 559 364 
728 307 327 460 231 565 205 186 615 271 545 294 723 506 226 222 640 397 404 453 646 496 573 65 580 279 753 196 349 449 159 316 213 638 227 229 411 675 380 586 179 273 296 232 25 173 169 467 377 270 192 288 477 125 320 125 132 101 315 497 251 260 263 228 568 593 311 626 605 117 294 739 244 686 102 335 568 510 370 590 344 348 234 682 319 535 396 368 621 454 331 655 237 564 554 619 83 590 505 339 
359 240 416 228 560 409 310 292 266 418 108 592 385 87 266 331 284 278 456 34 354 236 238 450 148 320 400 481 635 233 521 458 369 298 332 260 632 273 58 347 491 213 435 208 412 432 364 193 355 282 356 323 498 396 624 322 552 343 607 131 437 494 424 505 353 170 162 252 281 409 231 454 229 286 382 604 163 146 116 287 108 587 481 432 532 166 513 167 206 282 356 250 201 185 347 355 354 189 121 342 
129 380 663 439 806 362 557 536 381 667 179 737 180 243 445 580 103 511 523 219 485 224 134 682 200 454 176 727 768 449 761 570 527 408 490 507 735 308 303 262 735 390 683 425 631 602 541 220 430 531 603 571 532 584 871 532 781 556 855 160 577 742 673 660 533 84 345 343 148 649 384 279 476 39 580 735 267 149 363 434 314 836 729 296 781 317 594 299 43 499 458 293 436 309 291 507 573 279 151 441 
667 504 234 105 468 735 292 316 217 283 361 763 705 299 476 278 605 102 726 366 179 567 568 465 346 563 713 400 817 100 475 690 570 217 546 279 848 323 316 680 422 451 277 386 482 600 540 523 636 228 312 214 784 542 485 450 547 456 465 464 644 364 294 678 74 457 421 255 611 397 486 784 279 580 513 793 282 478 240 157 379 412 370 766 364 228 764 466 498 56 618 317 335 244 677 139 446 283 450 611 
283 334 515 282 677 430 426 411 241 525 23 697 325 86 376 444 229 357 529 107 344 257 211 572 60 415 329 597 737 293 641 549 475 271 437 376 723 199 179 346 608 321 539 328 533 543 476 226 428 390 472 427 559 511 736 441 673 463 719 137 538 604 532 612 380 73 269 209 249 528 330 414 346 196 499 705 121 142 220 286 220 693 594 412 638 163 594 251 114 342 441 178 323 161 360 360 475 139 116 425 
827 437 212 433 73 710 186 200 600 154 593 452 833 541 358 176 741 347 568 518 604 613 677 103 616 430 859 38 506 418 42 483 374 616 381 235 575 682 435 715 13 390 170 324 177 342 329 578 530 238 142 226 641 290 157 253 124 234 149 585 419 103 143 395 508 662 413 622 715 90 420 864 264 770 263 496 586 600 395 560 426 180 80 814 157 541 564 478 695 405 487 665 300 571 689 569 207 604 588 492 
764 371 632 713 512 492 491 461 841 577 700 12 734 686 335 516 684 672 264 600 897 526 621 367 747 291 771 497 42 705 441 179 231 869 268 496 121 872 558 562 477 387 602 412 311 177 243 522 324 550 492 580 314 232 596 325 369 318 597 592 166 564 569 98 838 709 438 839 635 424 374 705 496 759 261 37 760 599 588 834 492 642 538 636 621 746 204 456 721 724 287 850 452 772 521 878 331 786 610 304 
293 285 748 628 794 24 595 559 652 724 431 514 243 467 363 627 244 658 251 373 749 167 215 632 478 300 282 730 524 631 728 338 375 683 352 555 462 615 416 80 726 338 749 415 558 443 413 209 209 607 632 654 223 462 878 468 710 489 867 285 381 773 725 464 756 367 336 625 194 633 303 192 528 335 477 493 532 276 493 685 360 875 751 121 827 558 319 275 350 677 257 595 461 568 57 756 515 554 305 244 
340 332 461 224 631 463 380 369 198 473 34 688 380 29 362 397 282 300 540 99 297 287 257 535 53 413 386 551 730 235 598 550 465 230 428 332 724 181 147 386 563 309 486 302 502 528 460 251 438 340 426 375 577 491 687 415 636 435 669 167 532 554 481 601 325 131 257 173 297 487 324 465 303 254 476 699 80 176 172 237 204 641 545 459 586 110 601 254 171 285 445 159 289 114 395 310 444 104 147 430 
544 213 262 244 355 482 114 86 383 241 314 458 556 270 165 143 460 213 421 233 429 349 399 242 345 256 579 278 509 236 312 377 257 408 233 69 535 437 151 461 285 155 264 79 214 291 228 308 342 122 158 169 485 238 425 146 344 159 410 302 331 302 243 370 371 376 150 390 439 199 194 600 43 485 213 484 329 317 133 367 145 402 285 559 350 298 453 215 410 259 315 417 26 327 442 409 160 352 303 310 
598 305 181 182 328 569 83 91 342 175 332 533 618 276 258 93 518 127 514 274 368 425 463 260 351 349 637 248 586 171 303 467 344 363 323 49 619 416 190 540 262 248 193 172 258 369 311 382 435 39 124 85 578 312 383 219 356 226 366 359 417 252 181 448 295 411 235 359 505 198 286 672 51 529 283 563 319 374 132 313 216 344 241 636 289 275 544 297 449 181 408 399 119 305 525 342 217 337 355 404 
639 283 196 279 261 559 34 8 437 160 401 449 649 352 216 66 554 216 467 326 464 438 493 165 428 305 673 183 503 267 221 405 281 458 269 49 545 506 242 547 190 227 186 150 164 291 242 399 401 90 67 121 535 231 331 145 264 144 316 396 349 211 160 367 387 469 236 452 532 110 264 690 73 579 200 482 404 411 207 409 239 312 192 646 262 364 486 302 503 273 367 487 113 394 526 437 128 424 398 366 
401 467 509 242 710 585 468 465 114 536 145 820 454 142 493 476 367 335 676 235 215 412 362 637 95 548 449 630 864 257 688 685 597 136 560 424 860 46 272 499 646 441 543 425 614 657 589 380 574 415 510 438 710 617 753 535 737 553 734 292 666 621 545 732 285 210 390 73 396 582 459 551 400 308 599 833 70 297 267 176 336 696 616 558 641 111 737 390 241 296 581 23 402 82 514 244 559 48 271 566 
321 323 475 243 640 445 389 376 217 485 18 682 360 47 357 407 262 317 528 90 317 270 237 540 57 404 367 560 723 253 606 541 459 248 421 340 715 194 149 367 572 303 499 302 504 524 456 234 426 351 435 387 562 489 698 415 641 436 680 149 525 566 493 595 345 112 251 190 277 494 316 445 311 235 475 692 97 158 182 257 199 654 556 439 599 130 589 243 152 303 434 171 292 134 377 330 446 120 129 419 
331 293 762 653 796 21 606 569 684 736 464 492 280 498 367 638 283 680 227 402 780 198 253 632 512 297 318 735 499 656 729 320 368 715 349 568 432 650 440 119 730 348 761 426 557 433 408 237 200 622 642 669 192 456 882 470 706 490 872 318 366 781 736 447 783 404 352 658 233 638 312 221 543 374 474 468 565 310 516 715 381 882 758 150 836 589 293 293 388 701 248 630 474 600 92 785 517 588 338 238 
472 184 318 231 429 434 183 159 344 305 245 487 486 207 166 210 389 230 407 160 406 288 330 312 280 247 508 351 535 227 385 381 270 372 239 135 548 384 80 402 358 132 327 84 275 320 253 245 317 175 229 222 464 275 497 191 413 210 482 230 344 372 309 398 366 303 104 345 371 272 167 535 103 411 255 507 273 245 92 340 78 470 356 498 417 250 450 160 336 263 300 363 63 278 388 392 218 298 230 291 
797 403 223 424 107 675 169 177 590 164 571 422 802 521 323 164 711 342 533 493 600 581 647 69 596 394 829 62 476 410 52 448 338 608 345 214 543 668 410 682 45 357 183 293 142 307 293 546 495 226 129 221 605 255 193 218 114 198 185 557 383 130 153 362 507 636 382 610 684 60 387 832 242 743 227 465 569 571 375 553 398 214 104 780 186 527 529 446 669 401 451 651 272 557 655 566 172 589 560 456 
753 344 576 665 456 497 437 408 798 520 668 44 727 649 299 461 671 620 275 567 851 512 606 310 713 268 764 440 99 656 384 179 198 825 236 444 173 834 519 559 420 353 546 370 255 133 202 503 317 498 436 526 334 183 540 275 314 267 541 568 147 507 513 62 788 683 404 799 623 367 345 707 447 741 210 90 722 576 544 788 457 586 481 639 564 705 226 429 698 674 275 812 406 732 519 830 278 748 584 292 
801 518 53 270 271 787 212 250 425 110 511 673 827 447 459 180 726 179 713 476 394 643 675 327 513 550 843 220 728 255 299 650 526 430 515 238 781 527 399 758 245 460 88 382 373 528 485 600 643 183 195 135 781 468 272 389 382 383 252 568 592 165 119 598 286 601 453 459 717 262 498 887 262 724 436 711 461 584 326 370 434 197 180 853 150 405 731 515 641 216 611 516 331 430 743 353 362 469 562 609 
376 231 704 618 725 75 545 507 667 674 455 417 333 480 300 577 314 635 153 380 758 190 268 559 505 223 371 666 427 618 656 242 292 698 275 510 366 645 403 158 660 288 699 367 484 355 333 220 124 566 578 613 134 380 811 400 630 419 802 308 288 714 673 369 750 410 301 645 261 569 251 289 487 403 399 395 551 304 476 692 338 816 691 219 771 568 223 250 401 661 171 624 417 583 119 759 445 576 329 162 
446 118 371 295 453 374 223 191 396 351 263 439 452 239 112 253 360 296 342 165 465 239 296 317 305 184 478 379 485 293 401 320 218 426 183 179 491 424 109 350 382 68 375 59 266 276 208 200 251 229 265 277 398 239 528 170 416 192 514 208 290 410 353 351 430 302 40 392 334 291 101 491 151 396 226 455 312 221 153 399 53 511 391 448 459 298 386 104 329 329 235 402 86 324 332 454 208 338 214 226 
480 538 511 245 727 669 496 500 79 546 227 882 535 211 556 500 451 338 752 311 153 495 446 672 178 617 527 650 928 260 713 756 661 81 626 457 930 47 333 583 668 507 549 482 658 717 649 461 650 438 535 453 789 673 761 587 770 603 742 374 732 631 556 794 246 295 458 54 481 612 528 634 437 388 653 898 135 381 312 139 402 697 630 642 645 147 811 464 324 289 654 62 452 119 598 190 605 109 353 640 
542 152 543 544 513 302 382 344 648 500 484 221 517 478 148 413 461 526 123 385 718 302 396 344 533 71 554 465 253 539 441 68 71 678 80 364 241 664 357 352 454 184 527 238 268 124 116 296 112 424 403 465 196 157 601 207 405 218 594 368 63 522 497 149 677 485 231 640 413 369 160 503 351 533 182 220 554 374 405 651 286 619 497 437 581 548 140 234 496 569 66 642 289 572 313 705 244 581 386 82 
526 588 530 271 752 721 529 536 105 569 279 928 582 262 603 530 500 361 803 362 139 547 498 707 230 667 573 676 975 286 743 805 708 89 674 493 979 94 381 635 696 555 569 527 697 763 695 514 702 469 565 479 841 717 782 629 803 645 762 427 780 654 580 840 244 345 507 98 531 645 578 682 475 434 696 946 186 433 354 149 451 714 655 692 663 192 861 515 374 307 705 113 494 166 650 181 646 160 406 691 
590 234 240 273 309 509 79 44 422 209 363 434 599 318 172 112 505 227 426 282 460 387 443 194 393 263 623 232 487 263 263 372 248 445 231 53 521 482 200 496 237 177 234 100 171 270 213 348 355 113 118 155 494 213 381 120 295 127 367 348 319 262 210 348 393 425 184 432 482 150 215 639 52 532 184 463 375 363 177 401 189 363 243 594 313 341 451 251 458 279 324 462 63 371 475 437 122 398 350 321 
717 405 67 241 241 677 97 135 409 62 443 567 736 383 345 66 637 150 598 391 406 541 581 237 455 435 755 166 622 226 239 536 412 422 400 126 671 498 309 654 188 348 75 269 270 417 372 499 529 79 88 37 666 357 279 275 312 271 260 477 479 146 71 490 310 526 345 434 623 168 386 789 153 645 325 604 413 493 245 364 332 229 144 751 174 363 617 409 564 207 496 484 221 391 637 370 251 428 473 495 
515 203 639 615 613 233 477 439 702 598 516 258 480 523 232 509 441 608 24 423 780 289 383 445 567 141 518 566 271 612 541 85 172 733 174 454 222 704 414 306 555 252 625 319 368 216 217 299 86 514 500 558 95 256 701 306 501 318 695 383 140 622 595 214 750 498 289 689 389 470 218 447 439 523 282 238 599 385 472 713 341 720 597 377 681 601 81 269 501 647 84 682 372 622 265 772 344 625 403 95 
793 411 187 396 105 685 149 164 564 128 556 454 800 504 332 139 708 312 553 482 570 583 645 99 579 408 826 36 509 382 75 471 357 580 361 198 573 645 399 687 34 361 147 293 166 332 312 546 509 201 105 191 625 278 183 230 149 213 171 551 407 98 117 391 475 626 381 585 683 61 393 835 227 735 248 497 549 566 358 525 393 190 72 786 157 504 553 447 660 370 467 628 266 534 661 535 186 567 553 471 
573 159 348 379 352 431 186 149 511 307 404 323 569 374 78 218 486 343 315 308 563 343 419 194 444 157 599 289 375 371 288 254 130 538 117 172 403 554 243 439 284 119 334 88 129 157 95 313 257 231 209 271 385 105 436 29 285 53 426 343 201 338 304 236 505 444 158 514 452 192 144 591 165 532 86 349 443 356 257 500 196 439 315 537 395 420 334 213 469 392 218 533 118 448 411 543 75 468 353 220 
93 397 792 604 892 234 660 630 573 783 356 703 34 413 478 688 105 662 450 350 676 208 148 745 389 447 72 819 721 612 836 526 527 601 496 612 666 506 424 144 821 433 804 494 681 602 556 241 382 651 704 696 433 604 968 581 837 605 955 254 554 848 787 640 713 264 406 537 106 729 410 81 581 170 611 688 454 239 498 621 400 948 830 114 895 497 522 341 229 662 424 489 525 496 185 695 628 470 263 408 
1278 1638 4266 3384 4692 654 3384 3186 3438 4158 2100 3360 1038 2352 2130 3570 936 3624 1848 1824 4038 630 762 3756 2370 1866 1266 4278 3468 3414 4326 2292 2346 3624 2172 3126 3150 3186 2148 66 4272 1908 4296 2334 3342 2790 2538 894 1440 3402 3636 3690 1776 2832 5172 2766 4278 2898 5100 1260 2478 4500 4170 2994 4128 1686 1818 3264 630 3714 1728 954 2952 1476 2892 3270 2718 1194 2622 3660 1884 5106 4374 642 4806 2898 2280 1422 1572 3696 1698 3066 2568 2940 258 4092 3048 2844 1368 1608 
5510 1790 2950 3000 3500 4550 1340 970 4350 2640 3470 4020 5560 3090 1180 1670 4640 2670 3730 2570 4850 3380 4000 2150 3820 2090 5820 2770 4530 2920 2970 3240 2020 4610 1810 1050 4790 4840 1820 4450 2790 1230 2890 480 1730 2350 1720 3010 3000 1640 1700 2090 4400 1820 4270 920 3160 1090 4130 3110 2760 3130 2640 3140 4270 3990 1360 4400 4380 1870 1600 5900 910 4990 1590 4280 3740 3250 1820 4220 1530 4140 2920 5440 3650 3470 4010 2020 4290 3150 2700 4630 420 3760 4220 4650 1150 3980 3160 2670 
3940 1835 2655 3230 1965 2745 2020 1895 3940 2370 3380 545 3835 3255 1540 2120 3515 2965 1670 2880 4165 2725 3185 1290 3595 1490 4010 1925 795 3180 1615 1175 1100 4070 1285 2090 1205 4165 2600 3015 1815 1820 2490 1830 1075 725 1040 2655 1815 2335 1980 2450 1985 870 2380 1300 1245 1230 2385 2945 945 2260 2325 530 3815 3505 2070 3960 3295 1605 1815 3770 2125 3845 965 785 3610 2990 2675 3865 2315 2625 2135 3440 2535 3490 1455 2240 3595 3245 1585 4055 1975 3635 2825 4045 1255 3735 3015 1665 
4032 1440 3123 2277 4059 3645 1881 1638 3195 2997 2124 4302 4140 1845 1377 2133 3276 2322 3456 1296 3798 2331 2736 2943 2475 2043 4347 3357 4716 2250 3636 3267 2322 3456 2016 1449 4797 3483 666 3357 3411 999 3195 729 2556 2817 2205 1944 2628 1836 2286 2259 3960 2439 4689 1746 3852 1926 4554 1854 2979 3582 3024 3501 3492 2583 684 3168 3096 2628 1287 4563 1179 3510 2295 4455 2484 1989 990 3204 450 4473 3429 4221 3996 2322 3861 1179 2862 2592 2493 3285 711 2565 3222 3699 2034 2709 1872 2412 
469 2681 4970 3479 5873 2219 4158 3990 3129 4963 1673 5103 791 2107 3192 4333 371 3955 3493 1820 3857 1449 784 4942 1855 3157 784 5327 5292 3549 5530 3899 3696 3318 3444 3808 5005 2625 2401 1512 5376 2821 5089 3136 4550 4228 3829 1519 2891 4018 4480 4312 3500 4151 6356 3850 5628 4018 6251 1274 3997 5474 5005 4592 4172 1001 2548 2863 735 4753 2730 1491 3591 280 4144 5054 2324 1169 2863 3493 2387 6146 5369 1645 5761 2653 4004 2163 728 3899 3122 2520 3269 2618 1750 4004 4151 2415 1260 3003 
1316 2520 5551 4438 6083 1015 4550 4319 4382 5446 2821 4417 910 3164 3087 4760 1176 4760 2590 2611 5096 1309 1225 4991 3101 2765 1169 5593 4508 4480 5656 3178 3318 4592 3122 4235 4081 3997 3045 560 5593 2835 5600 3325 4508 3822 3549 1603 2212 4550 4844 4886 2408 3899 6643 3829 5593 3990 6559 1925 3430 5852 5460 4025 5271 2247 2716 4151 945 4935 2625 525 4032 1764 3976 4277 3535 1834 3591 4683 2772 6559 5712 189 6202 3794 3080 2254 2044 4823 2534 3871 3591 3815 798 5194 4165 3668 2030 2429 
5620 1410 4770 4950 4480 3510 3170 2800 6100 4340 4640 2280 5440 4500 1010 3480 4770 4700 1900 3640 6740 3190 4100 2790 5110 720 5780 3980 2710 4890 3770 1220 70 6390 320 3030 2810 6370 3230 3870 3880 1510 4610 1870 2030 830 500 3040 1600 3620 3370 4030 2630 950 5360 1410 3450 1510 5290 3640 760 4550 4300 1420 6260 4780 2020 6060 4330 3020 1400 5410 2930 5420 1170 2410 5250 3730 3600 6080 2560 5520 4300 4780 5140 5130 2020 2240 4950 5160 1130 6140 2350 5380 3510 6590 1770 5510 3800 1230 
3689 2002 5131 4893 4928 1512 3997 3731 5425 4844 4046 2128 3374 4144 2268 4221 3241 4886 490 3437 6006 2289 2898 3752 4403 1631 3647 4613 2100 4879 4417 1120 1855 5649 1876 3829 1575 5376 3444 2163 4529 2373 5033 2870 3220 2114 2170 2436 1085 4249 4165 4557 119 2429 5544 2800 4109 2884 5509 3052 1568 5012 4823 1988 5845 3822 2597 5313 2870 3948 2121 3010 3717 3857 2618 1904 4669 3045 3892 5537 2940 5691 4837 2513 5425 4725 679 2387 3794 5138 1211 5222 3241 4851 1890 5971 3066 4844 3199 1253 
9720 6150 2210 4890 1370 8910 3170 3470 6520 2010 7050 6370 9870 6460 5380 2900 8900 3950 7610 6490 6240 7780 8300 2960 7170 6170 10090 1720 6890 4740 2090 6770 5650 6590 5690 3650 7640 7490 5650 8860 1830 5620 1880 4890 3700 5350 5200 7390 7170 3370 2730 2990 8330 4830 660 4390 2830 4220 550 7300 6120 1280 1940 5850 5160 7870 5750 6830 8710 2690 5960 10300 3970 9050 4550 6830 6730 7460 5070 5980 5770 340 1480 9850 890 6200 7570 6420 8250 4420 6760 7370 4520 6470 8630 5830 3950 6850 7290 6800 
3750 930 4470 3400 5290 3030 3010 2690 4120 4290 2380 4550 3760 2340 1410 3310 2880 3570 3090 1390 4930 1610 2220 3870 2870 1740 4040 4560 4950 3400 4740 3110 2330 4430 1950 2570 4860 4190 1280 2730 4580 850 4520 1320 3290 3040 2390 1220 2090 3050 3440 3520 3560 2800 6060 2290 4830 2520 5920 1450 2960 4880 4320 3700 4740 2530 430 3990 2580 3660 870 4130 2280 3330 2740 4630 3110 1560 1970 4260 590 5890 4690 3700 5380 3110 3650 290 2740 3820 2080 3970 1650 3320 2560 4880 2720 3370 1570 1950 
5530 4160 2850 170 4990 6290 2770 2880 1510 3170 2470 7120 5900 1840 4020 2750 4900 1110 6400 2540 1750 4580 4540 4560 2350 4830 5980 4220 7630 320 4880 6170 5040 1670 4740 2450 7830 2420 2130 5690 4410 3680 3220 3150 4530 5450 4800 4150 5460 2140 3110 2250 6940 4920 5340 4000 5490 4110 5140 3510 5780 4030 3280 6240 1340 3430 3300 1770 4970 3920 4000 6690 2320 4660 4660 7360 1760 3650 1460 1160 2820 4730 4020 6530 4190 1200 6860 3670 3840 740 5340 2300 2700 1430 5690 1560 4070 1830 3370 5240 
8073 5067 1170 3573 1494 7551 2268 2583 5022 1116 5589 5751 8235 5040 4428 1989 7353 2727 6561 5139 4770 6426 6840 2556 5670 5184 8415 1377 6237 3438 1971 5877 4815 5085 4797 2664 6831 5913 4401 7434 1566 4572 936 3879 3159 4653 4410 6057 6075 2322 1917 1944 7209 4140 1269 3600 2736 3483 1089 5913 5310 783 1089 5193 3798 6354 4626 5310 7209 2142 4896 8685 2934 7434 3870 6138 5247 6048 3825 4536 4572 549 1017 8316 270 4761 6615 5220 6705 3132 5733 5805 3492 5004 7245 4401 3249 5346 5886 5751 
4860 1170 3231 3285 3420 3645 1764 1422 4410 2898 3366 3069 4833 3123 486 2061 4068 3033 2745 2493 4923 2799 3474 2025 3735 1278 5094 2835 3510 3222 2862 2286 1188 4662 990 1566 3699 4761 1944 3681 2799 774 3132 558 1467 1566 963 2520 2142 2106 2025 2484 3357 1161 4167 558 2862 774 4068 2790 1863 3240 2889 2268 4455 3699 1116 4419 3771 1962 1017 5040 1449 4491 1035 3267 3753 2898 2133 4347 1476 4149 3033 4563 3744 3573 2979 1620 3924 3456 1827 4563 927 3816 3438 4761 972 3987 2871 1827 
3432 1242 1602 1728 1956 2898 636 414 2580 1410 2142 2490 3474 1890 870 834 2922 1488 2394 1626 2844 2184 2538 1200 2340 1416 3630 1512 2802 1674 1656 2082 1344 2730 1230 474 2988 2910 1152 2832 1530 906 1566 450 1002 1500 1140 1956 1968 834 852 1092 2802 1164 2406 606 1806 678 2328 1986 1776 1710 1416 1974 2466 2484 972 2628 2772 990 1128 3696 420 3108 1008 2658 2262 2076 1080 2478 1032 2322 1590 3426 2028 2070 2550 1368 2670 1788 1782 2790 294 2250 2700 2712 672 2400 2010 1764 
2727 2367 4266 2421 5580 3492 3321 3159 2457 4293 612 5625 2997 792 2736 3519 2088 2961 4185 324 3330 1908 1737 4554 1062 3105 3105 4860 5985 2493 5211 4320 3627 2745 3285 2871 5886 2304 1044 2835 4950 2232 4446 2322 4176 4230 3627 1566 3276 3069 3744 3438 4500 3951 6147 3339 5463 3537 5994 846 4203 4977 4356 4860 3465 990 1773 2250 2124 4203 2322 3672 2592 2043 3852 5706 1404 954 1566 2754 1332 5814 4860 3546 5319 1611 4752 1638 1314 2943 3357 2097 2313 1701 2898 3402 3645 1629 693 3222 
3519 648 4896 4230 5211 1845 3474 3141 4869 4635 3159 3366 3339 3231 1332 3771 2772 4311 1629 2331 5616 1341 2187 3762 3618 900 3654 4635 3636 4221 4626 1863 1620 5157 1332 3159 3393 4860 2331 1962 4608 1161 4869 1863 3114 2295 1881 1287 720 3654 3789 4086 2016 2331 5967 2277 4509 2475 5868 1989 1944 5040 4644 2709 5445 3042 1296 4734 2358 3771 819 3348 2943 3420 2421 3339 3915 2025 2934 5013 1692 5958 4842 2817 5535 3969 2196 963 3105 4581 846 4653 2322 4140 1674 5580 2709 4149 2169 702 
1620 996 3240 2346 3810 1464 2412 2232 2526 3162 1260 3144 1620 1410 1416 2586 1092 2574 1974 816 3090 426 696 2958 1566 1434 1782 3366 3342 2370 3486 2166 1878 2718 1656 2130 3186 2406 1098 1116 3384 1104 3294 1428 2598 2328 1968 168 1374 2382 2676 2664 2136 2238 4260 1998 3528 2136 4176 408 2178 3540 3186 2670 3108 1098 894 2388 912 2832 1026 1878 1950 1416 2238 3144 1830 420 1566 2700 864 4140 3432 1668 3828 1944 2376 534 1146 2652 1494 2274 1602 2022 1092 3114 2262 1974 528 1392 
3720 1304 2672 2024 3472 3320 1544 1328 2896 2544 2008 3752 3808 1736 1176 1776 3040 2008 3080 1280 3408 2176 2552 2480 2304 1800 3992 2856 4136 1992 3096 2880 2008 3128 1752 1168 4224 3184 696 3080 2904 888 2720 552 2152 2432 1888 1840 2360 1528 1904 1912 3544 2080 4040 1440 3288 1600 3920 1776 2600 3056 2576 3048 3096 2424 664 2888 2880 2200 1160 4176 928 3256 1944 3904 2288 1896 896 2880 520 3856 2920 3864 3432 2136 3424 1136 2672 2280 2224 3008 504 2352 2960 3304 1688 2496 1800 2160 
5816 3872 864 1440 2744 5928 1664 1936 2664 1288 3440 5504 6056 2928 3496 1472 5248 760 5544 3248 2448 4696 4872 2896 3424 4224 6160 2240 5944 1328 2856 5136 4144 2712 4000 1728 6288 3480 2680 5624 2424 3416 1216 2808 3144 4256 3848 4344 4912 1248 1704 952 6056 3776 2864 3080 3480 3080 2704 4016 4704 1904 1384 4864 1600 4184 3280 2936 5216 2352 3720 6592 1840 5176 3528 5784 2984 4136 2064 2224 3048 2288 1976 6368 1896 2536 5760 3736 4504 1000 4704 3400 2384 2728 5536 2120 2952 3040 3944 4664 
4656 2094 2256 3144 1446 3558 1596 1494 4068 1908 3630 1560 4602 3408 1626 1680 4128 2748 2478 3072 4260 3234 3726 606 3846 1854 4794 1356 1884 3072 1014 1908 1404 4206 1542 1752 2316 4434 2640 3732 1230 1932 2046 1740 516 1056 1170 3084 2406 1986 1488 2076 2904 876 1962 1068 654 930 1956 3300 1524 1758 1854 1260 3774 3900 2184 4140 3906 1002 2028 4656 1842 4428 810 1830 3786 3372 2604 3924 2406 2220 1608 4302 2094 3588 2358 2502 4056 3096 2124 4314 1794 3768 3534 4086 858 3924 3354 2184 
6552 2763 2943 4140 2079 5085 1845 1674 5535 2439 4905 2646 6507 4554 2034 1998 5760 3573 3636 4077 5814 4464 5157 585 5220 2511 6777 1764 3141 4041 1431 2844 1917 5742 2043 2061 3699 6075 3420 5274 1611 2457 2664 2088 225 1557 1521 4203 3393 2430 1728 2592 4293 1125 2880 1125 1188 909 2835 4473 2259 2340 2367 2052 5112 5337 2799 5634 5445 1053 2646 6651 2196 6174 918 3015 5112 4590 3330 5310 3096 3132 2106 6138 2871 4815 3564 3312 5589 4086 2979 5895 2133 5076 4986 5571 747 5310 4545 3051 
1795 1200 2080 1140 2800 2045 1550 1460 1330 2090 540 2960 1925 435 1330 1655 1420 1390 2280 170 1770 1180 1190 2250 740 1600 2000 2405 3175 1165 2605 2290 1845 1490 1660 1300 3160 1365 290 1735 2455 1065 2175 1040 2060 2160 1820 965 1775 1410 1780 1615 2490 1980 3120 1610 2760 1715 3035 655 2185 2470 2120 2525 1765 850 810 1260 1405 2045 1155 2270 1145 1430 1910 3020 815 730 580 1435 540 2935 2405 2160 2660 830 2565 835 1030 1410 1780 1250 1005 925 1735 1775 1770 945 605 1710 
903 2660 4641 3073 5642 2534 3899 3752 2667 4669 1253 5159 1260 1701 3115 4060 721 3577 3661 1533 3395 1568 938 4774 1400 3178 1232 5089 5376 3143 5327 3990 3689 2856 3430 3549 5145 2156 2121 1834 5145 2730 4781 2975 4417 4214 3787 1540 3010 3717 4221 3997 3724 4088 6097 3724 5467 3892 5985 1120 4039 5194 4711 4620 3731 588 2415 2401 1036 4543 2688 1953 3332 273 4060 5145 1869 1043 2541 3038 2198 5852 5103 2072 5467 2219 4158 2093 301 3493 3206 2051 3052 2163 2037 3549 4011 1953 1057 3087 
6670 5040 2340 1050 4680 7350 2920 3160 2170 2830 3610 7630 7050 2990 4760 2780 6050 1020 7260 3660 1790 5670 5680 4650 3460 5630 7130 4000 8170 1000 4750 6900 5700 2170 5460 2790 8480 3230 3160 6800 4220 4510 2770 3860 4820 6000 5400 5230 6360 2280 3120 2140 7840 5420 4850 4500 5470 4560 4650 4640 6440 3640 2940 6780 740 4570 4210 2550 6110 3970 4860 7840 2790 5800 5130 7930 2820 4780 2400 1570 3790 4120 3700 7660 3640 2280 7640 4660 4980 560 6180 3170 3350 2440 6770 1390 4460 2830 4500 6110 
2547 3006 4635 2538 6093 3870 3834 3699 2169 4725 207 6273 2925 774 3384 3996 2061 3213 4761 963 3096 2313 1899 5148 540 3735 2961 5373 6633 2637 5769 4941 4275 2439 3933 3384 6507 1791 1611 3114 5472 2889 4851 2952 4797 4887 4284 2034 3852 3510 4248 3843 5031 4599 6624 3969 6057 4167 6471 1233 4842 5436 4788 5508 3420 657 2421 1881 2241 4752 2970 3726 3114 1764 4491 6345 1089 1278 1980 2574 1980 6237 5346 3708 5742 1467 5346 2259 1026 3078 3969 1602 2907 1449 3240 3240 4275 1251 1044 3825 
8270 4370 2120 4330 730 7100 1860 2000 6000 1540 5930 4520 8330 5410 3580 1760 7410 3470 5680 5180 6040 6130 6770 1030 6160 4300 8590 380 5060 4180 420 4830 3740 6160 3810 2350 5750 6820 4350 7150 130 3900 1700 3240 1770 3420 3290 5780 5300 2380 1420 2260 6410 2900 1570 2530 1240 2340 1490 5850 4190 1030 1430 3950 5080 6620 4130 6220 7150 900 4200 8640 2640 7700 2630 4960 5860 6000 3950 5600 4260 1800 800 8140 1570 5410 5640 4780 6950 4050 4870 6650 3000 5710 6890 5690 2070 6040 5880 4920 
7640 3710 6320 7130 5120 4920 4910 4610 8410 5770 7000 120 7340 6860 3350 5160 6840 6720 2640 6000 8970 5260 6210 3670 7470 2910 7710 4970 420 7050 4410 1790 2310 8690 2680 4960 1210 8720 5580 5620 4770 3870 6020 4120 3110 1770 2430 5220 3240 5500 4920 5800 3140 2320 5960 3250 3690 3180 5970 5920 1660 5640 5690 980 8380 7090 4380 8390 6350 4240 3740 7050 4960 7590 2610 370 7600 5990 5880 8340 4920 6420 5380 6360 6210 7460 2040 4560 7210 7240 2870 8500 4520 7720 5210 8780 3310 7860 6100 3040 
1758 1710 4488 3768 4764 144 3570 3354 3912 4344 2586 3084 1458 2802 2178 3762 1464 3948 1506 2238 4494 1002 1290 3792 2868 1800 1692 4380 3144 3786 4368 2028 2250 4098 2112 3330 2772 3690 2496 480 4356 2028 4494 2490 3348 2658 2478 1254 1254 3642 3792 3924 1338 2772 5268 2808 4260 2934 5202 1710 2286 4638 4350 2784 4536 2202 2016 3750 1164 3798 1818 1152 3168 2010 2862 2958 3192 1656 2958 4110 2160 5250 4506 726 4962 3348 1914 1650 2100 4062 1542 3570 2766 3408 342 4536 3090 3324 1830 1464 
1700 1660 2305 1120 3155 2315 1900 1845 990 2365 170 3440 1900 145 1810 1985 1410 1500 2700 495 1485 1435 1285 2675 265 2065 1930 2755 3650 1175 2990 2750 2325 1150 2140 1660 3620 905 735 1930 2815 1545 2430 1510 2510 2640 2300 1255 2190 1700 2130 1875 2885 2455 3435 2075 3180 2175 3345 835 2660 2770 2405 3005 1625 655 1285 865 1485 2435 1620 2325 1515 1270 2380 3495 400 880 860 1185 1020 3205 2725 2295 2930 550 3005 1270 855 1425 2225 795 1445 570 1975 1550 2220 520 735 2150 
4352 1704 2096 1952 2840 3856 912 688 3064 1928 2512 3664 4448 2160 1320 1144 3680 1704 3368 1864 3432 2792 3192 1936 2760 2048 4632 2224 4072 1888 2496 3016 2056 3264 1864 552 4280 3496 1208 3688 2280 1240 2112 632 1712 2328 1824 2464 2736 976 1264 1352 3880 1904 3400 1168 2752 1272 3280 2416 2648 2416 1944 2960 2968 3008 1200 3120 3512 1592 1552 4800 344 3880 1704 3872 2632 2536 1064 2936 1160 3216 2280 4472 2800 2384 3624 1720 3280 2072 2520 3336 208 2616 3536 3272 1280 2816 2424 2480 
5980 3050 1810 1820 3280 5690 830 910 3420 1750 3320 5330 6180 2760 2580 930 5180 1270 5140 2740 3680 4250 4630 2600 3510 3490 6370 2480 5860 1710 3030 4670 3440 3630 3230 490 6190 4160 1900 5400 2620 2480 1930 1720 2580 3690 3110 3820 4350 390 1240 850 5780 3120 3830 2190 3560 2260 3660 3590 4170 2520 1810 4480 2950 4110 2350 3590 5050 1980 2860 6720 510 5290 2830 5630 3190 3740 1320 3130 2160 3440 2410 6360 2890 2750 5440 2970 4490 1810 4080 3990 1190 3050 5250 3420 2170 3370 3550 4040 
4473 1981 1372 1953 1827 3913 238 56 3059 1120 2807 3143 4543 2464 1512 462 3878 1512 3269 2282 3248 3066 3451 1155 2996 2135 4711 1281 3521 1869 1547 2835 1967 3206 1883 343 3815 3542 1694 3829 1330 1589 1302 1050 1148 2037 1694 2793 2807 630 469 847 3745 1617 2317 1015 1848 1008 2212 2772 2443 1477 1120 2569 2709 3283 1652 3164 3724 770 1848 4830 511 4053 1400 3374 2828 2877 1449 2863 1673 2184 1344 4522 1834 2548 3402 2114 3521 1911 2569 3409 791 2758 3682 3059 896 2968 2786 2562 
4010 4670 5090 2420 7100 5850 4680 4650 1140 5360 1450 8200 4540 1420 4930 4760 3670 3350 6760 2350 2150 4120 3620 6370 950 5480 4490 6300 8640 2570 6880 6850 5970 1360 5600 4240 8600 460 2720 4990 6460 4410 5430 4250 6140 6570 5890 3800 5740 4150 5100 4380 7100 6170 7530 5350 7370 5530 7340 2920 6660 6210 5450 7320 2850 2100 3900 730 3960 5820 4590 5510 4000 3080 5990 8330 700 2970 2670 1760 3360 6960 6160 5580 6410 1110 7370 3900 2410 2960 5810 230 4020 820 5140 2440 5590 480 2710 5660 
2568 2584 3800 1944 5120 3560 3112 3008 1736 3880 144 5456 2880 376 2856 3256 2096 2536 4224 720 2536 2160 1896 4320 456 3232 2936 4480 5784 2024 4848 4328 3672 1984 3368 2720 5720 1552 1192 2936 4576 2424 3992 2416 4032 4192 3648 1872 3408 2808 3480 3096 4496 3912 5584 3320 5128 3488 5440 1192 4200 4528 3944 4760 2760 896 2008 1520 2216 3952 2528 3560 2488 1880 3800 5536 776 1264 1456 2056 1592 5232 4448 3512 4792 1040 4712 1944 1216 2424 3472 1368 2336 1072 3016 2640 3568 960 1032 3352 
2648 2344 6096 5224 6368 168 4848 4552 5472 5888 3712 3936 2240 3984 2936 5104 2264 5440 1816 3216 6240 1584 2024 5056 4096 2376 2544 5880 3992 5248 5832 2560 2944 5720 2792 4544 3456 5200 3520 952 5840 2784 6088 3408 4456 3464 3264 1896 1600 4976 5136 5352 1536 3648 7056 3760 5648 3920 6976 2544 2928 6248 5888 3576 6264 3232 2816 5264 1864 5104 2496 1768 4344 2992 3792 3744 4520 2480 4128 5720 3048 7056 6064 1200 6688 4712 2344 2344 3104 5608 1984 5040 3792 4800 736 6280 4136 4704 2704 1904 
2360 920 1590 1155 2145 2170 915 795 1720 1525 1225 2435 2430 1035 830 1050 1945 1150 2035 800 2030 1440 1650 1560 1400 1235 2540 1755 2675 1135 1925 1905 1350 1860 1195 675 2740 1920 400 2010 1790 660 1635 420 1375 1600 1265 1225 1585 875 1145 1110 2320 1375 2485 955 2065 1050 2410 1150 1720 1860 1545 1990 1830 1515 520 1725 1855 1360 835 2675 515 2055 1275 2535 1365 1225 460 1700 390 2350 1780 2490 2085 1250 2250 800 1680 1315 1500 1815 315 1390 1940 1960 1090 1490 1150 1455 
7970 4030 2230 4240 1070 6750 1690 1770 5900 1640 5710 4220 8020 5210 3230 1640 7110 3420 5330 4930 6000 5810 6470 690 5960 3940 8290 620 4760 4100 520 4480 3380 6080 3450 2140 5430 6680 4100 6820 450 3570 1830 2930 1420 3070 2930 5460 4950 2260 1290 2210 6050 2550 1930 2180 1140 1980 1850 5570 3830 1300 1530 3620 5070 6360 3820 6100 6840 600 3870 8320 2420 7430 2270 4650 5690 5710 3750 5530 3980 2140 1040 7800 1860 5270 5290 4460 6690 4010 4510 6510 2720 5570 6550 5660 1720 5890 5600 4560 
3765 1720 2880 3325 2280 2485 2185 2040 3990 2600 3340 220 3635 3245 1495 2305 3355 3100 1375 2835 4255 2560 3030 1550 3565 1340 3820 2200 495 3280 1920 895 990 4125 1180 2220 865 4170 2595 2795 2100 1765 2730 1850 1275 665 1010 2515 1585 2490 2180 2630 1670 915 2700 1375 1570 1335 2705 2840 735 2535 2565 310 3940 3415 2020 3995 3115 1835 1725 3535 2235 3705 1050 450 3610 2880 2720 3940 2285 2930 2405 3195 2820 3525 1130 2145 3490 3370 1375 4060 2030 3660 2595 4150 1390 3740 2920 1460 
4806 3108 318 1620 1626 4722 1272 1500 2550 660 3066 4038 4962 2682 2754 1080 4356 1074 4278 2856 2364 3858 4050 1962 3078 3300 5058 1320 4368 1530 1794 3900 3156 2580 3090 1428 4686 3162 2394 4548 1470 2760 528 2292 2238 3168 2910 3600 3858 1098 1170 810 4686 2808 1632 2334 2292 2298 1512 3408 3552 990 714 3588 1716 3606 2718 2754 4302 1572 2988 5322 1572 4344 2616 4266 2766 3504 1956 2220 2604 1182 1080 5118 900 2430 4386 3090 3846 1296 3666 3096 1986 2580 4458 2118 2172 2814 3372 3654 
2256 1386 4224 3708 4350 450 3270 3042 4002 4044 2730 2502 1998 2880 1800 3462 1884 3810 918 2280 4548 1140 1608 3354 3030 1338 2226 3996 2562 3708 3936 1452 1752 4188 1650 3060 2196 3870 2418 948 3960 1728 4194 2202 2904 2130 1998 1320 744 3396 3468 3678 804 2280 4866 2400 3780 2514 4812 1848 1728 4284 4038 2214 4500 2460 1806 3870 1566 3414 1506 1734 2922 2418 2394 2370 3306 1824 2856 4152 2028 4896 4146 1314 4626 3408 1338 1500 2406 3966 1026 3744 2502 3498 714 4554 2670 3456 1974 972 
4014 1062 3339 2655 4077 3366 2007 1719 3564 3159 2367 3951 4068 2151 1008 2277 3240 2664 3078 1485 4185 2151 2664 2853 2745 1656 4302 3411 4365 2637 3609 2880 1962 3834 1647 1611 4419 3816 981 3150 3438 612 3375 531 2394 2484 1872 1800 2259 2061 2385 2493 3582 2151 4752 1530 3744 1728 4626 1872 2610 3690 3177 3159 3870 2718 360 3528 3006 2619 909 4419 1359 3564 2034 4095 2808 1989 1377 3591 477 4599 3519 4032 4131 2682 3474 936 2961 2961 2115 3618 774 2916 2988 4086 1872 3042 1926 2034 
3840 4304 4088 1960 5816 5352 3968 4000 632 4368 1816 7056 4280 1688 4448 4000 3608 2704 6016 2488 1224 3960 3568 5376 1424 4936 4216 5200 7424 2080 5704 6048 5288 648 5008 3656 7440 376 2664 4664 5344 4056 4392 3856 5264 5736 5192 3688 5200 3504 4280 3624 6312 5384 6088 4696 6160 4824 5936 2992 5856 5048 4448 6352 1968 2360 3664 432 3848 4896 4224 5072 3496 3104 5224 7184 1080 3048 2496 1112 3216 5576 5040 5136 5160 1176 6488 3712 2592 2312 5232 496 3616 952 4784 1520 4840 872 2824 5120 
4336 1216 4344 4352 4104 2416 3056 2752 5184 4000 3872 1768 4136 3824 1184 3304 3688 4208 984 3080 5744 2416 3168 2752 4264 568 4432 3720 2024 4312 3528 544 568 5424 640 2912 1928 5312 2856 2816 3632 1472 4216 1904 2144 992 928 2368 896 3392 3224 3720 1568 1256 4808 1656 3240 1744 4752 2944 504 4176 3976 1192 5416 3880 1848 5120 3304 2952 1280 4024 2808 4264 1456 1760 4432 2992 3240 5208 2288 4952 3976 3496 4648 4384 1120 1872 3968 4552 528 5136 2312 4576 2504 5640 1952 4648 3088 656 
4208 4704 4240 2168 6016 5768 4232 4288 840 4552 2232 7424 4656 2096 4824 4240 4000 2888 6424 2896 1112 4376 3984 5656 1840 5336 4584 5408 7800 2288 5944 6440 5664 712 5392 3944 7832 752 3048 5080 5568 4440 4552 4216 5576 6104 5560 4112 5616 3752 4520 3832 6728 5736 6256 5032 6424 5160 6096 3416 6240 5232 4640 6720 1952 2760 4056 784 4248 5160 4624 5456 3800 3472 5568 7568 1488 3464 2832 1192 3608 5712 5240 5536 5304 1536 6888 4120 2992 2456 5640 904 3952 1328 5200 1448 5168 1280 3248 5528 
5310 2106 2160 2457 2781 4581 711 396 3798 1881 3267 3906 5391 2862 1548 1008 4545 2043 3834 2538 4140 3483 3987 1746 3537 2367 5607 2088 4383 2367 2367 3348 2232 4005 2079 477 4689 4338 1800 4464 2133 1593 2106 900 1539 2430 1917 3132 3195 1017 1062 1395 4446 1917 3429 1080 2655 1143 3303 3132 2871 2358 1890 3132 3537 3825 1656 3888 4338 1350 1935 5751 468 4788 1656 4167 3375 3267 1593 3609 1701 3267 2187 5346 2817 3069 4059 2259 4122 2511 2916 4158 567 3339 4275 3933 1098 3582 3150 2889 
6453 3645 603 2169 2169 6093 873 1215 3681 558 3987 5103 6624 3447 3105 594 5733 1350 5382 3519 3654 4869 5229 2133 4095 3915 6795 1494 5598 2034 2151 4824 3708 3798 3600 1134 6039 4482 2781 5886 1692 3132 675 2421 2430 3753 3348 4491 4761 711 792 333 5994 3213 2511 2475 2808 2439 2340 4293 4311 1314 639 4410 2790 4734 3105 3906 5607 1512 3474 7101 1377 5805 2925 5436 3717 4437 2205 3276 2988 2061 1296 6759 1566 3267 5553 3681 5076 1863 4464 4356 1989 3519 5733 3330 2259 3852 4257 4455 
3605 1421 4473 4305 4291 1631 3339 3073 4914 4186 3612 1806 3360 3661 1624 3563 3087 4256 168 2961 5460 2023 2681 3115 3969 987 3626 3962 1897 4284 3787 595 1204 5131 1218 3178 1554 4928 2898 2142 3885 1764 4375 2233 2576 1512 1519 2093 602 3598 3500 3906 665 1792 4907 2142 3507 2226 4865 2681 980 4354 4165 1498 5250 3486 2023 4823 2723 3290 1526 3129 3073 3661 1974 1666 4193 2695 3304 4991 2387 5040 4179 2639 4767 4207 567 1883 3507 4529 588 4774 2604 4354 1855 5404 2408 4375 2821 665 
4758 2466 1122 2376 630 4110 894 984 3384 768 3336 2724 4800 3024 1992 834 4248 1872 3318 2892 3420 3498 3870 594 3474 2448 4956 216 3054 2292 450 2826 2142 3480 2166 1188 3438 3870 2394 4122 204 2166 882 1758 996 1992 1872 3276 3054 1206 630 1146 3750 1668 1098 1380 894 1278 1026 3306 2442 588 702 2346 2850 3756 2286 3510 4098 366 2358 5010 1362 4410 1488 2982 3294 3396 2148 3150 2358 1140 432 4716 942 3024 3318 2682 3960 2220 2802 3768 1596 3204 3966 3210 1116 3402 3318 2826 
5730 1590 3480 3790 3520 4310 1860 1490 5110 3070 4040 3230 5690 3740 780 2180 4860 3430 3150 3080 5630 3430 4190 1940 4440 1570 5990 2890 3750 3710 2880 2540 1300 5380 1170 1720 4030 5540 2430 4390 2840 1190 3340 880 1290 1570 950 3130 2570 2310 2090 2710 3850 1050 4360 290 2850 530 4260 3430 2010 3380 3040 2360 5050 4440 1580 5140 4520 1920 1440 5910 1650 5320 860 3490 4430 3560 2570 5000 1960 4390 3150 5370 3950 4200 3340 2130 4690 3920 2180 5330 1180 4480 4110 5430 750 4680 3530 2200 
465 1985 3960 3020 4460 1170 3300 3150 2865 3915 1780 3515 170 2065 2390 3440 525 3310 2250 1750 3380 1040 740 3725 1945 2235 360 4095 3605 3060 4180 2630 2635 3005 2480 3060 3330 2530 2120 720 4105 2165 4020 2470 3405 3010 2780 1205 1910 3255 3520 3480 2165 3020 4840 2905 4185 3025 4775 1270 2770 4240 3935 3200 3565 1320 2030 2685 530 3645 2050 405 2905 850 3055 3440 2270 1195 2490 3105 2000 4740 4150 570 4475 2485 2610 1705 1145 3310 2120 2445 2625 2480 925 3475 3140 2350 1315 2040 
