30 60 120
80 80 80 80 80 80 80 80 80 80 80 80 80 80 80 80 80 80 80 80 80 80 80 80 80 80 80 80 80 80 
27 10 25 15 18 25 13 28 23 18 16 29 29 23 19 18 13 27 12 29 28 28 22 23 26 11 19 9 11 20 23 29 27 9 14 16 10 25 20 29 14 12 19 29 19 19 17 17 17 13 11 12 21 15 21 9 18 26 17 9 28 23 14 27 23 20 23 23 23 25 18 25 22 10 18 20 23 11 27 13 17 16 22 25 18 26 13 10 21 27 12 29 9 10 22 27 9 27 25 23 25 17 24 18 18 15 21 23 24 17 21 28 24 28 14 24 29 25 21 29 
534 424 203 739 506 308 116 616 279 462 665 263 879 571 412 482 360 104 779 406 532 609 579 240 252 250 122 721 224 461 653 209 353 651 602 622 683 329 218 254 471 649 681 574 300 277 124 737 758 205 390 426 385 213 662 694 833 614 296 263 
51 341 619 649 259 229 406 168 520 89 565 523 361 94 166 523 162 416 292 252 75 602 94 530 420 272 438 342 330 173 141 610 214 323 89 568 418 379 375 647 349 496 405 574 397 489 398 399 238 346 314 280 541 315 144 181 343 128 285 279 
576 293 511 121 359 636 610 785 361 657 101 379 792 711 689 150 600 592 629 383 689 23 710 405 780 540 677 445 479 444 634 496 679 379 685 56 301 809 713 485 880 169 315 58 349 356 565 395 736 664 804 348 255 617 709 751 663 576 697 647 
403 621 717 972 585 292 437 261 695 275 885 688 602 294 226 790 314 460 610 532 285 896 304 682 297 401 412 694 480 489 456 716 241 674 352 874 765 213 316 762 65 824 753 863 607 671 465 752 487 338 145 569 761 357 393 391 650 471 255 305 
141 394 615 725 333 181 373 133 538 30 639 538 417 82 89 575 134 387 374 302 45 665 92 541 351 258 392 433 330 239 217 609 148 412 127 636 504 300 316 649 258 573 492 635 424 509 375 490 291 296 229 335 576 276 187 210 422 217 220 230 
453 621 654 981 606 275 376 349 655 317 894 646 693 366 249 777 321 400 682 538 347 891 377 635 210 376 339 744 450 512 525 655 236 713 424 876 796 132 247 702 60 840 786 857 583 635 412 796 573 281 108 575 733 313 474 478 727 531 218 270 
271 232 357 594 266 127 163 393 285 230 508 282 617 334 213 378 127 164 514 170 296 494 340 282 277 27 217 469 70 202 390 349 179 407 352 483 460 294 209 389 373 466 454 459 187 257 140 496 500 160 292 202 342 111 410 445 568 349 182 132 
205 378 538 730 347 90 282 218 480 78 643 477 512 178 18 550 73 298 456 289 142 653 188 475 258 184 296 488 264 252 303 533 52 453 222 631 536 216 220 576 215 584 525 620 376 452 290 537 386 201 159 326 532 185 282 306 507 291 125 136 
215 213 406 574 223 132 218 353 317 190 487 317 561 288 191 377 100 221 456 135 252 486 294 321 312 76 269 417 117 148 334 397 174 358 302 469 419 316 248 435 374 438 412 452 205 288 198 447 445 201 299 171 359 154 357 394 510 292 199 156 
192 440 795 641 319 448 615 269 669 304 570 676 163 233 381 602 379 622 85 376 254 642 222 690 639 475 653 238 516 290 78 784 433 276 174 594 373 594 594 814 540 492 357 623 542 638 601 307 89 564 523 386 658 529 133 152 128 112 504 498 
586 302 183 454 426 497 378 757 91 596 403 99 901 689 589 210 501 354 756 364 654 312 693 113 563 389 435 620 308 453 689 168 551 540 691 348 517 619 505 151 734 424 524 285 205 118 336 602 805 465 649 352 96 433 738 779 805 633 533 482 
259 180 358 542 220 171 203 406 263 244 457 263 602 341 243 332 152 200 487 120 305 445 346 268 328 79 263 428 75 166 375 349 218 362 351 433 411 344 261 385 417 414 406 411 151 234 173 450 489 212 338 151 307 163 405 443 541 329 231 182 
302 32 377 392 137 317 329 495 230 349 307 240 607 423 372 197 282 318 465 78 393 299 424 259 476 228 395 349 185 164 398 363 360 271 412 283 290 495 409 384 560 268 289 266 111 200 289 351 513 359 485 58 216 310 453 495 515 340 380 332 
224 215 611 392 98 415 515 428 462 347 315 473 408 359 410 351 349 511 249 197 349 383 354 493 613 379 572 118 379 158 248 597 433 54 318 335 143 600 551 618 610 239 130 364 345 433 484 143 345 506 557 183 425 459 328 367 294 193 486 454 
253 471 841 634 347 511 674 332 709 370 570 717 136 299 447 624 441 679 32 417 321 650 289 732 705 532 714 221 568 335 144 829 498 276 241 599 365 661 659 858 606 492 350 635 583 678 657 287 125 626 590 422 689 591 196 209 61 168 569 561 
248 512 700 843 451 249 437 97 641 144 757 638 440 125 145 692 230 455 439 420 123 784 134 638 362 347 438 533 426 358 286 696 198 521 183 755 616 290 348 739 192 691 603 754 532 613 450 594 321 345 205 454 686 341 224 225 480 306 256 287 
606 457 144 742 553 392 200 700 266 544 674 249 952 652 496 482 440 184 844 455 613 605 660 222 336 323 209 770 281 521 725 155 439 696 680 626 717 415 306 194 558 668 717 572 324 275 197 779 833 293 478 469 373 297 740 773 898 683 383 349 
431 355 261 695 421 207 19 515 274 359 616 262 776 468 311 448 256 5 679 320 429 575 476 247 203 148 79 631 140 367 550 260 254 565 498 579 607 264 148 307 395 589 604 539 249 261 34 653 654 118 311 346 370 112 558 590 733 513 205 165 
264 549 757 868 478 307 496 67 692 186 784 690 402 128 202 731 281 514 422 458 144 818 134 691 421 402 499 535 479 388 277 752 257 532 177 785 630 347 409 795 236 714 617 788 580 663 508 599 289 405 262 490 733 400 203 193 458 308 317 347 
218 163 557 385 44 378 465 427 409 328 303 420 448 355 383 311 315 461 294 144 340 357 352 439 571 332 524 172 327 120 267 543 400 100 322 314 165 564 508 564 585 231 155 335 291 380 433 189 373 461 527 129 376 414 342 383 341 209 448 413 
582 320 570 60 365 666 655 792 417 673 67 435 772 719 711 202 624 638 608 405 699 82 716 461 819 575 722 420 519 457 629 554 706 362 688 65 273 843 751 545 906 145 288 111 393 409 610 364 725 702 833 368 313 655 707 748 639 573 729 681 
103 409 686 706 321 276 462 108 591 119 623 593 315 41 191 591 217 474 279 322 57 666 33 600 453 334 487 368 397 240 122 678 249 364 25 629 463 401 416 716 344 551 449 639 468 560 459 431 190 393 326 348 612 368 86 116 325 141 321 326 
419 133 276 392 257 377 320 602 116 446 318 130 730 531 453 140 361 302 586 195 499 267 534 154 495 270 387 459 198 284 519 261 427 379 527 275 373 532 429 273 623 309 376 231 63 91 275 449 635 381 541 181 100 338 571 613 636 463 428 376 
234 453 821 623 329 493 655 322 690 353 557 697 152 286 430 606 423 660 33 397 306 636 275 713 687 513 695 211 549 315 128 810 481 262 227 585 353 644 640 838 593 479 338 619 564 659 638 279 124 608 574 403 670 572 186 202 76 148 551 543 
401 213 216 533 311 273 178 546 133 383 455 128 740 483 367 283 282 159 617 215 446 410 489 127 357 165 244 528 85 291 516 206 327 452 495 416 474 403 294 241 510 436 474 374 88 109 133 535 631 248 425 226 211 211 549 587 670 466 310 258 
449 591 603 952 586 245 327 371 610 314 866 601 712 377 240 741 299 351 689 512 354 858 388 589 157 339 287 736 410 494 532 604 214 700 434 845 779 81 197 651 92 815 770 823 544 591 364 785 589 235 89 548 692 271 487 496 736 531 181 232 
157 464 767 727 359 364 550 132 663 208 649 667 229 110 278 642 304 561 223 382 142 704 99 675 539 420 576 353 478 295 90 758 336 368 63 662 470 483 504 794 412 573 455 680 538 632 545 421 104 482 405 403 675 456 6 36 260 141 409 415 
266 433 817 566 309 524 673 385 677 396 504 686 202 342 473 573 453 676 41 391 356 590 332 704 723 530 718 152 556 317 179 805 518 215 283 537 298 686 671 830 646 427 283 577 554 647 652 216 195 635 620 390 647 596 250 270 71 179 587 572 
391 307 265 652 373 186 55 490 249 330 571 240 737 438 291 409 225 45 636 272 399 534 446 228 230 108 121 583 91 320 510 262 238 516 465 536 558 280 167 307 399 542 555 498 207 232 18 604 618 125 314 297 338 100 524 557 690 471 201 154 
251 506 860 693 384 500 674 286 735 350 626 742 97 266 426 667 433 682 98 442 293 702 254 755 687 535 709 283 579 356 132 849 481 331 210 652 424 636 646 880 570 548 409 684 608 704 662 350 64 618 561 452 724 586 156 157 112 176 553 551 
6408 5088 2436 8868 6072 3696 1392 7392 3348 5544 7980 3156 10548 6852 4944 5784 4320 1248 9348 4872 6384 7308 6948 2880 3024 3000 1464 8652 2688 5532 7836 2508 4236 7812 7224 7464 8196 3948 2616 3048 5652 7788 8172 6888 3600 3324 1488 8844 9096 2460 4680 5112 4620 2556 7944 8328 9996 7368 3552 3156 
612 4092 7428 7788 3108 2748 4872 2016 6240 1068 6780 6276 4332 1128 1992 6276 1944 4992 3504 3024 900 7224 1128 6360 5040 3264 5256 4104 3960 2076 1692 7320 2568 3876 1068 6816 5016 4548 4500 7764 4188 5952 4860 6888 4764 5868 4776 4788 2856 4152 3768 3360 6492 3780 1728 2172 4116 1536 3420 3348 
8064 4102 7154 1694 5026 8904 8540 10990 5054 9198 1414 5306 11088 9954 9646 2100 8400 8288 8806 5362 9646 322 9940 5670 10920 7560 9478 6230 6706 6216 8876 6944 9506 5306 9590 784 4214 11326 9982 6790 12320 2366 4410 812 4886 4984 7910 5530 10304 9296 11256 4872 3570 8638 9926 10514 9282 8064 9758 9058 
5239 8073 9321 12636 7605 3796 5681 3393 9035 3575 11505 8944 7826 3822 2938 10270 4082 5980 7930 6916 3705 11648 3952 8866 3861 5213 5356 9022 6240 6357 5928 9308 3133 8762 4576 11362 9945 2769 4108 9906 845 10712 9789 11219 7891 8723 6045 9776 6331 4394 1885 7397 9893 4641 5109 5083 8450 6123 3315 3965 
1551 4334 6765 7975 3663 1991 4103 1463 5918 330 7029 5918 4587 902 979 6325 1474 4257 4114 3322 495 7315 1012 5951 3861 2838 4312 4763 3630 2629 2387 6699 1628 4532 1397 6996 5544 3300 3476 7139 2838 6303 5412 6985 4664 5599 4125 5390 3201 3256 2519 3685 6336 3036 2057 2310 4642 2387 2420 2530 
6342 8694 9156 13734 8484 3850 5264 4886 9170 4438 12516 9044 9702 5124 3486 10878 4494 5600 9548 7532 4858 12474 5278 8890 2940 5264 4746 10416 6300 7168 7350 9170 3304 9982 5936 12264 11144 1848 3458 9828 840 11760 11004 11998 8162 8890 5768 11144 8022 3934 1512 8050 10262 4382 6636 6692 10178 7434 3052 3780 
3794 3248 4998 8316 3724 1778 2282 5502 3990 3220 7112 3948 8638 4676 2982 5292 1778 2296 7196 2380 4144 6916 4760 3948 3878 378 3038 6566 980 2828 5460 4886 2506 5698 4928 6762 6440 4116 2926 5446 5222 6524 6356 6426 2618 3598 1960 6944 7000 2240 4088 2828 4788 1554 5740 6230 7952 4886 2548 1848 
2665 4914 6994 9490 4511 1170 3666 2834 6240 1014 8359 6201 6656 2314 234 7150 949 3874 5928 3757 1846 8489 2444 6175 3354 2392 3848 6344 3432 3276 3939 6929 676 5889 2886 8203 6968 2808 2860 7488 2795 7592 6825 8060 4888 5876 3770 6981 5018 2613 2067 4238 6916 2405 3666 3978 6591 3783 1625 1768 
2795 2769 5278 7462 2899 1716 2834 4589 4121 2470 6331 4121 7293 3744 2483 4901 1300 2873 5928 1755 3276 6318 3822 4173 4056 988 3497 5421 1521 1924 4342 5161 2262 4654 3926 6097 5447 4108 3224 5655 4862 5694 5356 5876 2665 3744 2574 5811 5785 2613 3887 2223 4667 2002 4641 5122 6630 3796 2587 2028 
2496 5720 10335 8333 4147 5824 7995 3497 8697 3952 7410 8788 2119 3029 4953 7826 4927 8086 1105 4888 3302 8346 2886 8970 8307 6175 8489 3094 6708 3770 1014 10192 5629 3588 2262 7722 4849 7722 7722 10582 7020 6396 4641 8099 7046 8294 7813 3991 1157 7332 6799 5018 8554 6877 1729 1976 1664 1456 6552 6474 
8204 4228 2562 6356 5964 6958 5292 10598 1274 8344 5642 1386 12614 9646 8246 2940 7014 4956 10584 5096 9156 4368 9702 1582 7882 5446 6090 8680 4312 6342 9646 2352 7714 7560 9674 4872 7238 8666 7070 2114 10276 5936 7336 3990 2870 1652 4704 8428 11270 6510 9086 4928 1344 6062 10332 10906 11270 8862 7462 6748 
3108 2160 4296 6504 2640 2052 2436 4872 3156 2928 5484 3156 7224 4092 2916 3984 1824 2400 5844 1440 3660 5340 4152 3216 3936 948 3156 5136 900 1992 4500 4188 2616 4344 4212 5196 4932 4128 3132 4620 5004 4968 4872 4932 1812 2808 2076 5400 5868 2544 4056 1812 3684 1956 4860 5316 6492 3948 2772 2184 
3926 416 4901 5096 1781 4121 4277 6435 2990 4537 3991 3120 7891 5499 4836 2561 3666 4134 6045 1014 5109 3887 5512 3367 6188 2964 5135 4537 2405 2132 5174 4719 4680 3523 5356 3679 3770 6435 5317 4992 7280 3484 3757 3458 1443 2600 3757 4563 6669 4667 6305 754 2808 4030 5889 6435 6695 4420 4940 4316 
3360 3225 9165 5880 1470 6225 7725 6420 6930 5205 4725 7095 6120 5385 6150 5265 5235 7665 3735 2955 5235 5745 5310 7395 9195 5685 8580 1770 5685 2370 3720 8955 6495 810 4770 5025 2145 9000 8265 9270 9150 3585 1950 5460 5175 6495 7260 2145 5175 7590 8355 2745 6375 6885 4920 5505 4410 2895 7290 6810 
3036 5652 10092 7608 4164 6132 8088 3984 8508 4440 6840 8604 1632 3588 5364 7488 5292 8148 384 5004 3852 7800 3468 8784 8460 6384 8568 2652 6816 4020 1728 9948 5976 3312 2892 7188 4380 7932 7908 10296 7272 5904 4200 7620 6996 8136 7884 3444 1500 7512 7080 5064 8268 7092 2352 2508 732 2016 6828 6732 
2976 6144 8400 10116 5412 2988 5244 1164 7692 1728 9084 7656 5280 1500 1740 8304 2760 5460 5268 5040 1476 9408 1608 7656 4344 4164 5256 6396 5112 4296 3432 8352 2376 6252 2196 9060 7392 3480 4176 8868 2304 8292 7236 9048 6384 7356 5400 7128 3852 4140 2460 5448 8232 4092 2688 2700 5760 3672 3072 3444 
9090 6855 2160 11130 8295 5880 3000 10500 3990 8160 10110 3735 14280 9780 7440 7230 6600 2760 12660 6825 9195 9075 9900 3330 5040 4845 3135 11550 4215 7815 10875 2325 6585 10440 10200 9390 10755 6225 4590 2910 8370 10020 10755 8580 4860 4125 2955 11685 12495 4395 7170 7035 5595 4455 11100 11595 13470 10245 5745 5235 
4310 3550 2610 6950 4210 2070 190 5150 2740 3590 6160 2620 7760 4680 3110 4480 2560 50 6790 3200 4290 5750 4760 2470 2030 1480 790 6310 1400 3670 5500 2600 2540 5650 4980 5790 6070 2640 1480 3070 3950 5890 6040 5390 2490 2610 340 6530 6540 1180 3110 3460 3700 1120 5580 5900 7330 5130 2050 1650 
2640 5490 7570 8680 4780 3070 4960 670 6920 1860 7840 6900 4020 1280 2020 7310 2810 5140 4220 4580 1440 8180 1340 6910 4210 4020 4990 5350 4790 3880 2770 7520 2570 5320 1770 7850 6300 3470 4090 7950 2360 7140 6170 7880 5800 6630 5080 5990 2890 4050 2620 4900 7330 4000 2030 1930 4580 3080 3170 3470 
2616 1956 6684 4620 528 4536 5580 5124 4908 3936 3636 5040 5376 4260 4596 3732 3780 5532 3528 1728 4080 4284 4224 5268 6852 3984 6288 2064 3924 1440 3204 6516 4800 1200 3864 3768 1980 6768 6096 6768 7020 2772 1860 4020 3492 4560 5196 2268 4476 5532 6324 1548 4512 4968 4104 4596 4092 2508 5376 4956 
6984 3840 6840 720 4380 7992 7860 9504 5004 8076 804 5220 9264 8628 8532 2424 7488 7656 7296 4860 8388 984 8592 5532 9828 6900 8664 5040 6228 5484 7548 6648 8472 4344 8256 780 3276 10116 9012 6540 10872 1740 3456 1332 4716 4908 7320 4368 8700 8424 9996 4416 3756 7860 8484 8976 7668 6876 8748 8172 
1545 6135 10290 10590 4815 4140 6930 1620 8865 1785 9345 8895 4725 615 2865 8865 3255 7110 4185 4830 855 9990 495 9000 6795 5010 7305 5520 5955 3600 1830 10170 3735 5460 375 9435 6945 6015 6240 10740 5160 8265 6735 9585 7020 8400 6885 6465 2850 5895 4890 5220 9180 5520 1290 1740 4875 2115 4815 4890 
5447 1729 3588 5096 3341 4901 4160 7826 1508 5798 4134 1690 9490 6903 5889 1820 4693 3926 7618 2535 6487 3471 6942 2002 6435 3510 5031 5967 2574 3692 6747 3393 5551 4927 6851 3575 4849 6916 5577 3549 8099 4017 4888 3003 819 1183 3575 5837 8255 4953 7033 2353 1300 4394 7423 7969 8268 6019 5564 4888 
3042 5889 10673 8099 4277 6409 8515 4186 8970 4589 7241 9061 1976 3718 5590 7878 5499 8580 429 5161 3978 8268 3575 9269 8931 6669 9035 2743 7137 4095 1664 10530 6253 3406 2951 7605 4589 8372 8320 10894 7709 6227 4394 8047 7332 8567 8294 3627 1612 7904 7462 5239 8710 7436 2418 2626 988 1924 7163 7059 
5614 2982 3024 7462 4354 3822 2492 7644 1862 5362 6370 1792 10360 6762 5138 3962 3948 2226 8638 3010 6244 5740 6846 1778 4998 2310 3416 7392 1190 4074 7224 2884 4578 6328 6930 5824 6636 5642 4116 3374 7140 6104 6636 5236 1232 1526 1862 7490 8834 3472 5950 3164 2954 2954 7686 8218 9380 6524 4340 3612 
4490 5910 6030 9520 5860 2450 3270 3710 6100 3140 8660 6010 7120 3770 2400 7410 2990 3510 6890 5120 3540 8580 3880 5890 1570 3390 2870 7360 4100 4940 5320 6040 2140 7000 4340 8450 7790 810 1970 6510 920 8150 7700 8230 5440 5910 3640 7850 5890 2350 890 5480 6920 2710 4870 4960 7360 5310 1810 2320 
2041 6032 9971 9451 4667 4732 7150 1716 8619 2704 8437 8671 2977 1430 3614 8346 3952 7293 2899 4966 1846 9152 1287 8775 7007 5460 7488 4589 6214 3835 1170 9854 4368 4784 819 8606 6110 6279 6552 10322 5356 7449 5915 8840 6994 8216 7085 5473 1352 6266 5265 5239 8775 5928 78 468 3380 1833 5317 5395 
3990 6495 12255 8490 4635 7860 10095 5775 10155 5940 7560 10290 3030 5130 7095 8595 6795 10140 615 5865 5340 8850 4980 10560 10845 7950 10770 2280 8340 4755 2685 12075 7770 3225 4245 8055 4470 10290 10065 12450 9690 6405 4245 8655 8310 9705 9780 3240 2925 9525 9300 5850 9705 8940 3750 4050 1065 2685 8805 8580 
4301 3377 2915 7172 4103 2046 605 5390 2739 3630 6281 2640 8107 4818 3201 4499 2475 495 6996 2992 4389 5874 4906 2508 2530 1188 1331 6413 1001 3520 5610 2882 2618 5676 5115 5896 6138 3080 1837 3377 4389 5962 6105 5478 2277 2552 198 6644 6798 1375 3454 3267 3718 1100 5764 6127 7590 5181 2211 1694 
2761 5566 9460 7623 4224 5500 7414 3146 8085 3850 6886 8162 1067 2926 4686 7337 4763 7502 1078 4862 3223 7722 2794 8305 7557 5885 7799 3113 6369 3916 1452 9339 5291 3641 2310 7172 4664 6996 7106 9680 6270 6028 4499 7524 6688 7744 7282 3850 704 6798 6171 4972 7964 6446 1716 1727 1232 1936 6083 6061 
608 60 276 389 676 197 250 298 170 189 391 499 289 593 100 295 488 186 470 432 224 470 372 169 335 733 457 215 222 403 510 89 157 42 284 532 77 151 634 455 654 325 203 155 556 528 621 126 607 286 399 561 98 173 301 246 489 428 540 561 436 386 396 535 440 487 113 527 296 348 113 318 380 145 256 149 405 177 411 489 140 247 305 207 365 236 165 504 422 231 351 53 513 100 359 296 616 302 277 232 482 237 476 684 281 512 227 117 377 522 366 452 698 156 58 155 344 407 297 428 
397 359 496 81 489 241 408 44 418 135 300 221 336 433 302 159 503 135 558 528 372 271 91 443 90 538 315 191 153 207 511 331 461 323 530 250 378 237 397 174 432 15 492 376 283 712 372 196 398 432 108 456 349 441 143 313 560 206 350 462 586 216 116 271 322 670 225 492 193 473 357 553 253 454 228 288 611 425 159 277 444 543 163 515 84 84 470 354 581 168 529 324 511 341 334 422 487 427 45 93 195 73 573 490 142 504 537 388 523 219 85 268 504 462 253 190 591 163 72 505 
17 638 867 346 104 632 793 442 771 442 260 489 734 118 546 556 402 509 519 513 756 146 308 667 472 142 182 401 547 572 385 580 770 604 889 195 694 614 43 465 36 395 720 579 528 739 76 495 18 529 429 216 694 785 539 708 498 199 85 226 611 592 449 540 212 706 584 331 321 523 707 692 244 729 627 663 696 779 239 129 754 770 559 782 441 472 777 150 617 564 611 656 382 583 331 506 186 820 442 412 460 433 539 98 541 372 811 628 571 273 440 165 110 725 562 461 734 236 470 480 
638 664 652 338 734 429 546 340 627 483 643 151 425 713 637 309 856 426 919 890 523 561 395 766 287 767 633 551 381 201 860 658 719 633 702 435 647 464 605 193 650 350 807 716 102 1071 567 529 639 791 257 769 590 661 302 441 920 502 624 777 948 223 246 96 650 1028 491 833 550 834 590 897 592 743 369 497 965 632 450 554 704 851 299 802 277 388 728 658 941 373 886 590 860 670 690 783 781 525 362 449 182 417 935 728 323 852 814 710 884 357 276 572 739 759 562 537 931 460 325 866 
510 275 372 203 598 118 284 93 298 119 368 281 223 532 247 93 545 35 574 539 248 376 213 375 118 650 403 203 36 195 558 267 355 243 407 375 274 114 516 238 548 135 417 326 339 694 493 143 510 418 187 538 233 324 92 194 583 315 456 542 578 185 180 318 402 650 113 552 249 470 240 507 330 362 120 165 581 305 276 387 338 464 104 423 152 41 364 447 569 55 507 217 559 279 378 415 578 306 79 115 266 84 586 601 74 554 440 319 514 341 154 369 615 374 170 161 541 277 83 523 
438 242 534 392 480 407 506 368 427 230 192 566 519 388 158 439 229 313 229 193 476 323 344 226 422 535 269 155 375 531 251 178 372 223 534 452 319 363 482 519 486 359 276 143 628 368 485 211 437 92 453 329 357 423 434 477 241 316 366 327 241 528 461 617 241 326 314 273 180 127 372 246 215 310 447 388 277 433 334 347 360 323 449 350 429 329 376 309 235 393 190 312 254 173 127 78 391 555 346 258 539 291 240 492 419 254 381 204 178 481 430 298 504 298 235 184 289 325 387 180 
264 422 698 368 290 519 651 400 593 309 63 555 635 198 330 503 155 400 252 239 618 187 311 419 452 345 106 230 459 569 154 358 556 396 707 346 493 484 317 513 311 369 469 335 612 465 330 330 263 255 452 139 517 595 492 597 238 219 197 138 334 576 467 610 75 429 440 130 175 243 532 417 114 500 542 522 416 600 263 209 543 515 511 542 441 391 561 130 339 479 331 473 154 356 66 231 199 693 385 309 524 344 271 303 483 145 573 393 291 401 442 163 315 489 381 293 459 252 427 206 
736 151 344 584 786 396 380 503 261 376 494 707 464 695 215 504 500 394 432 397 371 609 557 82 543 842 570 365 432 612 527 182 145 186 317 705 177 353 774 662 785 524 32 169 765 396 770 312 736 266 604 636 245 233 511 425 461 582 665 633 352 594 603 745 545 363 322 564 437 317 252 179 504 78 457 335 275 263 580 631 149 38 514 56 571 442 141 613 335 440 266 228 532 174 435 288 698 436 481 421 690 435 429 797 491 535 84 125 315 709 573 586 810 57 258 327 181 573 505 410 
166 540 734 185 264 487 652 288 646 319 241 331 583 238 456 400 444 370 543 526 615 106 155 592 313 305 189 305 399 409 437 490 664 503 763 54 583 476 152 304 191 240 646 507 374 747 125 381 167 496 267 305 571 664 382 560 530 90 149 314 614 430 287 383 218 709 453 394 235 508 583 652 197 636 475 527 678 654 97 88 647 697 401 693 279 326 672 197 615 415 590 538 435 496 313 476 307 674 291 281 301 293 562 260 386 425 720 545 561 124 279 128 273 636 448 353 694 99 314 494 
573 94 390 437 626 325 381 372 285 232 333 581 424 537 66 402 377 277 341 303 358 445 403 83 419 683 409 205 329 508 401 48 216 93 384 545 173 278 611 534 622 383 137 20 641 395 607 175 573 156 471 485 226 275 404 381 364 420 502 483 300 495 473 624 385 353 232 428 274 218 240 195 341 153 380 284 274 291 420 468 205 189 413 197 440 316 219 452 286 343 215 185 405 36 280 169 546 435 348 276 559 296 345 637 385 406 228 46 242 554 442 423 651 143 148 178 228 413 380 304 
577 580 589 258 674 353 483 253 555 396 562 81 365 646 550 228 774 340 834 804 457 489 315 681 200 711 557 465 298 123 779 573 642 549 638 376 567 385 549 113 593 264 723 629 69 985 513 442 578 704 174 696 512 588 219 375 835 428 556 703 861 150 161 41 573 941 409 754 466 748 514 811 512 662 296 422 878 560 375 484 626 768 218 722 191 302 651 585 854 292 799 510 779 585 606 696 711 469 275 362 111 330 850 669 240 771 735 625 798 300 190 498 681 676 477 450 845 384 238 781 
150 542 742 199 247 497 662 300 653 324 231 348 595 220 457 412 431 379 531 516 625 93 166 591 326 289 176 306 410 425 423 491 668 506 770 69 587 485 139 321 176 252 645 506 391 738 115 385 151 490 282 289 577 670 395 571 518 87 132 298 605 445 302 400 205 700 461 379 233 500 589 647 189 638 487 535 671 661 104 73 651 697 415 695 294 336 676 181 607 426 583 543 422 497 304 470 290 684 302 288 318 302 551 244 398 411 722 545 553 141 293 116 257 637 453 356 690 105 327 484 
949 346 116 682 1021 372 222 571 186 516 737 721 343 939 436 501 811 466 763 727 250 810 683 394 582 1078 803 560 457 585 836 410 219 370 71 848 273 364 970 689 994 613 371 452 763 737 953 462 949 583 655 905 263 173 517 331 790 762 883 905 694 556 643 735 787 705 379 861 640 642 250 522 726 292 417 314 617 178 736 828 228 364 507 287 621 516 217 850 677 450 606 301 839 415 701 601 962 247 558 551 718 541 763 1029 500 841 264 390 650 820 623 794 1043 313 396 496 520 734 556 733 
679 78 316 511 734 328 333 429 220 304 441 634 405 645 147 432 476 321 423 387 319 548 486 56 469 791 516 298 360 540 501 113 122 112 299 637 118 284 714 589 727 450 67 120 692 427 708 239 678 244 531 593 186 199 439 364 450 518 608 591 360 523 529 671 493 389 250 532 374 302 196 207 446 47 389 270 302 223 512 570 116 110 442 91 497 368 122 560 344 368 271 162 505 108 388 263 654 389 407 349 616 361 424 745 418 507 120 62 312 638 499 526 758 34 184 256 222 506 431 394 
541 172 467 455 584 392 458 407 362 263 296 614 495 493 121 454 305 326 263 226 434 422 414 125 458 640 373 211 383 556 331 120 288 167 460 540 250 345 584 567 590 410 173 57 676 333 585 218 540 78 502 431 303 351 454 452 287 408 470 428 228 547 507 661 346 290 297 363 264 140 317 160 314 218 442 356 219 368 417 446 278 219 465 251 474 357 290 413 215 399 147 261 335 109 232 93 493 511 384 302 590 329 268 596 435 337 282 117 167 560 475 398 609 202 210 208 200 409 420 227 
381 541 647 112 478 386 549 194 582 316 400 115 451 454 482 263 616 308 693 668 515 303 160 625 176 514 378 356 301 224 615 512 638 505 687 180 556 397 353 99 397 166 674 554 158 871 317 378 382 594 104 512 519 609 245 441 689 247 364 520 740 252 118 166 399 829 397 583 327 627 526 727 348 635 350 446 778 589 198 294 621 725 260 697 137 256 647 401 737 308 693 500 615 522 457 581 521 554 214 271 87 255 711 472 259 606 717 570 679 104 135 316 484 643 434 369 767 209 204 641 
468 177 464 364 521 338 434 322 357 178 228 527 449 432 88 380 300 252 296 259 405 342 322 186 374 578 303 120 313 478 321 113 311 154 467 451 252 294 507 480 517 321 240 99 589 410 504 146 468 131 414 384 286 355 378 407 311 321 397 383 291 472 420 575 280 367 244 339 176 184 301 251 236 256 382 317 305 364 327 365 298 290 391 303 387 276 316 347 283 331 224 242 324 111 179 128 444 483 299 214 502 244 306 532 361 324 333 150 227 469 388 319 545 247 164 126 292 320 337 249 
241 432 704 352 271 517 654 390 599 306 51 539 633 179 339 496 176 397 275 263 620 163 295 434 440 327 83 231 454 558 173 369 567 405 714 323 502 484 294 498 288 357 485 349 595 489 306 332 240 276 437 130 523 603 484 596 261 198 173 132 358 566 453 594 51 453 441 143 168 266 537 438 98 512 538 524 439 607 244 185 553 532 503 557 428 384 572 107 362 474 354 479 172 367 81 252 187 694 376 302 508 337 295 284 476 163 587 406 314 380 429 141 296 503 386 295 480 233 417 230 
825 285 48 532 904 216 58 420 97 390 634 558 180 827 358 340 745 324 721 683 87 686 541 372 425 959 691 449 304 421 767 342 209 294 98 704 208 218 839 527 866 465 372 400 599 744 819 347 825 536 497 808 159 121 357 167 743 632 763 809 673 392 484 571 680 706 246 783 525 598 144 523 613 281 255 168 619 93 599 701 206 387 346 309 465 370 214 738 658 294 584 203 770 350 611 549 860 95 409 418 556 401 726 910 342 769 300 345 620 669 466 673 924 304 291 384 534 599 402 682 
420 271 443 166 504 210 367 102 353 43 266 308 321 435 210 183 449 85 488 456 330 284 148 352 156 558 304 113 137 266 460 239 381 234 470 311 298 188 434 261 461 107 401 284 370 629 415 105 421 348 197 437 279 372 174 288 494 227 362 441 506 265 201 356 301 586 160 452 148 394 290 462 229 367 221 237 524 361 196 297 363 452 191 428 168 68 389 348 499 157 444 248 462 249 281 341 478 396 80 14 285 25 502 508 162 456 450 296 442 297 169 273 523 373 166 98 500 195 120 436 
641 64 339 482 696 321 345 405 238 274 402 611 406 606 112 416 440 300 394 356 327 510 454 44 447 752 477 263 343 525 466 79 152 90 327 602 129 275 676 566 689 423 85 83 670 414 671 211 640 211 506 555 192 221 422 364 419 481 570 553 338 508 505 651 454 375 236 496 337 271 204 198 408 84 380 268 290 243 477 532 144 135 427 129 473 345 154 521 322 354 249 160 470 72 350 229 615 401 382 319 592 334 395 706 401 471 159 24 286 606 475 488 719 73 162 224 220 471 409 361 
497 619 672 226 593 421 567 269 625 409 525 67 454 576 574 290 741 376 815 788 537 429 281 713 228 625 505 464 349 205 742 600 699 585 717 295 619 444 463 108 508 260 759 650 44 984 425 465 498 705 169 638 572 656 276 457 812 374 488 646 856 235 168 69 526 942 458 710 446 742 576 828 473 708 370 488 886 631 325 419 682 807 282 769 200 328 708 527 851 349 803 562 741 612 580 694 645 560 292 368 81 343 832 586 295 733 786 656 794 216 198 443 597 720 512 464 866 336 265 762 
686 76 305 512 742 323 323 429 209 306 449 632 397 653 152 429 486 319 434 398 310 554 488 67 468 798 523 303 356 537 512 118 110 112 288 640 109 279 720 587 734 451 73 130 690 437 713 241 685 255 530 602 178 188 436 356 461 522 615 600 371 518 528 669 500 399 246 542 379 313 187 217 453 37 383 263 312 213 515 576 105 113 439 85 496 367 111 567 355 365 282 155 516 114 397 273 663 380 407 351 615 362 435 752 415 518 113 70 323 640 498 532 766 28 184 259 231 510 430 405 
124 549 758 224 221 515 679 321 667 337 220 375 615 194 462 435 413 396 517 503 642 78 187 594 350 264 159 312 429 450 404 496 677 514 784 92 597 502 119 347 153 274 648 507 418 726 100 395 124 484 308 265 590 683 418 590 502 93 106 274 594 470 328 427 189 689 475 359 236 492 602 643 183 644 507 552 663 674 121 55 661 699 437 700 319 355 685 159 596 446 575 555 402 501 294 464 263 703 323 302 345 318 537 218 420 392 728 549 544 167 318 103 231 643 463 365 686 120 349 470 
433 430 726 533 433 606 705 539 620 416 239 718 720 347 356 626 59 505 68 70 677 372 477 379 594 480 291 333 567 709 87 370 550 417 721 530 509 563 491 674 477 518 417 318 778 290 509 408 432 186 609 253 554 612 619 678 54 400 373 245 170 710 621 772 260 261 514 141 316 132 568 310 289 478 644 589 272 626 439 394 540 451 635 502 592 512 551 304 180 586 206 510 91 362 178 168 312 755 520 433 689 469 88 449 605 99 533 379 153 583 593 349 458 460 436 378 345 429 562 42 
345 290 557 293 400 380 508 289 452 174 108 474 496 313 196 379 252 266 299 269 475 220 241 309 344 457 181 91 326 460 265 228 425 260 568 343 356 343 384 429 393 270 363 222 535 469 383 187 344 200 363 278 375 456 371 457 301 207 274 279 338 461 374 527 159 428 297 263 74 225 390 354 113 376 408 380 385 459 225 243 410 413 388 425 343 265 430 226 335 346 297 332 266 229 87 183 333 550 270 185 446 221 315 410 359 262 455 272 278 373 345 196 424 369 239 151 397 216 313 246 
300 452 738 435 306 573 698 465 631 366 130 622 689 217 363 565 92 458 202 197 665 246 378 433 517 356 162 284 518 635 87 388 584 429 742 406 527 536 358 580 344 435 480 354 679 423 376 379 298 252 519 131 557 630 555 651 183 284 240 125 297 640 534 677 134 391 490 69 237 223 572 406 181 521 600 571 390 638 329 266 571 522 573 558 507 452 588 171 305 538 311 513 87 384 106 228 194 742 449 370 591 405 222 321 545 78 589 415 264 465 508 224 331 508 425 344 446 318 491 164 
724 346 238 394 814 113 132 286 230 322 579 379 11 749 376 179 738 232 745 708 114 593 420 454 271 865 619 401 181 238 754 378 342 334 289 572 293 155 726 355 760 334 476 445 415 820 700 311 725 568 339 752 224 266 198 45 760 530 672 756 724 207 322 386 616 779 204 755 461 628 217 608 545 392 99 142 697 233 487 602 331 508 181 440 310 257 350 664 712 162 641 250 756 390 580 573 794 116 284 330 382 301 754 816 190 753 442 408 663 523 312 585 830 413 288 344 630 490 261 698 
278 349 594 232 345 388 533 255 493 177 85 418 502 265 258 360 288 264 358 333 498 145 176 383 307 401 129 116 319 424 294 291 482 315 611 262 407 358 311 374 325 225 437 296 477 543 306 216 278 280 311 255 415 502 348 467 354 127 209 259 410 431 325 473 120 503 319 276 37 300 429 435 51 441 404 402 464 501 148 167 466 488 367 494 298 248 489 175 409 339 376 374 294 294 122 262 300 569 241 168 388 201 376 353 340 287 522 341 353 296 298 123 367 437 279 179 477 138 282 306 
499 191 360 249 578 155 293 161 267 64 317 367 271 503 151 188 470 60 487 451 258 361 236 284 203 633 368 134 119 292 486 173 293 155 384 400 210 120 517 321 542 185 329 230 427 598 500 48 499 324 262 492 191 284 188 233 499 309 437 494 485 281 261 408 359 555 79 487 202 378 203 412 290 284 189 162 484 274 283 377 276 378 199 346 229 101 301 414 475 136 412 159 488 185 311 323 539 330 139 98 348 97 498 584 170 484 367 227 421 384 231 347 598 293 84 76 446 281 165 437 
724 131 164 479 795 211 172 376 60 295 510 558 257 712 213 337 598 263 566 528 161 586 472 215 401 851 576 333 275 440 621 192 80 147 165 636 52 180 747 518 769 411 221 245 610 589 733 237 724 381 471 680 52 54 349 220 589 540 657 680 516 417 464 585 560 550 173 642 413 443 50 369 499 132 271 142 464 65 518 604 67 246 346 176 436 316 89 622 500 275 427 77 624 198 477 395 735 228 358 334 547 330 570 802 329 624 179 188 463 617 438 568 816 155 170 271 383 515 367 529 
27 629 855 331 120 618 780 428 760 430 256 473 720 128 538 542 406 496 522 515 743 136 294 660 457 158 179 392 534 556 391 572 761 595 878 179 684 602 38 450 48 380 714 573 512 741 64 484 28 527 414 223 683 774 525 694 501 186 83 233 612 576 434 524 210 708 572 337 312 522 696 689 238 721 613 651 695 768 225 118 745 764 544 774 425 458 768 150 618 551 610 646 388 575 328 504 198 806 428 400 444 420 542 114 526 377 803 621 571 257 425 157 126 717 551 451 732 222 455 482 
490 223 519 438 528 419 502 405 413 263 244 608 528 436 154 466 246 338 218 180 476 377 392 185 458 583 321 196 398 564 271 164 346 212 515 505 302 374 535 561 538 400 233 112 670 326 539 231 489 46 494 371 349 405 464 486 237 370 419 368 206 557 502 657 293 283 325 302 232 100 363 192 269 278 465 392 228 419 386 401 335 277 476 311 469 361 348 359 197 416 143 305 275 156 176 44 434 554 382 296 582 327 225 541 447 277 342 174 142 532 470 352 553 263 240 211 235 377 421 176 
646 332 297 314 737 75 192 206 262 258 511 309 89 674 342 99 681 166 699 663 162 516 340 441 191 787 547 341 108 173 696 350 359 312 343 491 295 121 646 280 681 254 471 417 351 794 620 259 646 530 259 682 231 296 118 82 712 453 596 687 690 145 243 323 546 752 167 693 393 587 229 590 474 395 24 138 674 267 408 525 345 509 102 450 230 182 368 590 678 88 611 242 698 363 519 532 722 191 206 260 308 228 710 738 109 694 458 390 627 443 232 510 752 414 253 289 617 412 180 650 
697 69 258 500 758 285 275 409 161 297 466 608 352 671 161 398 521 297 477 439 263 563 480 114 444 815 538 307 327 505 546 130 71 105 244 638 65 243 728 564 744 436 119 162 664 486 719 232 697 294 510 626 133 141 406 313 502 526 627 625 418 485 506 642 518 448 216 574 387 354 141 265 465 36 346 222 361 165 514 583 61 150 408 96 475 347 74 584 402 333 329 117 550 130 420 311 685 331 388 341 592 348 478 768 386 551 116 100 368 631 477 542 782 55 168 256 279 510 407 444 
526 583 620 222 623 373 515 240 577 384 527 35 400 598 545 243 741 340 808 780 486 445 279 681 193 657 516 446 307 151 744 570 656 551 666 324 578 400 496 81 540 241 725 623 30 968 459 436 527 687 147 652 528 609 230 405 807 385 509 660 842 181 140 21 533 925 417 716 438 728 531 803 476 670 320 441 866 583 333 437 640 772 234 730 173 296 665 542 836 304 784 521 744 581 576 678 665 505 264 346 66 318 824 617 250 736 746 624 779 246 172 455 628 683 478 439 839 343 232 755 
650 428 384 303 745 174 278 216 361 315 552 240 157 693 428 107 739 228 770 735 253 530 344 537 177 791 575 398 166 98 751 440 460 405 433 474 395 217 641 224 680 259 569 505 270 881 610 334 651 610 227 715 332 395 119 172 779 464 608 720 770 68 208 241 579 838 257 741 436 664 330 682 509 495 113 239 763 365 415 534 446 609 100 550 209 221 469 614 760 149 695 342 752 453 571 609 747 261 227 303 248 267 782 744 128 747 559 484 707 414 210 529 758 513 341 357 711 420 188 719 
505 386 680 561 512 589 671 551 576 417 289 742 699 424 324 626 143 500 50 14 645 429 508 319 606 560 352 338 562 717 170 332 495 380 670 582 464 544 561 696 550 537 351 271 803 219 576 396 504 135 630 333 516 564 621 656 78 448 441 325 90 714 641 795 320 184 494 224 341 73 530 231 335 420 632 562 189 582 480 452 487 379 636 437 609 516 495 373 98 580 126 474 175 322 217 125 394 723 530 442 714 476 55 527 606 182 467 329 72 628 611 404 537 400 411 371 264 470 571 43 
389 387 681 465 402 546 653 472 574 351 176 651 661 312 306 560 81 441 127 110 623 314 409 351 526 453 236 268 503 642 104 325 513 370 680 470 465 505 445 606 435 451 395 280 710 335 459 348 388 162 541 227 505 569 553 620 121 337 325 222 205 643 554 705 204 301 456 137 248 127 519 311 225 445 581 533 293 580 374 337 502 434 569 477 524 447 516 256 211 523 214 460 108 318 111 139 290 701 453 367 621 403 145 417 540 109 508 342 168 519 525 290 427 430 381 316 350 364 495 77 
68 666 883 342 138 641 805 445 791 461 301 470 740 169 577 557 452 521 569 562 768 174 311 701 470 162 225 428 555 563 436 611 797 631 909 175 718 628 9 450 47 397 755 614 503 788 38 517 70 572 420 267 714 806 539 715 548 215 129 277 659 584 440 517 256 755 601 382 349 568 727 734 279 760 632 677 741 799 246 153 780 806 559 813 436 480 804 197 665 571 656 678 434 614 374 549 236 829 447 427 442 444 588 127 543 423 842 661 617 250 435 196 136 756 585 485 777 246 471 529 
640 348 622 638 655 590 635 603 526 460 407 808 688 565 321 656 291 528 180 161 616 548 590 251 656 705 478 396 585 757 318 313 425 356 602 691 418 543 693 760 687 600 262 246 869 131 704 420 639 155 694 478 481 506 655 645 213 554 573 471 72 749 701 857 447 88 496 371 426 134 494 111 445 348 643 548 41 530 578 572 422 273 666 345 668 556 423 506 55 601 57 445 322 301 332 169 540 691 580 495 782 525 168 670 637 330 371 285 85 726 670 523 680 325 410 406 130 568 618 190 
582 510 512 242 679 276 406 204 477 341 534 115 288 641 487 155 740 275 790 759 379 480 295 614 149 720 539 416 227 47 747 507 566 480 560 389 493 310 562 115 604 227 653 566 138 929 528 381 583 650 153 680 436 510 149 297 794 415 552 687 809 72 134 109 551 886 337 727 429 697 437 748 485 589 218 345 819 482 362 478 550 697 144 648 155 243 575 573 801 219 743 436 747 519 570 644 703 393 224 312 132 278 805 676 169 740 660 558 745 318 155 484 689 604 409 393 781 370 183 738 
653 415 369 307 747 160 263 216 345 308 549 252 143 693 417 104 733 220 762 727 238 531 345 524 180 794 574 392 158 110 746 429 445 392 418 480 381 204 645 234 683 260 556 494 284 870 615 324 653 600 234 713 317 380 117 156 772 465 610 718 761 79 214 255 577 827 245 737 432 655 315 670 506 481 99 224 752 350 416 536 432 595 97 536 213 216 454 614 750 140 685 328 747 442 566 600 747 247 225 298 259 263 774 747 124 742 544 472 697 420 214 529 760 499 329 349 699 422 187 711 
467 591 657 190 563 402 553 239 605 377 489 54 444 544 543 271 705 349 779 753 522 395 245 683 202 596 470 430 327 197 706 570 675 556 701 264 595 423 434 84 479 227 729 618 69 950 396 435 468 671 138 603 550 635 256 443 776 339 455 612 821 227 140 84 490 907 433 674 410 707 555 796 437 682 354 467 853 611 290 386 658 779 264 743 171 300 684 492 817 328 769 538 705 581 544 659 612 549 262 335 55 312 796 557 274 697 761 627 759 186 169 408 568 692 484 432 834 300 238 726 
263 417 609 109 354 366 529 179 519 192 198 294 468 299 337 294 414 246 492 468 492 136 53 477 217 404 191 189 281 330 415 371 539 380 636 153 457 352 269 254 300 134 530 395 350 676 248 255 263 407 197 331 444 537 278 442 487 71 215 338 544 343 214 349 205 635 327 387 134 432 456 553 147 514 361 402 592 527 30 142 522 582 298 572 195 206 546 225 542 298 505 411 415 378 255 391 356 554 176 154 263 169 510 355 277 407 598 427 486 166 195 137 369 515 322 229 595 29 207 440 
186 509 704 161 282 457 622 260 615 288 223 319 555 247 426 373 432 339 526 508 585 99 127 562 288 327 180 275 370 389 427 460 633 472 732 71 552 446 179 289 215 213 616 478 366 727 154 349 186 471 246 306 540 633 356 531 516 65 157 314 594 408 266 372 206 688 422 387 207 487 551 626 177 605 447 496 655 623 65 87 616 668 375 663 256 296 641 195 595 386 566 507 426 466 294 452 313 645 263 250 288 263 546 280 359 416 690 515 540 125 256 117 293 606 417 322 668 68 287 477 
238 416 682 324 279 491 629 361 578 279 22 510 606 189 322 467 200 369 294 278 595 146 266 424 411 335 72 206 426 529 199 353 551 386 694 302 483 458 288 469 287 328 476 338 567 502 296 308 237 276 408 153 501 583 455 569 282 173 168 156 370 536 424 565 41 465 416 172 140 272 516 438 70 499 510 499 445 586 217 169 536 524 474 545 399 355 556 107 373 446 359 458 199 352 77 253 206 669 347 274 479 308 313 291 447 190 575 393 323 356 399 121 304 490 364 271 481 207 388 246 
722 406 303 381 815 155 199 281 299 347 599 335 78 756 426 166 771 255 787 751 183 596 415 515 253 864 632 430 195 192 785 431 410 389 355 557 357 201 718 317 755 328 539 498 363 875 689 348 723 616 313 768 289 335 183 110 800 531 675 773 774 162 294 334 632 833 250 782 480 674 284 667 560 457 113 202 754 302 485 603 398 573 164 507 290 266 419 674 762 175 694 311 787 444 608 619 806 173 285 346 342 313 797 816 183 783 511 466 712 500 291 591 830 478 336 378 691 489 253 738 
838 222 127 594 906 307 202 488 103 411 618 661 318 822 314 438 686 377 638 601 213 700 588 269 508 963 686 446 381 535 710 287 93 249 91 752 153 285 862 623 883 525 251 326 710 623 849 352 838 457 580 784 163 72 452 291 665 655 770 783 572 509 571 683 668 589 286 737 526 517 155 405 610 168 362 240 501 98 634 719 103 252 446 172 546 429 92 733 555 379 483 193 714 290 579 475 841 250 471 451 652 446 639 914 433 715 155 264 526 731 548 682 928 189 285 385 406 632 477 608 
363 360 649 416 386 503 616 422 542 304 134 601 618 295 273 512 122 395 174 152 585 275 360 337 477 440 201 220 457 593 139 296 490 339 652 427 436 462 415 556 410 401 384 259 661 372 426 305 362 160 491 221 471 540 504 577 170 293 295 217 240 594 504 655 169 335 414 155 198 144 486 319 180 426 536 493 317 549 327 298 478 427 521 463 474 398 493 229 243 476 232 426 141 291 63 136 285 662 404 318 572 354 192 400 492 139 494 320 193 474 475 250 412 413 342 272 361 317 446 122 
556 318 608 560 574 541 607 533 506 391 322 734 646 483 271 594 222 466 133 100 584 463 510 240 586 625 393 321 526 692 250 271 417 318 594 607 395 495 608 687 603 526 267 205 795 200 618 358 555 82 620 399 451 491 592 603 163 470 488 393 78 686 628 784 362 158 446 299 345 49 465 146 360 341 590 507 124 511 495 487 411 294 604 354 596 490 417 422 69 543 43 411 254 259 246 90 462 661 510 423 707 455 130 589 575 261 383 258 17 643 597 438 599 321 360 340 182 485 550 121 
425 298 447 141 513 202 365 65 364 78 291 272 308 448 243 154 480 83 523 491 328 291 134 384 119 565 321 148 120 231 491 271 401 262 478 299 318 189 433 225 464 76 432 319 334 666 411 136 426 385 161 458 292 385 143 279 529 230 371 462 543 231 165 319 321 622 170 479 174 430 302 498 250 393 203 239 560 371 193 302 384 482 161 454 132 44 410 364 536 139 481 265 492 282 311 378 495 390 43 45 250 13 538 516 134 486 476 328 479 276 133 284 530 400 192 134 535 194 84 471 
265 560 714 138 362 455 622 250 636 329 329 233 537 345 487 348 540 353 632 611 586 208 145 628 256 396 290 342 366 332 536 520 673 523 748 63 590 455 235 214 279 206 681 549 270 826 199 394 266 561 194 412 566 659 329 521 622 167 257 421 693 357 213 282 315 786 443 497 289 583 575 709 280 657 431 506 747 644 135 193 656 733 347 717 217 303 682 303 693 378 659 539 535 528 396 545 414 635 262 285 204 284 651 356 338 525 741 577 637 16 216 226 367 661 459 375 751 145 270 581 
349 330 614 370 385 457 576 373 508 256 107 554 573 294 240 463 169 347 219 193 544 247 315 322 428 441 182 172 409 544 184 266 463 306 619 392 404 418 398 509 398 353 372 238 614 406 405 260 349 164 444 234 434 507 455 533 218 256 279 232 273 545 456 607 152 367 370 190 151 166 449 327 144 404 488 450 338 515 286 271 450 418 472 446 426 349 468 217 273 428 251 389 186 263 33 142 295 621 355 269 525 305 236 398 443 182 476 297 219 434 427 222 410 393 302 226 370 276 397 166 
753 126 210 539 816 292 247 442 127 341 525 632 340 730 220 415 582 328 534 497 242 617 524 166 471 873 596 361 349 520 607 189 11 159 189 684 80 257 782 591 800 472 155 223 686 529 771 278 753 353 540 686 131 97 426 304 560 578 684 685 470 497 534 662 576 493 240 635 441 412 133 308 522 66 353 225 405 128 562 637 17 169 424 93 505 380 14 642 453 351 381 136 611 191 481 371 745 302 422 384 619 386 535 826 405 612 95 160 423 673 507 598 839 89 211 305 316 559 436 503 
790 162 217 581 851 331 270 484 152 382 559 673 372 764 254 455 604 370 549 513 270 655 566 180 513 908 631 399 390 560 630 222 41 196 187 725 122 297 820 632 837 514 155 248 727 526 810 318 789 372 582 717 170 118 466 338 577 617 720 716 478 536 576 703 610 493 282 661 479 429 170 309 558 80 391 262 405 151 603 675 57 156 464 76 547 422 31 677 461 392 390 178 634 222 512 391 777 324 464 426 661 428 548 861 446 636 65 186 435 715 549 635 875 98 252 345 310 599 478 522 
877 335 48 580 958 262 96 468 145 443 688 595 207 881 410 381 798 375 771 733 131 739 591 416 469 1012 745 503 351 455 820 393 246 346 94 754 256 269 891 567 919 513 411 450 633 785 870 401 877 586 541 862 212 161 399 204 794 684 816 864 720 425 527 605 734 749 299 836 579 648 197 564 667 321 295 219 661 139 651 754 246 422 386 342 509 420 250 792 704 340 631 256 823 401 665 599 914 106 458 471 595 452 775 963 385 822 330 393 667 716 511 726 977 345 345 438 572 651 448 733 
675 126 192 421 749 157 164 317 89 242 470 499 222 668 188 280 576 204 556 518 141 537 415 229 342 805 532 288 216 385 597 175 133 127 207 579 66 122 696 459 719 353 248 237 552 601 680 188 675 372 412 642 11 103 292 181 577 488 610 643 517 362 405 528 518 561 114 613 367 434 25 384 454 166 219 92 476 96 464 554 118 282 290 220 377 257 143 579 502 217 430 33 600 185 443 382 696 217 299 279 488 273 562 756 272 599 229 189 460 558 379 520 770 186 125 224 404 462 308 515 
448 295 590 451 476 476 569 435 484 300 208 629 588 384 220 509 174 383 158 123 541 349 399 255 489 530 283 221 445 600 199 234 418 281 587 491 374 432 499 583 496 423 299 185 690 311 506 281 447 70 516 311 418 477 504 546 172 354 379 307 180 597 526 681 252 270 383 232 232 67 432 230 244 350 518 455 236 490 380 373 408 340 519 381 494 399 421 315 177 464 149 374 203 227 134 46 374 620 413 325 601 359 170 490 489 205 412 247 121 529 495 324 502 334 302 255 272 370 454 110 
404 293 584 400 439 448 553 389 477 260 161 580 562 347 208 470 181 347 197 165 523 299 348 272 444 494 237 178 409 557 201 229 423 273 585 439 369 406 452 534 453 375 321 192 641 363 459 250 403 110 468 283 406 473 464 521 204 302 334 280 231 556 478 633 207 323 357 222 181 119 421 272 193 360 485 433 287 483 328 323 411 366 479 398 447 357 426 272 229 428 199 361 204 224 88 88 345 601 369 281 552 316 211 452 449 204 429 253 173 476 448 274 464 347 281 220 315 318 411 145 
4256 420 1932 2723 4732 1379 1750 2086 1190 1323 2737 3493 2023 4151 700 2065 3416 1302 3290 3024 1568 3290 2604 1183 2345 5131 3199 1505 1554 2821 3570 623 1099 294 1988 3724 539 1057 4438 3185 4578 2275 1421 1085 3892 3696 4347 882 4249 2002 2793 3927 686 1211 2107 1722 3423 2996 3780 3927 3052 2702 2772 3745 3080 3409 791 3689 2072 2436 791 2226 2660 1015 1792 1043 2835 1239 2877 3423 980 1729 2135 1449 2555 1652 1155 3528 2954 1617 2457 371 3591 700 2513 2072 4312 2114 1939 1624 3374 1659 3332 4788 1967 3584 1589 819 2639 3654 2562 3164 4886 1092 406 1085 2408 2849 2079 2996 
1985 1795 2480 405 2445 1205 2040 220 2090 675 1500 1105 1680 2165 1510 795 2515 675 2790 2640 1860 1355 455 2215 450 2690 1575 955 765 1035 2555 1655 2305 1615 2650 1250 1890 1185 1985 870 2160 75 2460 1880 1415 3560 1860 980 1990 2160 540 2280 1745 2205 715 1565 2800 1030 1750 2310 2930 1080 580 1355 1610 3350 1125 2460 965 2365 1785 2765 1265 2270 1140 1440 3055 2125 795 1385 2220 2715 815 2575 420 420 2350 1770 2905 840 2645 1620 2555 1705 1670 2110 2435 2135 225 465 975 365 2865 2450 710 2520 2685 1940 2615 1095 425 1340 2520 2310 1265 950 2955 815 360 2525 
102 3828 5202 2076 624 3792 4758 2652 4626 2652 1560 2934 4404 708 3276 3336 2412 3054 3114 3078 4536 876 1848 4002 2832 852 1092 2406 3282 3432 2310 3480 4620 3624 5334 1170 4164 3684 258 2790 216 2370 4320 3474 3168 4434 456 2970 108 3174 2574 1296 4164 4710 3234 4248 2988 1194 510 1356 3666 3552 2694 3240 1272 4236 3504 1986 1926 3138 4242 4152 1464 4374 3762 3978 4176 4674 1434 774 4524 4620 3354 4692 2646 2832 4662 900 3702 3384 3666 3936 2292 3498 1986 3036 1116 4920 2652 2472 2760 2598 3234 588 3246 2232 4866 3768 3426 1638 2640 990 660 4350 3372 2766 4404 1416 2820 2880 
6380 6640 6520 3380 7340 4290 5460 3400 6270 4830 6430 1510 4250 7130 6370 3090 8560 4260 9190 8900 5230 5610 3950 7660 2870 7670 6330 5510 3810 2010 8600 6580 7190 6330 7020 4350 6470 4640 6050 1930 6500 3500 8070 7160 1020 10710 5670 5290 6390 7910 2570 7690 5900 6610 3020 4410 9200 5020 6240 7770 9480 2230 2460 960 6500 10280 4910 8330 5500 8340 5900 8970 5920 7430 3690 4970 9650 6320 4500 5540 7040 8510 2990 8020 2770 3880 7280 6580 9410 3730 8860 5900 8600 6700 6900 7830 7810 5250 3620 4490 1820 4170 9350 7280 3230 8520 8140 7100 8840 3570 2760 5720 7390 7590 5620 5370 9310 4600 3250 8660 
3570 1925 2604 1421 4186 826 1988 651 2086 833 2576 1967 1561 3724 1729 651 3815 245 4018 3773 1736 2632 1491 2625 826 4550 2821 1421 252 1365 3906 1869 2485 1701 2849 2625 1918 798 3612 1666 3836 945 2919 2282 2373 4858 3451 1001 3570 2926 1309 3766 1631 2268 644 1358 4081 2205 3192 3794 4046 1295 1260 2226 2814 4550 791 3864 1743 3290 1680 3549 2310 2534 840 1155 4067 2135 1932 2709 2366 3248 728 2961 1064 287 2548 3129 3983 385 3549 1519 3913 1953 2646 2905 4046 2142 553 805 1862 588 4102 4207 518 3878 3080 2233 3598 2387 1078 2583 4305 2618 1190 1127 3787 1939 581 3661 
2190 1210 2670 1960 2400 2035 2530 1840 2135 1150 960 2830 2595 1940 790 2195 1145 1565 1145 965 2380 1615 1720 1130 2110 2675 1345 775 1875 2655 1255 890 1860 1115 2670 2260 1595 1815 2410 2595 2430 1795 1380 715 3140 1840 2425 1055 2185 460 2265 1645 1785 2115 2170 2385 1205 1580 1830 1635 1205 2640 2305 3085 1205 1630 1570 1365 900 635 1860 1230 1075 1550 2235 1940 1385 2165 1670 1735 1800 1615 2245 1750 2145 1645 1880 1545 1175 1965 950 1560 1270 865 635 390 1955 2775 1730 1290 2695 1455 1200 2460 2095 1270 1905 1020 890 2405 2150 1490 2520 1490 1175 920 1445 1625 1935 900 
2376 3798 6282 3312 2610 4671 5859 3600 5337 2781 567 4995 5715 1782 2970 4527 1395 3600 2268 2151 5562 1683 2799 3771 4068 3105 954 2070 4131 5121 1386 3222 5004 3564 6363 3114 4437 4356 2853 4617 2799 3321 4221 3015 5508 4185 2970 2970 2367 2295 4068 1251 4653 5355 4428 5373 2142 1971 1773 1242 3006 5184 4203 5490 675 3861 3960 1170 1575 2187 4788 3753 1026 4500 4878 4698 3744 5400 2367 1881 4887 4635 4599 4878 3969 3519 5049 1170 3051 4311 2979 4257 1386 3204 594 2079 1791 6237 3465 2781 4716 3096 2439 2727 4347 1305 5157 3537 2619 3609 3978 1467 2835 4401 3429 2637 4131 2268 3843 1854 
7360 1510 3440 5840 7860 3960 3800 5030 2610 3760 4940 7070 4640 6950 2150 5040 5000 3940 4320 3970 3710 6090 5570 820 5430 8420 5700 3650 4320 6120 5270 1820 1450 1860 3170 7050 1770 3530 7740 6620 7850 5240 320 1690 7650 3960 7700 3120 7360 2660 6040 6360 2450 2330 5110 4250 4610 5820 6650 6330 3520 5940 6030 7450 5450 3630 3220 5640 4370 3170 2520 1790 5040 780 4570 3350 2750 2630 5800 6310 1490 380 5140 560 5710 4420 1410 6130 3350 4400 2660 2280 5320 1740 4350 2880 6980 4360 4810 4210 6900 4350 4290 7970 4910 5350 840 1250 3150 7090 5730 5860 8100 570 2580 3270 1810 5730 5050 4100 
1660 5400 7340 1850 2640 4870 6520 2880 6460 3190 2410 3310 5830 2380 4560 4000 4440 3700 5430 5260 6150 1060 1550 5920 3130 3050 1890 3050 3990 4090 4370 4900 6640 5030 7630 540 5830 4760 1520 3040 1910 2400 6460 5070 3740 7470 1250 3810 1670 4960 2670 3050 5710 6640 3820 5600 5300 900 1490 3140 6140 4300 2870 3830 2180 7090 4530 3940 2350 5080 5830 6520 1970 6360 4750 5270 6780 6540 970 880 6470 6970 4010 6930 2790 3260 6720 1970 6150 4150 5900 5380 4350 4960 3130 4760 3070 6740 2910 2810 3010 2930 5620 2600 3860 4250 7200 5450 5610 1240 2790 1280 2730 6360 4480 3530 6940 990 3140 4940 
3438 564 2340 2622 3756 1950 2286 2232 1710 1392 1998 3486 2544 3222 396 2412 2262 1662 2046 1818 2148 2670 2418 498 2514 4098 2454 1230 1974 3048 2406 288 1296 558 2304 3270 1038 1668 3666 3204 3732 2298 822 120 3846 2370 3642 1050 3438 936 2826 2910 1356 1650 2424 2286 2184 2520 3012 2898 1800 2970 2838 3744 2310 2118 1392 2568 1644 1308 1440 1170 2046 918 2280 1704 1644 1746 2520 2808 1230 1134 2478 1182 2640 1896 1314 2712 1716 2058 1290 1110 2430 216 1680 1014 3276 2610 2088 1656 3354 1776 2070 3822 2310 2436 1368 276 1452 3324 2652 2538 3906 858 888 1068 1368 2478 2280 1824 
4039 4060 4123 1806 4718 2471 3381 1771 3885 2772 3934 567 2555 4522 3850 1596 5418 2380 5838 5628 3199 3423 2205 4767 1400 4977 3899 3255 2086 861 5453 4011 4494 3843 4466 2632 3969 2695 3843 791 4151 1848 5061 4403 483 6895 3591 3094 4046 4928 1218 4872 3584 4116 1533 2625 5845 2996 3892 4921 6027 1050 1127 287 4011 6587 2863 5278 3262 5236 3598 5677 3584 4634 2072 2954 6146 3920 2625 3388 4382 5376 1526 5054 1337 2114 4557 4095 5978 2044 5593 3570 5453 4095 4242 4872 4977 3283 1925 2534 777 2310 5950 4683 1680 5397 5145 4375 5586 2100 1330 3486 4767 4732 3339 3150 5915 2688 1666 5467 
1050 3794 5194 1393 1729 3479 4634 2100 4571 2268 1617 2436 4165 1540 3199 2884 3017 2653 3717 3612 4375 651 1162 4137 2282 2023 1232 2142 2870 2975 2961 3437 4676 3542 5390 483 4109 3395 973 2247 1232 1764 4515 3542 2737 5166 805 2695 1057 3430 1974 2023 4039 4690 2765 3997 3626 609 924 2086 4235 3115 2114 2800 1435 4900 3227 2653 1631 3500 4123 4529 1323 4466 3409 3745 4697 4627 728 511 4557 4879 2905 4865 2058 2352 4732 1267 4249 2982 4081 3801 2954 3479 2128 3290 2030 4788 2114 2016 2226 2114 3857 1708 2786 2877 5054 3815 3871 987 2051 812 1799 4459 3171 2492 4830 735 2289 3388 
8541 3114 1044 6138 9189 3348 1998 5139 1674 4644 6633 6489 3087 8451 3924 4509 7299 4194 6867 6543 2250 7290 6147 3546 5238 9702 7227 5040 4113 5265 7524 3690 1971 3330 639 7632 2457 3276 8730 6201 8946 5517 3339 4068 6867 6633 8577 4158 8541 5247 5895 8145 2367 1557 4653 2979 7110 6858 7947 8145 6246 5004 5787 6615 7083 6345 3411 7749 5760 5778 2250 4698 6534 2628 3753 2826 5553 1602 6624 7452 2052 3276 4563 2583 5589 4644 1953 7650 6093 4050 5454 2709 7551 3735 6309 5409 8658 2223 5022 4959 6462 4869 6867 9261 4500 7569 2376 3510 5850 7380 5607 7146 9387 2817 3564 4464 4680 6606 5004 6597 
5432 624 2528 4088 5872 2624 2664 3432 1760 2432 3528 5072 3240 5160 1176 3456 3808 2568 3384 3096 2552 4384 3888 448 3752 6328 4128 2384 2880 4320 4008 904 976 896 2392 5096 944 2272 5712 4712 5816 3600 536 960 5536 3416 5664 1912 5424 1952 4248 4744 1488 1592 3512 2912 3600 4144 4864 4728 2880 4184 4232 5368 3944 3112 2000 4256 2992 2416 1568 1656 3568 376 3112 2160 2416 1784 4096 4560 928 880 3536 728 3976 2944 976 4480 2752 2944 2168 1296 4040 864 3104 2104 5232 3112 3256 2792 4928 2888 3392 5960 3344 4056 960 496 2496 5104 3992 4208 6064 272 1472 2048 1776 4048 3448 3152 
5410 1720 4670 4550 5840 3920 4580 4070 3620 2630 2960 6140 4950 4930 1210 4540 3050 3260 2630 2260 4340 4220 4140 1250 4580 6400 3730 2110 3830 5560 3310 1200 2880 1670 4600 5400 2500 3450 5840 5670 5900 4100 1730 570 6760 3330 5850 2180 5400 780 5020 4310 3030 3510 4540 4520 2870 4080 4700 4280 2280 5470 5070 6610 3460 2900 2970 3630 2640 1400 3170 1600 3140 2180 4420 3560 2190 3680 4170 4460 2780 2190 4650 2510 4740 3570 2900 4130 2150 3990 1470 2610 3350 1090 2320 930 4930 5110 3840 3020 5900 3290 2680 5960 4350 3370 2820 1170 1670 5600 4750 3980 6090 2020 2100 2080 2000 4090 4200 2270 
1905 2705 3235 560 2390 1930 2745 970 2910 1580 2000 575 2255 2270 2410 1315 3080 1540 3465 3340 2575 1515 800 3125 880 2570 1890 1780 1505 1120 3075 2560 3190 2525 3435 900 2780 1985 1765 495 1985 830 3370 2770 790 4355 1585 1890 1910 2970 520 2560 2595 3045 1225 2205 3445 1235 1820 2600 3700 1260 590 830 1995 4145 1985 2915 1635 3135 2630 3635 1740 3175 1750 2230 3890 2945 990 1470 3105 3625 1300 3485 685 1280 3235 2005 3685 1540 3465 2500 3075 2610 2285 2905 2605 2770 1070 1355 435 1275 3555 2360 1295 3030 3585 2850 3395 520 675 1580 2420 3215 2170 1845 3835 1045 1020 3205 
4212 1593 4176 3276 4689 3042 3906 2898 3213 1602 2052 4743 4041 3888 792 3420 2700 2268 2664 2331 3645 3078 2898 1674 3366 5202 2727 1080 2817 4302 2889 1017 2799 1386 4203 4059 2268 2646 4563 4320 4653 2889 2160 891 5301 3690 4536 1314 4212 1179 3726 3456 2574 3195 3402 3663 2799 2889 3573 3447 2619 4248 3780 5175 2520 3303 2196 3051 1584 1656 2709 2259 2124 2304 3438 2853 2745 3276 2943 3285 2682 2610 3519 2727 3483 2484 2844 3123 2547 2979 2016 2178 2916 999 1611 1152 3996 4347 2691 1926 4518 2196 2754 4788 3249 2916 2997 1350 2043 4221 3492 2871 4905 2223 1476 1134 2628 2880 3033 2241 
1205 2160 3520 1760 1355 2585 3270 1950 2995 1530 255 2695 3165 895 1695 2480 880 1985 1375 1315 3100 815 1475 2170 2200 1635 415 1155 2270 2790 865 1845 2835 2025 3570 1615 2510 2420 1470 2490 1440 1785 2425 1745 2975 2445 1530 1660 1200 1380 2185 650 2615 3015 2420 2980 1305 990 865 660 1790 2830 2265 2970 255 2265 2205 715 840 1330 2685 2190 490 2560 2690 2620 2195 3035 1220 925 2765 2660 2515 2785 2140 1920 2860 535 1810 2370 1770 2395 860 1835 405 1260 935 3470 1880 1510 2540 1685 1475 1420 2380 815 2935 2030 1570 1900 2145 705 1480 2515 1930 1475 2400 1165 2085 1150 
6600 2280 384 4256 7232 1728 464 3360 776 3120 5072 4464 1440 6616 2864 2720 5960 2592 5768 5464 696 5488 4328 2976 3400 7672 5528 3592 2432 3368 6136 2736 1672 2352 784 5632 1664 1744 6712 4216 6928 3720 2976 3200 4792 5952 6552 2776 6600 4288 3976 6464 1272 968 2856 1336 5944 5056 6104 6472 5384 3136 3872 4568 5440 5648 1968 6264 4200 4784 1152 4184 4904 2248 2040 1344 4952 744 4792 5608 1648 3096 2768 2472 3720 2960 1712 5904 5264 2352 4672 1624 6160 2800 4888 4392 6880 760 3272 3344 4448 3208 5808 7280 2736 6152 2400 2760 4960 5352 3728 5384 7392 2432 2328 3072 4272 4792 3216 5456 
2520 1626 2658 996 3024 1260 2202 612 2118 258 1596 1848 1926 2610 1260 1098 2694 510 2928 2736 1980 1704 888 2112 936 3348 1824 678 822 1596 2760 1434 2286 1404 2820 1866 1788 1128 2604 1566 2766 642 2406 1704 2220 3774 2490 630 2526 2088 1182 2622 1674 2232 1044 1728 2964 1362 2172 2646 3036 1590 1206 2136 1806 3516 960 2712 888 2364 1740 2772 1374 2202 1326 1422 3144 2166 1176 1782 2178 2712 1146 2568 1008 408 2334 2088 2994 942 2664 1488 2772 1494 1686 2046 2868 2376 480 84 1710 150 3012 3048 972 2736 2700 1776 2652 1782 1014 1638 3138 2238 996 588 3000 1170 720 2616 
3205 320 1695 2410 3480 1605 1725 2025 1190 1370 2010 3055 2030 3030 560 2080 2200 1500 1970 1780 1635 2550 2270 220 2235 3760 2385 1315 1715 2625 2330 395 760 450 1635 3010 645 1375 3380 2830 3445 2115 425 415 3350 2070 3355 1055 3200 1055 2530 2775 960 1105 2110 1820 2095 2405 2850 2765 1690 2540 2525 3255 2270 1875 1180 2480 1685 1355 1020 990 2040 420 1900 1340 1450 1215 2385 2660 720 675 2135 645 2365 1725 770 2605 1610 1770 1245 800 2350 360 1750 1145 3075 2005 1910 1595 2960 1670 1975 3530 2005 2355 795 120 1430 3030 2375 2440 3595 365 810 1120 1100 2355 2045 1805 
4970 6190 6720 2260 5930 4210 5670 2690 6250 4090 5250 670 4540 5760 5740 2900 7410 3760 8150 7880 5370 4290 2810 7130 2280 6250 5050 4640 3490 2050 7420 6000 6990 5850 7170 2950 6190 4440 4630 1080 5080 2600 7590 6500 440 9840 4250 4650 4980 7050 1690 6380 5720 6560 2760 4570 8120 3740 4880 6460 8560 2350 1680 690 5260 9420 4580 7100 4460 7420 5760 8280 4730 7080 3700 4880 8860 6310 3250 4190 6820 8070 2820 7690 2000 3280 7080 5270 8510 3490 8030 5620 7410 6120 5800 6940 6450 5600 2920 3680 810 3430 8320 5860 2950 7330 7860 6560 7940 2160 1980 4430 5970 7200 5120 4640 8660 3360 2650 7620 
5488 608 2440 4096 5936 2584 2584 3432 1672 2448 3592 5056 3176 5224 1216 3432 3888 2552 3472 3184 2480 4432 3904 536 3744 6384 4184 2424 2848 4296 4096 944 880 896 2304 5120 872 2232 5760 4696 5872 3608 584 1040 5520 3496 5704 1928 5480 2040 4240 4816 1424 1504 3488 2848 3688 4176 4920 4800 2968 4144 4224 5352 4000 3192 1968 4336 3032 2504 1496 1736 3624 296 3064 2104 2496 1704 4120 4608 840 904 3512 680 3968 2936 888 4536 2840 2920 2256 1240 4128 912 3176 2184 5304 3040 3256 2808 4920 2896 3480 6016 3320 4144 904 560 2584 5120 3984 4256 6128 224 1472 2072 1848 4080 3440 3240 
744 3294 4548 1344 1326 3090 4074 1926 4002 2022 1320 2250 3690 1164 2772 2610 2478 2376 3102 3018 3852 468 1122 3564 2100 1584 954 1872 2574 2700 2424 2976 4062 3084 4704 552 3582 3012 714 2082 918 1644 3888 3042 2508 4356 600 2370 744 2904 1848 1590 3540 4098 2508 3540 3012 558 636 1644 3564 2820 1968 2562 1134 4134 2850 2154 1416 2952 3612 3858 1098 3864 3042 3312 3978 4044 726 330 3966 4194 2622 4200 1914 2130 4110 954 3576 2676 3450 3330 2412 3006 1764 2784 1578 4218 1938 1812 2070 1908 3222 1308 2520 2352 4368 3294 3264 1002 1908 618 1386 3858 2778 2190 4116 720 2094 2820 
3464 3440 5808 4264 3464 4848 5640 4312 4960 3328 1912 5744 5760 2776 2848 5008 472 4040 544 560 5416 2976 3816 3032 4752 3840 2328 2664 4536 5672 696 2960 4400 3336 5768 4240 4072 4504 3928 5392 3816 4144 3336 2544 6224 2320 4072 3264 3456 1488 4872 2024 4432 4896 4952 5424 432 3200 2984 1960 1360 5680 4968 6176 2080 2088 4112 1128 2528 1056 4544 2480 2312 3824 5152 4712 2176 5008 3512 3152 4320 3608 5080 4016 4736 4096 4408 2432 1440 4688 1648 4080 728 2896 1424 1344 2496 6040 4160 3464 5512 3752 704 3592 4840 792 4264 3032 1224 4664 4744 2792 3664 3680 3488 3024 2760 3432 4496 336 
2415 2030 3899 2051 2800 2660 3556 2023 3164 1218 756 3318 3472 2191 1372 2653 1764 1862 2093 1883 3325 1540 1687 2163 2408 3199 1267 637 2282 3220 1855 1596 2975 1820 3976 2401 2492 2401 2688 3003 2751 1890 2541 1554 3745 3283 2681 1309 2408 1400 2541 1946 2625 3192 2597 3199 2107 1449 1918 1953 2366 3227 2618 3689 1113 2996 2079 1841 518 1575 2730 2478 791 2632 2856 2660 2695 3213 1575 1701 2870 2891 2716 2975 2401 1855 3010 1582 2345 2422 2079 2324 1862 1603 609 1281 2331 3850 1890 1295 3122 1547 2205 2870 2513 1834 3185 1904 1946 2611 2415 1372 2968 2583 1673 1057 2779 1512 2191 1722 
2700 4068 6642 3915 2754 5157 6282 4185 5679 3294 1170 5598 6201 1953 3267 5085 828 4122 1818 1773 5985 2214 3402 3897 4653 3204 1458 2556 4662 5715 783 3492 5256 3861 6678 3654 4743 4824 3222 5220 3096 3915 4320 3186 6111 3807 3384 3411 2682 2268 4671 1179 5013 5670 4995 5859 1647 2556 2160 1125 2673 5760 4806 6093 1206 3519 4410 621 2133 2007 5148 3654 1629 4689 5400 5139 3510 5742 2961 2394 5139 4698 5157 5022 4563 4068 5292 1539 2745 4842 2799 4617 783 3456 954 2052 1746 6678 4041 3330 5319 3645 1998 2889 4905 702 5301 3735 2376 4185 4572 2016 2979 4572 3825 3096 4014 2862 4419 1476 
6516 3114 2142 3546 7326 1017 1188 2574 2070 2898 5211 3411 99 6741 3384 1611 6642 2088 6705 6372 1026 5337 3780 4086 2439 7785 5571 3609 1629 2142 6786 3402 3078 3006 2601 5148 2637 1395 6534 3195 6840 3006 4284 4005 3735 7380 6300 2799 6525 5112 3051 6768 2016 2394 1782 405 6840 4770 6048 6804 6516 1863 2898 3474 5544 7011 1836 6795 4149 5652 1953 5472 4905 3528 891 1278 6273 2097 4383 5418 2979 4572 1629 3960 2790 2313 3150 5976 6408 1458 5769 2250 6804 3510 5220 5157 7146 1044 2556 2970 3438 2709 6786 7344 1710 6777 3978 3672 5967 4707 2808 5265 7470 3717 2592 3096 5670 4410 2349 6282 
1390 1745 2970 1160 1725 1940 2665 1275 2465 885 425 2090 2510 1325 1290 1800 1440 1320 1790 1665 2490 725 880 1915 1535 2005 645 580 1595 2120 1470 1455 2410 1575 3055 1310 2035 1790 1555 1870 1625 1125 2185 1480 2385 2715 1530 1080 1390 1400 1555 1275 2075 2510 1740 2335 1770 635 1045 1295 2050 2155 1625 2365 600 2515 1595 1380 185 1500 2145 2175 255 2205 2020 2010 2320 2505 740 835 2330 2440 1835 2470 1490 1240 2445 875 2045 1695 1880 1870 1470 1470 610 1310 1500 2845 1205 840 1940 1005 1880 1765 1700 1435 2610 1705 1765 1480 1490 615 1835 2185 1395 895 2385 690 1410 1530 
4491 1719 3240 2241 5202 1395 2637 1449 2403 576 2853 3303 2439 4527 1359 1692 4230 540 4383 4059 2322 3249 2124 2556 1827 5697 3312 1206 1071 2628 4374 1557 2637 1395 3456 3600 1890 1080 4653 2889 4878 1665 2961 2070 3843 5382 4500 432 4491 2916 2358 4428 1719 2556 1692 2097 4491 2781 3933 4446 4365 2529 2349 3672 3231 4995 711 4383 1818 3402 1827 3708 2610 2556 1701 1458 4356 2466 2547 3393 2484 3402 1791 3114 2061 909 2709 3726 4275 1224 3708 1431 4392 1665 2799 2907 4851 2970 1251 882 3132 873 4482 5256 1530 4356 3303 2043 3789 3456 2079 3123 5382 2637 756 684 4014 2529 1485 3933 
6516 1179 1476 4311 7155 1899 1548 3384 540 2655 4590 5022 2313 6408 1917 3033 5382 2367 5094 4752 1449 5274 4248 1935 3609 7659 5184 2997 2475 3960 5589 1728 720 1323 1485 5724 468 1620 6723 4662 6921 3699 1989 2205 5490 5301 6597 2133 6516 3429 4239 6120 468 486 3141 1980 5301 4860 5913 6120 4644 3753 4176 5265 5040 4950 1557 5778 3717 3987 450 3321 4491 1188 2439 1278 4176 585 4662 5436 603 2214 3114 1584 3924 2844 801 5598 4500 2475 3843 693 5616 1782 4293 3555 6615 2052 3222 3006 4923 2970 5130 7218 2961 5616 1611 1692 4167 5553 3942 5112 7344 1395 1530 2439 3447 4635 3303 4761 
216 5032 6840 2648 960 4944 6240 3424 6080 3440 2048 3784 5760 1024 4304 4336 3248 3968 4176 4120 5944 1088 2352 5280 3656 1264 1432 3136 4272 4448 3128 4576 6088 4760 7024 1432 5472 4816 304 3600 384 3040 5712 4584 4096 5928 512 3872 224 4216 3312 1784 5464 6192 4200 5552 4008 1488 664 1864 4896 4608 3472 4192 1680 5664 4576 2696 2496 4176 5568 5512 1904 5768 4904 5208 5560 6144 1800 944 5960 6112 4352 6192 3400 3664 6144 1200 4944 4408 4880 5168 3104 4600 2624 4032 1584 6448 3424 3200 3552 3360 4336 912 4208 3016 6424 4968 4568 2056 3400 1256 1008 5736 4408 3608 5856 1776 3640 3856 
4900 2230 5190 4380 5280 4190 5020 4050 4130 2630 2440 6080 5280 4360 1540 4660 2460 3380 2180 1800 4760 3770 3920 1850 4580 5830 3210 1960 3980 5640 2710 1640 3460 2120 5150 5050 3020 3740 5350 5610 5380 4000 2330 1120 6700 3260 5390 2310 4890 460 4940 3710 3490 4050 4640 4860 2370 3700 4190 3680 2060 5570 5020 6570 2930 2830 3250 3020 2320 1000 3630 1920 2690 2780 4650 3920 2280 4190 3860 4010 3350 2770 4760 3110 4690 3610 3480 3590 1970 4160 1430 3050 2750 1560 1760 440 4340 5540 3820 2960 5820 3270 2250 5410 4470 2770 3420 1740 1420 5320 4700 3520 5530 2630 2400 2110 2350 3770 4210 1760 
6460 3320 2970 3140 7370 750 1920 2060 2620 2580 5110 3090 890 6740 3420 990 6810 1660 6990 6630 1620 5160 3400 4410 1910 7870 5470 3410 1080 1730 6960 3500 3590 3120 3430 4910 2950 1210 6460 2800 6810 2540 4710 4170 3510 7940 6200 2590 6460 5300 2590 6820 2310 2960 1180 820 7120 4530 5960 6870 6900 1450 2430 3230 5460 7520 1670 6930 3930 5870 2290 5900 4740 3950 240 1380 6740 2670 4080 5250 3450 5090 1020 4500 2300 1820 3680 5900 6780 880 6110 2420 6980 3630 5190 5320 7220 1910 2060 2600 3080 2280 7100 7380 1090 6940 4580 3900 6270 4430 2320 5100 7520 4140 2530 2890 6170 4120 1800 6500 
6273 621 2322 4500 6822 2565 2475 3681 1449 2673 4194 5472 3168 6039 1449 3582 4689 2673 4293 3951 2367 5067 4320 1026 3996 7335 4842 2763 2943 4545 4914 1170 639 945 2196 5742 585 2187 6552 5076 6696 3924 1071 1458 5976 4374 6471 2088 6273 2646 4590 5634 1197 1269 3654 2817 4518 4734 5643 5625 3762 4365 4554 5778 4662 4032 1944 5166 3483 3186 1269 2385 4185 324 3114 1998 3249 1485 4626 5247 549 1350 3672 864 4275 3123 666 5256 3618 2997 2961 1053 4950 1170 3780 2799 6165 2979 3492 3069 5328 3132 4302 6912 3474 4959 1044 900 3312 5679 4293 4878 7038 495 1512 2304 2511 4590 3663 3996 
4734 5247 5580 1998 5607 3357 4635 2160 5193 3456 4743 315 3600 5382 4905 2187 6669 3060 7272 7020 4374 4005 2511 6129 1737 5913 4644 4014 2763 1359 6696 5130 5904 4959 5994 2916 5202 3600 4464 729 4860 2169 6525 5607 270 8712 4131 3924 4743 6183 1323 5868 4752 5481 2070 3645 7263 3465 4581 5940 7578 1629 1260 189 4797 8325 3753 6444 3942 6552 4779 7227 4284 6030 2880 3969 7794 5247 2997 3933 5760 6948 2106 6570 1557 2664 5985 4878 7524 2736 7056 4689 6696 5229 5184 6102 5985 4545 2376 3114 594 2862 7416 5553 2250 6624 6714 5616 7011 2214 1548 4095 5652 6147 4302 3951 7551 3087 2088 6795 
4550 2996 2688 2121 5215 1218 1946 1512 2527 2205 3864 1680 1099 4851 2996 749 5173 1596 5390 5145 1771 3710 2408 3759 1239 5537 4025 2786 1162 686 5257 3080 3220 2835 3031 3318 2765 1519 4487 1568 4760 1813 3983 3535 1890 6167 4270 2338 4557 4270 1589 5005 2324 2765 833 1204 5453 3248 4256 5040 5390 476 1456 1687 4053 5866 1799 5187 3052 4648 2310 4774 3563 3465 791 1673 5341 2555 2905 3738 3122 4263 700 3850 1463 1547 3283 4298 5320 1043 4865 2394 5264 3171 3997 4263 5229 1827 1589 2121 1736 1869 5474 5208 896 5229 3913 3388 4949 2898 1470 3703 5306 3591 2387 2499 4977 2940 1316 5033 
5050 3860 6800 5610 5120 5890 6710 5510 5760 4170 2890 7420 6990 4240 3240 6260 1430 5000 500 140 6450 4290 5080 3190 6060 5600 3520 3380 5620 7170 1700 3320 4950 3800 6700 5820 4640 5440 5610 6960 5500 5370 3510 2710 8030 2190 5760 3960 5040 1350 6300 3330 5160 5640 6210 6560 780 4480 4410 3250 900 7140 6410 7950 3200 1840 4940 2240 3410 730 5300 2310 3350 4200 6320 5620 1890 5820 4800 4520 4870 3790 6360 4370 6090 5160 4950 3730 980 5800 1260 4740 1750 3220 2170 1250 3940 7230 5300 4420 7140 4760 550 5270 6060 1820 4670 3290 720 6280 6110 4040 5370 4000 4110 3710 2640 4700 5710 430 
3112 3096 5448 3720 3216 4368 5224 3776 4592 2808 1408 5208 5288 2496 2448 4480 648 3528 1016 880 4984 2512 3272 2808 4208 3624 1888 2144 4024 5136 832 2600 4104 2960 5440 3760 3720 4040 3560 4848 3480 3608 3160 2240 5680 2680 3672 2784 3104 1296 4328 1816 4040 4552 4424 4960 968 2696 2600 1776 1640 5144 4432 5640 1632 2408 3648 1096 1984 1016 4152 2488 1800 3560 4648 4264 2344 4640 2992 2696 4016 3472 4552 3816 4192 3576 4128 2048 1688 4184 1712 3680 864 2544 888 1112 2320 5608 3624 2936 4968 3224 1160 3336 4320 872 4064 2736 1344 4152 4200 2320 3416 3440 3048 2528 2800 2912 3960 616 
612 5994 7947 3078 1242 5769 7245 4005 7119 4149 2709 4230 6660 1521 5193 5013 4068 4689 5121 5058 6912 1566 2799 6309 4230 1458 2025 3852 4995 5067 3924 5499 7173 5679 8181 1575 6462 5652 81 4050 423 3573 6795 5526 4527 7092 342 4653 630 5148 3780 2403 6426 7254 4851 6435 4932 1935 1161 2493 5931 5256 3960 4653 2304 6795 5409 3438 3141 5112 6543 6606 2511 6840 5688 6093 6669 7191 2214 1377 7020 7254 5031 7317 3924 4320 7236 1773 5985 5139 5904 6102 3906 5526 3366 4941 2124 7461 4023 3843 3978 3996 5292 1143 4887 3807 7578 5949 5553 2250 3915 1764 1224 6804 5265 4365 6993 2214 4239 4761 
3840 2088 3732 3828 3930 3540 3810 3618 3156 2760 2442 4848 4128 3390 1926 3936 1746 3168 1080 966 3696 3288 3540 1506 3936 4230 2868 2376 3510 4542 1908 1878 2550 2136 3612 4146 2508 3258 4158 4560 4122 3600 1572 1476 5214 786 4224 2520 3834 930 4164 2868 2886 3036 3930 3870 1278 3324 3438 2826 432 4494 4206 5142 2682 528 2976 2226 2556 804 2964 666 2670 2088 3858 3288 246 3180 3468 3432 2532 1638 3996 2070 4008 3336 2538 3036 330 3606 342 2670 1932 1806 1992 1014 3240 4146 3480 2970 4692 3150 1008 4020 3822 1980 2226 1710 510 4356 4020 3138 4080 1950 2460 2436 780 3408 3708 1140 
5238 4590 4608 2178 6111 2484 3654 1836 4293 3069 4806 1035 2592 5769 4383 1395 6660 2475 7110 6831 3411 4320 2655 5526 1341 6480 4851 3744 2043 423 6723 4563 5094 4320 5040 3501 4437 2790 5058 1035 5436 2043 5877 5094 1242 8361 4752 3429 5247 5850 1377 6120 3924 4590 1341 2673 7146 3735 4968 6183 7281 648 1206 981 4959 7974 3033 6543 3861 6273 3933 6732 4365 5301 1962 3105 7371 4338 3258 4302 4950 6273 1296 5832 1395 2187 5175 5157 7209 1971 6687 3924 6723 4671 5130 5796 6327 3537 2016 2808 1188 2502 7245 6084 1521 6660 5940 5022 6705 2862 1395 4356 6201 5436 3681 3537 7029 3330 1647 6642 
4571 2905 2583 2149 5229 1120 1841 1512 2415 2156 3843 1764 1001 4851 2919 728 5131 1540 5334 5089 1666 3717 2415 3668 1260 5558 4018 2744 1106 770 5222 3003 3115 2744 2926 3360 2667 1428 4515 1638 4781 1820 3892 3458 1988 6090 4305 2268 4571 4200 1638 4991 2219 2660 819 1092 5404 3255 4270 5026 5327 553 1498 1785 4039 5789 1715 5159 3024 4585 2205 4690 3542 3367 693 1568 5264 2450 2912 3752 3024 4165 679 3752 1491 1512 3178 4298 5250 980 4795 2296 5229 3094 3962 4200 5229 1729 1575 2086 1813 1841 5418 5229 868 5194 3808 3304 4879 2940 1498 3703 5320 3493 2303 2443 4893 2954 1309 4977 
2335 2955 3285 950 2815 2010 2765 1195 3025 1885 2445 270 2220 2720 2715 1355 3525 1745 3895 3765 2610 1975 1225 3415 1010 2980 2350 2150 1635 985 3530 2850 3375 2780 3505 1320 2975 2115 2170 420 2395 1135 3645 3090 345 4750 1980 2175 2340 3355 690 3015 2750 3175 1280 2215 3880 1695 2275 3060 4105 1135 700 420 2450 4535 2165 3370 2050 3535 2775 3980 2185 3410 1770 2335 4265 3055 1450 1930 3290 3895 1320 3715 855 1500 3420 2460 4085 1640 3845 2690 3525 2905 2720 3295 3060 2745 1310 1675 275 1560 3980 2785 1370 3485 3805 3135 3795 930 845 2040 2840 3460 2420 2160 4170 1500 1190 3630 
2367 3753 5481 981 3186 3294 4761 1611 4671 1728 1782 2646 4212 2691 3033 2646 3726 2214 4428 4212 4428 1224 477 4293 1953 3636 1719 1701 2529 2970 3735 3339 4851 3420 5724 1377 4113 3168 2421 2286 2700 1206 4770 3555 3150 6084 2232 2295 2367 3663 1773 2979 3996 4833 2502 3978 4383 639 1935 3042 4896 3087 1926 3141 1845 5715 2943 3483 1206 3888 4104 4977 1323 4626 3249 3618 5328 4743 270 1278 4698 5238 2682 5148 1755 1854 4914 2025 4878 2682 4545 3699 3735 3402 2295 3519 3204 4986 1584 1386 2367 1521 4590 3195 2493 3663 5382 3843 4374 1494 1755 1233 3321 4635 2898 2061 5355 261 1863 3960 
1488 4072 5632 1288 2256 3656 4976 2080 4920 2304 1784 2552 4440 1976 3408 2984 3456 2712 4208 4064 4680 792 1016 4496 2304 2616 1440 2200 2960 3112 3416 3680 5064 3776 5856 568 4416 3568 1432 2312 1720 1704 4928 3824 2928 5816 1232 2792 1488 3768 1968 2448 4320 5064 2848 4248 4128 520 1256 2512 4752 3264 2128 2976 1648 5504 3376 3096 1656 3896 4408 5008 1416 4840 3576 3968 5240 4984 520 696 4928 5344 3000 5304 2048 2368 5128 1560 4760 3088 4528 4056 3408 3728 2352 3616 2504 5160 2104 2000 2304 2104 4368 2240 2872 3328 5520 4120 4320 1000 2048 936 2344 4848 3336 2576 5344 544 2296 3816 
2142 3744 6138 2916 2511 4419 5661 3249 5202 2511 198 4590 5454 1701 2898 4203 1800 3321 2646 2502 5355 1314 2394 3816 3699 3015 648 1854 3834 4761 1791 3177 4959 3474 6246 2718 4347 4122 2592 4221 2583 2952 4284 3042 5103 4518 2664 2772 2133 2484 3672 1377 4509 5247 4095 5121 2538 1557 1512 1404 3330 4824 3816 5085 369 4185 3744 1548 1260 2448 4644 3942 630 4491 4590 4491 4005 5274 1953 1521 4824 4716 4266 4905 3591 3195 5004 963 3357 4014 3231 4122 1791 3168 693 2277 1854 6021 3123 2466 4311 2772 2817 2619 4023 1710 5175 3537 2907 3204 3591 1089 2736 4410 3276 2439 4329 1863 3492 2214 
3610 2030 1515 1905 4075 775 995 1405 1495 1735 2995 1675 390 3780 2130 830 3855 1275 3935 3755 915 2980 2075 2575 1265 4320 3160 2150 975 960 3925 2155 2050 1945 1775 2785 1785 1005 3590 1585 3775 1640 2695 2490 1815 4375 3445 1740 3615 3080 1565 3840 1445 1675 915 550 4000 2655 3375 3865 3870 810 1470 1670 3160 4165 1250 3910 2400 3370 1420 3335 2800 2285 565 1010 3770 1510 2425 3015 1990 2865 820 2535 1450 1330 2095 3370 3810 875 3470 1555 3935 2220 3040 3095 4030 865 1425 1730 1710 1565 3985 4080 915 3915 2555 2330 3560 2500 1455 2955 4150 2390 1680 1890 3455 2445 1265 3690 
8380 2220 1270 5940 9060 3070 2020 4880 1030 4110 6180 6610 3180 8220 3140 4380 6860 3770 6380 6010 2130 7000 5880 2690 5080 9630 6860 4460 3810 5350 7100 2870 930 2490 910 7520 1530 2850 8620 6230 8830 5250 2510 3260 7100 6230 8490 3520 8380 4570 5800 7840 1630 720 4520 2910 6650 6550 7700 7830 5720 5090 5710 6830 6680 5890 2860 7370 5260 5170 1550 4050 6100 1680 3620 2400 5010 980 6340 7190 1030 2520 4460 1720 5460 4290 920 7330 5550 3790 4830 1930 7140 2900 5790 4750 8410 2500 4710 4510 6520 4460 6390 9140 4330 7150 1550 2640 5260 7310 5480 6820 9280 1890 2850 3850 4060 6320 4770 6080 
3630 3600 6490 4160 3860 5030 6160 4220 5420 3040 1340 6010 6180 2950 2730 5120 1220 3950 1740 1520 5850 2750 3600 3370 4770 4400 2010 2200 4570 5930 1390 2960 4900 3390 6520 4270 4360 4620 4150 5560 4100 4010 3840 2590 6610 3720 4260 3050 3620 1600 4910 2210 4710 5400 5040 5770 1700 2930 2950 2170 2400 5940 5040 6550 1690 3350 4140 1550 1980 1440 4860 3190 1800 4260 5360 4930 3170 5490 3270 2980 4780 4270 5210 4630 4740 3980 4930 2290 2430 4760 2320 4260 1410 2910 630 1360 2850 6620 4040 3180 5720 3540 1920 4000 4920 1390 4940 3200 1930 4740 4750 2500 4120 4130 3420 2720 3610 3170 4460 1220 
2780 1590 3040 2800 2870 2705 3035 2665 2530 1955 1610 3670 3230 2415 1355 2970 1110 2330 665 500 2920 2315 2550 1200 2930 3125 1965 1605 2630 3460 1250 1355 2085 1590 2970 3035 1975 2475 3040 3435 3015 2630 1335 1025 3975 1000 3090 1790 2775 410 3100 1995 2255 2455 2960 3015 815 2350 2440 1965 390 3430 3140 3920 1810 790 2230 1495 1725 245 2325 730 1800 1705 2950 2535 620 2555 2475 2435 2055 1470 3020 1770 2980 2450 2085 2110 345 2715 215 2055 1270 1295 1230 450 2310 3305 2550 2115 3535 2275 650 2945 2875 1305 1915 1290 85 3215 2985 2190 2995 1605 1800 1700 910 2425 2750 605 
2975 2086 3129 987 3591 1414 2555 455 2548 546 2037 1904 2156 3136 1701 1078 3360 581 3661 3437 2296 2037 938 2688 833 3955 2247 1036 840 1617 3437 1897 2807 1834 3346 2093 2226 1323 3031 1575 3248 532 3024 2233 2338 4662 2877 952 2982 2695 1127 3206 2044 2695 1001 1953 3703 1610 2597 3234 3801 1617 1155 2233 2247 4354 1190 3353 1218 3010 2114 3486 1750 2751 1421 1673 3920 2597 1351 2114 2688 3374 1127 3178 924 308 2870 2548 3752 973 3367 1855 3444 1974 2177 2646 3465 2730 301 315 1750 91 3766 3612 938 3402 3332 2296 3353 1932 931 1988 3710 2800 1344 938 3745 1358 588 3297 
2120 4480 5712 1104 2896 3640 4976 2000 5088 2632 2632 1864 4296 2760 3896 2784 4320 2824 5056 4888 4688 1664 1160 5024 2048 3168 2320 2736 2928 2656 4288 4160 5384 4184 5984 504 4720 3640 1880 1712 2232 1648 5448 4392 2160 6608 1592 3152 2128 4488 1552 3296 4528 5272 2632 4168 4976 1336 2056 3368 5544 2856 1704 2256 2520 6288 3544 3976 2312 4664 4600 5672 2240 5256 3448 4048 5976 5152 1080 1544 5248 5864 2776 5736 1736 2424 5456 2424 5544 3024 5272 4312 4280 4224 3168 4360 3312 5080 2096 2280 1632 2272 5208 2848 2704 4200 5928 4616 5096 128 1728 1808 2936 5288 3672 3000 6008 1160 2160 4648 
3141 2970 5526 3330 3465 4113 5184 3357 4572 2304 963 4986 5157 2646 2160 4167 1521 3123 1971 1737 4896 2223 2835 2898 3852 3969 1638 1548 3681 4896 1656 2394 4167 2754 5571 3528 3636 3762 3582 4581 3582 3177 3348 2142 5526 3654 3645 2340 3141 1476 3996 2106 3906 4563 4095 4797 1962 2304 2511 2088 2457 4905 4104 5463 1368 3303 3330 1710 1359 1494 4041 2943 1296 3636 4392 4050 3042 4635 2574 2439 4050 3762 4248 4014 3834 3141 4212 1953 2457 3852 2259 3501 1674 2367 297 1278 2655 5589 3195 2421 4725 2745 2124 3582 3987 1638 4284 2673 1971 3906 3843 1998 3690 3537 2718 2034 3330 2484 3573 1494 
5271 882 1470 3773 5712 2044 1729 3094 889 2387 3675 4424 2380 5110 1540 2905 4074 2296 3738 3479 1694 4319 3668 1162 3297 6111 4172 2527 2443 3640 4249 1323 77 1113 1323 4788 560 1799 5474 4137 5600 3304 1085 1561 4802 3703 5397 1946 5271 2471 3780 4802 917 679 2982 2128 3920 4046 4788 4795 3290 3479 3738 4634 4032 3451 1680 4445 3087 2884 931 2156 3654 462 2471 1575 2835 896 3934 4459 119 1183 2968 651 3535 2660 98 4494 3171 2457 2667 952 4277 1337 3367 2597 5215 2114 2954 2688 4333 2702 3745 5782 2835 4284 665 1120 2961 4711 3549 4186 5873 623 1477 2135 2212 3913 3052 3521 
3950 810 1085 2905 4255 1655 1350 2420 760 1910 2795 3365 1860 3820 1270 2275 3020 1850 2745 2565 1350 3275 2830 900 2565 4540 3155 1995 1950 2800 3150 1110 205 980 935 3625 610 1485 4100 3160 4185 2570 775 1240 3635 2630 4050 1590 3945 1860 2910 3585 850 590 2330 1690 2885 3085 3600 3580 2390 2680 2880 3515 3050 2465 1410 3305 2395 2145 850 1545 2790 400 1955 1310 2025 755 3015 3375 285 780 2320 380 2735 2110 155 3385 2305 1960 1950 890 3170 1110 2560 1955 3885 1620 2320 2130 3305 2140 2740 4305 2230 3180 325 930 2175 3575 2745 3175 4375 490 1260 1725 1550 2995 2390 2610 
4385 1675 240 2900 4790 1310 480 2340 725 2215 3440 2975 1035 4405 2050 1905 3990 1875 3855 3665 655 3695 2955 2080 2345 5060 3725 2515 1755 2275 4100 1965 1230 1730 470 3770 1280 1345 4455 2835 4595 2565 2055 2250 3165 3925 4350 2005 4385 2930 2705 4310 1060 805 1995 1020 3970 3420 4080 4320 3600 2125 2635 3025 3670 3745 1495 4180 2895 3240 985 2820 3335 1605 1475 1095 3305 695 3255 3770 1230 2110 1930 1710 2545 2100 1250 3960 3520 1700 3155 1280 4115 2005 3325 2995 4570 530 2290 2355 2975 2260 3875 4815 1925 4110 1650 1965 3335 3580 2555 3630 4885 1725 1725 2190 2860 3255 2240 3665 
5400 1008 1536 3368 5992 1256 1312 2536 712 1936 3760 3992 1776 5344 1504 2240 4608 1632 4448 4144 1128 4296 3320 1832 2736 6440 4256 2304 1728 3080 4776 1400 1064 1016 1656 4632 528 976 5568 3672 5752 2824 1984 1896 4416 4808 5440 1504 5400 2976 3296 5136 88 824 2336 1448 4616 3904 4880 5144 4136 2896 3240 4224 4144 4488 912 4904 2936 3472 200 3072 3632 1328 1752 736 3808 768 3712 4432 944 2256 2320 1760 3016 2056 1144 4632 4016 1736 3440 264 4800 1480 3544 3056 5568 1736 2392 2232 3904 2184 4496 6048 2176 4792 1832 1512 3680 4464 3032 4160 6160 1488 1000 1792 3232 3696 2464 4120 
3584 2360 4720 3608 3808 3808 4552 3480 3872 2400 1664 5032 4704 3072 1760 4072 1392 3064 1264 984 4328 2792 3192 2040 3912 4240 2264 1768 3560 4800 1592 1872 3344 2248 4696 3928 2992 3456 3992 4664 3968 3384 2392 1480 5520 2488 4048 2248 3576 560 4128 2488 3344 3816 4032 4368 1376 2832 3032 2456 1440 4776 4208 5448 2016 2160 3064 1856 1856 536 3456 1840 1952 2800 4144 3640 1888 3920 3040 2984 3264 2720 4152 3048 3952 3192 3368 2520 1416 3712 1192 2992 1624 1816 1072 368 2992 4960 3304 2600 4808 2872 1360 3920 3912 1640 3296 1976 968 4232 3960 2592 4016 2672 2416 2040 2176 2960 3632 880 
4040 2930 5840 4000 4390 4480 5530 3890 4770 2600 1610 5800 5620 3470 2080 4700 1810 3470 1970 1650 5230 2990 3480 2720 4440 4940 2370 1780 4090 5570 2010 2290 4230 2730 5850 4390 3690 4060 4520 5340 4530 3750 3210 1920 6410 3630 4590 2500 4030 1100 4680 2830 4060 4730 4640 5210 2040 3020 3340 2800 2310 5560 4780 6330 2070 3230 3570 2220 1810 1190 4210 2720 1930 3600 4850 4330 2870 4830 3280 3230 4110 3660 4790 3980 4470 3570 4260 2720 2290 4280 1990 3610 2040 2240 880 880 3450 6010 3690 2810 5520 3160 2110 4520 4490 2040 4290 2530 1730 4760 4480 2740 4640 3470 2810 2200 3150 3180 4110 1450 
