30 60 150
80 80 80 80 80 80 80 80 80 80 80 80 80 80 80 80 80 80 80 80 80 80 80 80 80 80 80 80 80 80 
7 19 24 12 14 19 7 15 8 23 22 23 18 24 18 18 15 25 24 10 23 19 19 10 13 18 25 11 15 11 7 12 23 24 21 14 22 6 14 17 5 21 13 13 22 5 23 25 17 8 5 24 7 21 20 23 11 14 21 25 20 16 9 10 13 8 24 9 23 13 8 15 17 14 11 19 26 24 18 10 17 16 21 12 19 10 12 26 26 22 20 18 20 21 6 10 21 10 14 13 21 24 16 10 21 23 6 12 10 25 14 20 16 26 10 7 24 24 6 7 18 9 9 19 9 26 10 24 12 20 13 17 8 10 17 24 21 6 7 18 17 9 20 13 16 9 19 11 9 25 
460 352 376 173 544 608 550 194 302 553 758 372 498 411 480 230 498 361 99 735 290 301 379 377 313 82 90 588 747 635 489 666 778 70 192 515 567 285 597 469 524 273 699 49 604 424 264 608 349 330 332 305 604 597 405 539 509 196 637 170 
139 495 583 672 71 158 383 704 388 341 258 239 127 718 632 458 301 438 691 313 713 520 290 604 594 660 677 334 321 136 193 275 418 547 680 223 178 613 750 570 81 499 168 592 541 347 610 75 327 262 404 296 192 311 497 53 449 397 372 647 
577 170 120 670 631 512 277 690 296 317 599 571 498 181 25 627 328 734 532 518 299 202 642 124 187 480 505 348 528 744 430 469 485 432 688 406 731 223 132 52 614 236 602 543 181 277 244 577 642 479 685 531 765 838 136 582 190 449 359 364 
285 547 617 335 342 520 617 361 425 594 658 201 399 709 712 131 529 26 444 685 624 527 124 629 580 444 446 612 696 376 444 626 771 370 333 490 288 572 845 672 331 492 573 328 741 500 556 469 95 267 33 199 314 258 586 377 628 272 666 510 
669 243 155 636 733 644 423 651 368 460 744 642 610 61 130 646 459 768 475 667 203 237 702 136 175 427 449 494 677 848 548 615 639 417 655 533 822 188 151 190 715 270 738 519 334 393 208 701 694 552 723 591 859 915 241 691 335 485 509 307 
422 539 608 909 382 190 311 940 497 278 61 512 314 741 605 722 304 734 874 67 795 588 583 630 652 831 854 241 57 429 298 125 149 723 920 269 491 684 682 543 386 585 149 802 428 387 692 243 615 485 693 546 499 622 509 334 398 599 226 774 
288 526 594 309 350 520 606 336 406 584 661 198 398 684 690 102 519 36 415 684 596 504 129 606 556 415 417 604 695 392 439 623 767 342 308 484 305 546 823 652 338 469 578 299 726 486 530 473 94 256 16 187 334 284 567 381 613 249 659 482 
132 294 381 480 204 243 296 511 169 272 394 131 127 508 452 298 207 345 468 390 486 305 212 400 377 432 451 292 402 317 134 324 461 320 491 175 285 390 582 398 185 278 329 379 431 189 385 237 228 58 297 127 322 388 313 179 319 176 346 415 
593 269 231 394 673 661 510 406 320 531 794 532 582 192 314 458 498 589 225 742 51 216 568 218 165 182 201 569 754 781 542 677 750 214 413 549 731 127 400 334 653 218 759 291 496 416 113 690 548 457 552 467 769 792 312 648 437 342 606 74 
554 406 411 173 638 698 622 180 379 629 846 466 590 415 511 308 578 435 5 818 278 350 469 407 342 50 26 665 831 729 577 750 855 147 191 601 659 308 615 511 619 329 790 112 658 500 286 700 438 424 412 399 696 684 458 633 572 289 712 170 
436 391 447 836 432 222 151 865 387 136 218 501 313 573 428 681 193 727 769 121 644 446 582 467 500 721 746 101 128 515 258 110 90 621 850 211 552 536 497 370 427 452 264 716 242 265 547 307 606 444 680 513 571 685 352 374 230 527 54 645 
541 463 481 85 624 710 663 94 415 665 860 446 595 497 583 259 609 375 89 842 363 411 434 479 414 130 111 699 855 705 592 774 889 183 103 622 629 383 694 577 605 385 797 88 716 537 361 702 399 421 360 383 664 637 517 627 622 292 750 250 
711 287 206 718 770 659 423 734 417 464 745 695 640 145 134 717 475 835 559 660 287 295 760 192 245 511 533 494 670 885 574 615 619 494 737 552 866 265 76 197 753 330 749 599 307 419 286 723 755 603 789 648 901 966 270 724 336 550 501 390 
566 364 358 239 651 690 591 247 358 602 835 486 589 351 455 352 555 482 65 799 212 307 499 352 289 39 44 639 812 748 568 731 828 145 258 587 683 252 554 461 631 290 784 159 613 475 231 700 471 432 454 418 720 719 415 639 533 298 684 111 
320 279 334 273 404 465 433 302 187 428 615 241 353 416 435 183 369 303 242 597 335 245 267 343 289 211 228 460 610 502 347 529 648 102 288 376 440 278 565 406 384 210 554 157 513 303 262 463 247 187 260 173 478 492 327 396 407 52 513 230 
469 408 459 863 464 253 169 892 412 161 237 534 346 581 433 712 221 759 793 138 659 463 615 479 515 744 769 129 142 546 290 139 75 646 878 244 584 551 493 376 459 471 290 743 239 290 564 338 639 475 712 544 603 717 366 406 242 555 77 664 
240 650 734 579 226 440 625 606 520 590 541 245 353 851 811 362 534 264 669 600 798 650 200 751 718 659 666 593 608 181 422 558 703 565 578 467 109 721 941 757 231 619 451 553 776 543 710 362 227 335 263 303 105 28 673 284 669 425 640 698 
150 505 593 683 78 160 389 714 398 347 253 249 136 728 641 468 309 446 702 312 724 530 299 614 604 671 688 339 319 132 201 276 418 559 690 230 180 623 758 579 90 509 163 603 547 355 621 76 336 273 413 306 192 313 507 64 456 408 376 658 
441 52 98 574 499 403 202 598 161 232 512 434 370 235 139 502 219 602 460 445 292 107 505 120 148 408 433 268 456 613 306 386 441 334 592 291 596 185 269 87 482 130 499 445 200 151 199 459 507 342 553 396 631 701 1 453 125 322 298 309 
549 483 501 68 631 723 681 73 432 682 873 453 606 518 604 259 625 371 108 857 383 431 437 500 435 150 131 716 870 710 606 789 906 202 85 637 632 404 715 598 613 405 809 102 736 554 382 712 402 432 359 391 667 637 536 636 641 305 767 271 
540 494 516 44 621 720 687 54 438 686 870 443 602 537 619 243 628 351 131 857 404 444 423 515 451 171 152 719 870 697 604 789 908 212 61 636 618 421 732 611 604 416 804 105 746 558 399 706 387 426 341 382 652 619 547 628 649 303 771 290 
198 603 691 707 117 271 502 737 488 460 337 281 239 824 746 484 420 431 752 411 808 623 302 712 696 727 742 452 416 34 309 383 519 618 712 341 121 712 867 685 137 599 250 645 660 461 707 186 340 335 408 347 110 233 610 155 567 465 488 731 
353 349 417 762 354 152 122 792 322 86 200 418 230 550 417 601 123 643 705 126 605 400 499 438 461 659 683 51 138 444 174 70 159 555 776 128 474 495 506 355 347 400 216 645 260 204 504 236 523 362 597 430 496 606 318 295 210 451 65 592 
447 231 249 300 530 549 448 321 213 458 692 379 454 293 353 309 411 437 178 655 192 178 412 250 186 127 152 495 668 634 427 587 685 68 319 444 579 161 471 343 510 154 645 174 484 330 140 565 391 310 398 313 617 636 284 511 396 187 540 86 
395 497 548 157 469 606 634 185 399 622 754 295 482 611 651 75 558 166 279 760 502 460 254 554 496 291 287 649 772 530 504 694 828 250 158 544 447 477 778 624 454 426 678 170 729 505 457 575 216 311 158 249 478 435 546 488 620 231 704 382 
588 164 76 576 654 573 364 594 286 398 681 561 532 65 101 571 390 689 424 609 174 155 621 55 98 374 398 434 620 769 473 553 592 348 596 461 741 120 192 141 635 188 669 454 302 319 141 626 614 470 644 509 778 833 170 613 278 406 456 254 
566 508 525 60 648 743 705 55 456 706 894 469 626 540 628 269 649 376 127 879 404 456 450 524 459 172 151 739 892 724 627 811 929 227 73 659 645 427 738 622 630 429 828 125 760 578 405 732 413 451 367 408 679 645 561 654 665 326 790 293 
529 105 20 547 595 519 319 566 228 350 631 503 474 118 106 523 337 639 405 563 186 99 565 3 61 353 378 387 574 710 415 505 553 311 566 405 682 97 227 117 576 134 615 421 280 263 118 569 559 412 592 453 719 775 118 554 236 353 413 238 
289 556 627 342 343 524 624 367 434 601 661 206 404 719 721 140 536 25 453 690 634 536 128 639 590 454 455 619 700 375 450 631 776 380 340 496 286 582 854 681 333 501 576 337 749 508 566 472 101 274 43 207 312 252 595 379 636 281 673 520 
555 538 562 22 635 745 724 9 475 722 896 457 625 585 666 246 662 341 177 887 452 488 428 562 498 218 199 754 900 704 632 819 942 255 23 666 623 468 779 656 618 460 827 145 788 595 446 727 391 449 337 400 655 613 591 646 690 332 806 338 
4600 3520 3760 1730 5440 6080 5500 1940 3020 5530 7580 3720 4980 4110 4800 2300 4980 3610 990 7350 2900 3010 3790 3770 3130 820 900 5880 7470 6350 4890 6660 7780 700 1920 5150 5670 2850 5970 4690 5240 2730 6990 490 6040 4240 2640 6080 3490 3300 3320 3050 6040 5970 4050 5390 5090 1960 6370 1700 
1529 5445 6413 7392 781 1738 4213 7744 4268 3751 2838 2629 1397 7898 6952 5038 3311 4818 7601 3443 7843 5720 3190 6644 6534 7260 7447 3674 3531 1496 2123 3025 4598 6017 7480 2453 1958 6743 8250 6270 891 5489 1848 6512 5951 3817 6710 825 3597 2882 4444 3256 2112 3421 5467 583 4939 4367 4092 7117 
6347 1870 1320 7370 6941 5632 3047 7590 3256 3487 6589 6281 5478 1991 275 6897 3608 8074 5852 5698 3289 2222 7062 1364 2057 5280 5555 3828 5808 8184 4730 5159 5335 4752 7568 4466 8041 2453 1452 572 6754 2596 6622 5973 1991 3047 2684 6347 7062 5269 7535 5841 8415 9218 1496 6402 2090 4939 3949 4004 
3990 7658 8638 4690 4788 7280 8638 5054 5950 8316 9212 2814 5586 9926 9968 1834 7406 364 6216 9590 8736 7378 1736 8806 8120 6216 6244 8568 9744 5264 6216 8764 10794 5180 4662 6860 4032 8008 11830 9408 4634 6888 8022 4592 10374 7000 7784 6566 1330 3738 462 2786 4396 3612 8204 5278 8792 3808 9324 7140 
10035 3645 2325 9540 10995 9660 6345 9765 5520 6900 11160 9630 9150 915 1950 9690 6885 11520 7125 10005 3045 3555 10530 2040 2625 6405 6735 7410 10155 12720 8220 9225 9585 6255 9825 7995 12330 2820 2265 2850 10725 4050 11070 7785 5010 5895 3120 10515 10410 8280 10845 8865 12885 13725 3615 10365 5025 7275 7635 4605 
5064 6468 7296 10908 4584 2280 3732 11280 5964 3336 732 6144 3768 8892 7260 8664 3648 8808 10488 804 9540 7056 6996 7560 7824 9972 10248 2892 684 5148 3576 1500 1788 8676 11040 3228 5892 8208 8184 6516 4632 7020 1788 9624 5136 4644 8304 2916 7380 5820 8316 6552 5988 7464 6108 4008 4776 7188 2712 9288 
3456 6312 7128 3708 4200 6240 7272 4032 4872 7008 7932 2376 4776 8208 8280 1224 6228 432 4980 8208 7152 6048 1548 7272 6672 4980 5004 7248 8340 4704 5268 7476 9204 4104 3696 5808 3660 6552 9876 7824 4056 5628 6936 3588 8712 5832 6360 5676 1128 3072 192 2244 4008 3408 6804 4572 7356 2988 7908 5784 
1980 4410 5715 7200 3060 3645 4440 7665 2535 4080 5910 1965 1905 7620 6780 4470 3105 5175 7020 5850 7290 4575 3180 6000 5655 6480 6765 4380 6030 4755 2010 4860 6915 4800 7365 2625 4275 5850 8730 5970 2775 4170 4935 5685 6465 2835 5775 3555 3420 870 4455 1905 4830 5820 4695 2685 4785 2640 5190 6225 
7116 3228 2772 4728 8076 7932 6120 4872 3840 6372 9528 6384 6984 2304 3768 5496 5976 7068 2700 8904 612 2592 6816 2616 1980 2184 2412 6828 9048 9372 6504 8124 9000 2568 4956 6588 8772 1524 4800 4008 7836 2616 9108 3492 5952 4992 1356 8280 6576 5484 6624 5604 9228 9504 3744 7776 5244 4104 7272 888 
8310 6090 6165 2595 9570 10470 9330 2700 5685 9435 12690 6990 8850 6225 7665 4620 8670 6525 75 12270 4170 5250 7035 6105 5130 750 390 9975 12465 10935 8655 11250 12825 2205 2865 9015 9885 4620 9225 7665 9285 4935 11850 1680 9870 7500 4290 10500 6570 6360 6180 5985 10440 10260 6870 9495 8580 4335 10680 2550 
5668 5083 5811 10868 5616 2886 1963 11245 5031 1768 2834 6513 4069 7449 5564 8853 2509 9451 9997 1573 8372 5798 7566 6071 6500 9373 9698 1313 1664 6695 3354 1430 1170 8073 11050 2743 7176 6968 6461 4810 5551 5876 3432 9308 3146 3445 7111 3991 7878 5772 8840 6669 7423 8905 4576 4862 2990 6851 702 8385 
5951 5093 5291 935 6864 7810 7293 1034 4565 7315 9460 4906 6545 5467 6413 2849 6699 4125 979 9262 3993 4521 4774 5269 4554 1430 1221 7689 9405 7755 6512 8514 9779 2013 1133 6842 6919 4213 7634 6347 6655 4235 8767 968 7876 5907 3971 7722 4389 4631 3960 4213 7304 7007 5687 6897 6842 3212 8250 2750 
9243 3731 2678 9334 10010 8567 5499 9542 5421 6032 9685 9035 8320 1885 1742 9321 6175 10855 7267 8580 3731 3835 9880 2496 3185 6643 6929 6422 8710 11505 7462 7995 8047 6422 9581 7176 11258 3445 988 2561 9789 4290 9737 7787 3991 5447 3718 9399 9815 7839 10257 8424 11713 12558 3510 9412 4368 7150 6513 5070 
5660 3640 3580 2390 6510 6900 5910 2470 3580 6020 8350 4860 5890 3510 4550 3520 5550 4820 650 7990 2120 3070 4990 3520 2890 390 440 6390 8120 7480 5680 7310 8280 1450 2580 5870 6830 2520 5540 4610 6310 2900 7840 1590 6130 4750 2310 7000 4710 4320 4540 4180 7200 7190 4150 6390 5330 2980 6840 1110 
4160 3627 4342 3549 5252 6045 5629 3926 2431 5564 7995 3133 4589 5408 5655 2379 4797 3939 3146 7761 4355 3185 3471 4459 3757 2743 2964 5980 7930 6526 4511 6877 8424 1326 3744 4888 5720 3614 7345 5278 4992 2730 7202 2041 6669 3939 3406 6019 3211 2431 3380 2249 6214 6396 4251 5148 5291 676 6669 2990 
7035 6120 6885 12945 6960 3795 2535 13380 6180 2415 3555 8010 5190 8715 6495 10680 3315 11385 11895 2070 9885 6945 9225 7185 7725 11160 11535 1935 2130 8190 4350 2085 1125 9690 13170 3660 8760 8265 7395 5640 6885 7065 4350 11145 3585 4350 8460 5070 9585 7125 10680 8160 9045 10755 5490 6090 3630 8325 1155 9960 
3600 9750 11010 8685 3390 6600 9375 9090 7800 8850 8115 3675 5295 12765 12165 5430 8010 3960 10035 9000 11970 9750 3000 11265 10770 9885 9990 8895 9120 2715 6330 8370 10545 8475 8670 7005 1635 10815 14115 11355 3465 9285 6765 8295 11640 8145 10650 5430 3405 5025 3945 4545 1575 420 10095 4260 10035 6375 9600 10470 
1800 6060 7116 8196 936 1920 4668 8568 4776 4164 3036 2988 1632 8736 7692 5616 3708 5352 8424 3744 8688 6360 3588 7368 7248 8052 8256 4068 3828 1584 2412 3312 5016 6708 8280 2760 2160 7476 9096 6948 1080 6108 1956 7236 6564 4260 7452 912 4032 3276 4956 3672 2304 3756 6084 768 5472 4896 4512 7896 
6174 728 1372 8036 6986 5642 2828 8372 2254 3248 7168 6076 5180 3290 1946 7028 3066 8428 6440 6230 4088 1498 7070 1680 2072 5712 6062 3752 6384 8582 4284 5404 6174 4676 8288 4074 8344 2590 3766 1218 6748 1820 6986 6230 2800 2114 2786 6426 7098 4788 7742 5544 8834 9814 14 6342 1750 4508 4172 4326 
5490 4830 5010 680 6310 7230 6810 730 4320 6820 8730 4530 6060 5180 6040 2590 6250 3710 1080 8570 3830 4310 4370 5000 4350 1500 1310 7160 8700 7100 6060 7890 9060 2020 850 6370 6320 4040 7150 5980 6130 4050 8090 1020 7360 5540 3820 7120 4020 4320 3590 3910 6670 6370 5360 6360 6410 3050 7670 2710 
8100 7410 7740 660 9315 10800 10305 810 6570 10290 13050 6645 9030 8055 9285 3645 9420 5265 1965 12855 6060 6660 6345 7725 6765 2565 2280 10785 13050 10455 9060 11835 13620 3180 915 9540 9270 6315 10980 9165 9060 6240 12060 1575 11190 8370 5985 10590 5805 6390 5115 5730 9780 9285 8205 9420 9735 4545 11565 4350 
2376 7236 8292 8484 1404 3252 6024 8844 5856 5520 4044 3372 2868 9888 8952 5808 5040 5172 9024 4932 9696 7476 3624 8544 8352 8724 8904 5424 4992 408 3708 4596 6228 7416 8544 4092 1452 8544 10404 8220 1644 7188 3000 7740 7920 5532 8484 2232 4080 4020 4896 4164 1320 2796 7320 1860 6804 5580 5856 8772 
4236 4188 5004 9144 4248 1824 1464 9504 3864 1032 2400 5016 2760 6600 5004 7212 1476 7716 8460 1512 7260 4800 5988 5256 5532 7908 8196 612 1656 5328 2088 840 1908 6660 9312 1536 5688 5940 6072 4260 4164 4800 2592 7740 3120 2448 6048 2832 6276 4344 7164 5160 5952 7272 3816 3540 2520 5412 780 7104 
5811 3003 3237 3900 6890 7137 5824 4173 2769 5954 8996 4927 5902 3809 4589 4017 5343 5681 2314 8515 2496 2314 5356 3250 2418 1651 1976 6435 8684 8242 5551 7631 8905 884 4147 5772 7527 2093 6123 4459 6630 2002 8385 2262 6292 4290 1820 7345 5083 4030 5174 4069 8021 8268 3692 6643 5148 2431 7020 1118 
4345 5467 6028 1727 5159 6666 6974 2035 4389 6842 8294 3245 5302 6721 7161 825 6138 1826 3069 8360 5522 5060 2794 6094 5456 3201 3157 7139 8492 5830 5544 7634 9108 2750 1738 5984 4917 5247 8558 6864 4994 4686 7458 1870 8019 5555 5027 6325 2376 3421 1738 2739 5258 4785 6006 5368 6820 2541 7744 4202 
7056 1968 912 6912 7848 6876 4368 7128 3432 4776 8172 6732 6384 780 1212 6852 4680 8268 5088 7308 2088 1860 7452 660 1176 4488 4776 5208 7440 9228 5676 6636 7104 4176 7152 5532 8892 1440 2304 1692 7620 2256 8028 5448 3624 3828 1692 7512 7368 5640 7728 6108 9336 9996 2040 7356 3336 4872 5472 3048 
5660 5080 5250 600 6480 7430 7050 550 4560 7060 8940 4690 6260 5400 6280 2690 6490 3760 1270 8790 4040 4560 4500 5240 4590 1720 1510 7390 8920 7240 6270 8110 9290 2270 730 6590 6450 4270 7380 6220 6300 4290 8280 1250 7600 5780 4050 7320 4130 4510 3670 4080 6790 6450 5610 6540 6650 3260 7900 2930 
7935 1575 300 8205 8925 7785 4785 8490 3420 5250 9465 7545 7110 1770 1590 7845 5055 9585 6075 8445 2790 1485 8475 45 915 5295 5670 5805 8610 10650 6225 7575 8295 4665 8490 6075 10230 1455 3405 1755 8640 2010 9225 6315 4200 3945 1770 8535 8385 6180 8880 6795 10785 11625 1770 8310 3540 5295 6195 3570 
4335 8340 9405 5130 5145 7860 9360 5505 6510 9015 9915 3090 6060 10785 10815 2100 8040 375 6795 10350 9510 8040 1920 9585 8850 6810 6825 9285 10500 5625 6750 9465 11640 5700 5100 7440 4290 8730 12810 10215 4995 7515 8640 5055 11235 7620 8490 7080 1515 4110 645 3105 4680 3780 8925 5685 9540 4215 10095 7800 
6660 6456 6744 264 7620 8940 8688 108 5700 8664 10752 5484 7500 7020 7992 2952 7944 4092 2124 10644 5424 5856 5136 6744 5976 2616 2388 9048 10800 8448 7584 9828 11304 3060 276 7992 7476 5616 9348 7872 7416 5520 9924 1740 9456 7140 5352 8724 4692 5388 4044 4800 7860 7356 7092 7752 8280 3984 9672 4056 
467 661 160 307 408 272 128 197 193 326 497 685 441 218 499 256 320 448 471 607 464 439 203 458 132 451 115 389 83 544 532 289 621 140 219 241 624 282 281 356 592 140 115 160 384 143 667 296 385 462 64 413 591 464 298 545 302 164 349 304 258 224 429 546 466 322 542 231 421 518 201 425 377 272 719 251 574 401 230 183 117 451 412 375 358 565 568 527 266 598 305 262 294 262 112 267 315 392 277 431 279 350 427 378 326 469 700 647 285 397 135 309 308 126 146 448 316 522 391 104 214 274 182 268 267 330 411 274 413 424 361 77 142 525 479 521 611 203 547 592 198 104 380 361 326 342 524 357 306 234 
231 236 576 265 62 458 402 343 461 343 265 269 327 452 133 176 729 195 91 226 307 541 619 183 548 109 536 383 361 278 173 343 549 535 415 186 558 446 681 454 473 407 539 466 459 382 256 144 442 36 490 202 165 243 313 437 182 262 290 543 643 500 461 485 187 726 276 261 223 236 461 368 250 415 296 436 177 405 546 572 537 140 306 94 517 502 142 102 690 243 411 469 596 175 412 433 450 315 332 443 533 293 178 452 543 49 274 225 150 358 334 117 179 301 292 181 455 483 56 420 607 383 550 543 546 103 17 160 331 357 454 380 497 135 280 101 275 503 207 486 614 437 490 284 246 365 429 88 442 551 
241 148 661 340 131 524 482 417 536 397 294 198 377 525 109 265 813 234 85 163 351 608 704 218 636 120 623 425 449 264 137 420 560 623 486 272 570 510 763 526 478 494 626 553 528 469 189 224 490 51 577 254 79 255 372 449 263 350 357 611 724 573 502 504 193 809 290 335 273 253 546 402 311 495 216 504 111 468 632 660 625 176 339 157 592 519 58 14 776 220 471 550 669 263 499 499 526 354 395 482 616 341 225 502 623 45 191 149 233 398 422 204 247 388 377 220 515 507 127 507 690 462 631 626 618 190 104 248 366 390 525 465 585 115 291 53 230 579 202 494 699 525 542 349 301 416 445 163 503 636 
310 636 560 673 569 275 405 342 362 226 773 734 795 331 446 523 624 699 464 482 792 921 579 693 641 430 556 160 554 319 436 716 102 666 316 464 100 260 572 825 137 643 570 685 846 630 732 435 147 535 569 690 604 295 264 124 596 502 719 309 523 358 103 63 357 608 793 361 710 754 717 155 707 748 730 289 499 825 762 708 622 655 215 432 856 65 595 560 654 761 227 767 389 532 623 271 796 211 271 104 802 245 677 157 842 519 696 682 442 173 582 495 374 507 441 688 226 44 469 621 523 731 468 795 355 527 524 526 191 166 828 458 675 651 261 599 415 384 730 121 578 628 170 723 297 203 115 451 232 767 
549 726 151 329 464 346 207 281 261 410 523 739 451 289 574 314 300 483 543 682 479 401 187 495 59 526 108 472 128 626 608 290 703 56 296 311 706 357 273 330 676 126 98 112 360 143 720 369 465 526 51 446 654 547 383 629 346 228 364 363 265 285 509 628 546 307 570 314 451 551 159 508 400 250 777 326 646 391 159 99 52 495 497 448 316 647 631 592 228 640 385 223 337 318 101 343 287 476 361 512 221 434 464 456 271 535 760 705 357 481 166 373 387 191 225 486 392 603 460 90 222 263 213 205 321 390 474 332 497 508 336 162 72 577 562 580 690 260 588 676 182 76 455 377 409 425 608 428 382 163 
563 635 364 169 369 492 346 384 423 498 348 617 255 443 535 257 512 330 496 639 289 205 400 347 256 493 321 565 176 636 575 98 798 215 433 294 803 497 487 119 750 96 311 108 148 98 594 351 582 449 258 293 563 566 462 703 236 227 183 537 478 458 623 721 542 520 396 368 288 387 68 588 232 37 663 468 594 178 150 228 259 363 554 418 132 741 541 510 433 489 506 52 530 253 124 480 79 541 452 619 116 497 318 579 131 466 655 594 338 562 140 320 398 216 281 338 529 702 412 133 434 57 414 129 503 317 400 268 565 583 125 285 158 457 593 482 673 439 440 755 395 141 591 197 454 520 685 391 516 153 
454 413 545 84 178 552 437 423 515 489 111 376 92 522 373 188 705 85 331 460 90 310 588 103 468 345 500 547 304 513 413 149 753 437 494 247 761 548 668 234 686 291 495 338 231 270 353 270 591 260 438 50 346 464 451 644 112 254 66 624 644 557 622 681 417 708 158 361 42 142 310 550 14 227 425 526 408 169 396 461 464 131 497 293 305 700 326 306 640 243 533 288 649 178 311 531 244 495 457 610 355 459 80 595 347 281 422 361 262 532 253 210 331 281 323 96 570 672 267 322 601 194 560 372 607 181 226 180 517 541 232 386 384 225 499 266 515 548 194 696 582 338 622 54 407 514 631 267 556 399 
329 652 589 703 595 305 437 374 392 256 799 752 824 361 465 552 649 726 485 495 820 951 607 719 671 451 586 191 585 332 453 747 80 697 347 494 75 290 598 856 133 675 600 717 876 662 751 463 178 557 600 717 623 314 295 132 625 533 749 335 549 386 134 69 376 633 819 391 737 779 748 182 735 779 746 319 515 855 793 738 653 681 240 457 887 62 614 580 682 784 258 798 414 561 654 302 827 238 302 135 834 274 703 187 873 541 711 700 471 201 614 523 402 538 473 714 255 63 494 652 550 762 497 827 382 554 549 555 217 192 859 489 706 674 280 620 425 413 753 115 606 659 199 752 326 234 127 477 263 798 
225 361 448 230 137 340 272 218 334 247 321 399 340 328 204 85 600 248 171 312 336 504 490 245 429 157 410 301 246 296 241 293 505 421 292 61 513 331 551 409 441 308 413 367 422 284 384 22 350 164 366 234 292 230 211 397 144 144 271 423 513 374 377 432 200 596 348 138 254 311 372 301 251 351 425 317 274 385 451 461 416 215 248 79 461 451 270 228 563 351 304 394 471 91 306 316 393 247 224 363 452 211 224 356 473 168 403 355 21 284 230 38 82 181 163 239 345 423 89 312 478 323 421 457 422 72 117 79 268 292 411 251 390 252 262 230 333 376 306 450 486 328 389 272 159 272 384 56 332 456 
466 450 509 45 203 534 412 405 492 482 151 418 97 500 396 179 668 128 354 487 112 278 551 146 428 363 464 543 269 528 436 105 756 395 475 238 763 531 633 197 691 251 459 295 197 230 395 270 582 288 401 91 382 474 443 648 106 231 27 602 611 533 615 682 432 672 198 350 85 185 267 549 29 184 467 508 437 142 352 419 425 169 499 305 266 701 361 338 601 286 520 245 623 169 271 514 203 495 446 604 312 456 120 585 306 308 462 401 261 529 217 214 331 254 301 138 555 671 282 283 567 150 529 329 583 190 248 175 517 541 195 358 342 264 508 301 538 522 237 701 546 298 610 22 405 506 634 278 541 356 
705 734 473 271 481 638 491 534 565 649 396 696 284 587 663 395 603 406 622 762 324 81 503 424 351 624 435 716 324 776 704 193 948 305 580 438 954 644 589 88 900 237 423 216 101 245 672 493 732 565 378 372 666 709 612 853 355 376 257 677 589 597 774 871 680 614 441 518 360 445 171 738 308 130 746 615 714 172 191 297 361 452 703 553 19 891 645 620 515 552 655 110 662 389 262 628 87 691 602 770 115 647 402 729 65 584 744 683 480 713 291 454 544 367 432 418 677 853 542 268 547 157 539 137 640 444 520 402 714 733 91 430 256 547 738 585 804 576 509 905 498 269 740 267 603 671 835 525 664 190 
400 636 179 355 404 174 28 110 101 235 532 676 494 121 456 261 323 472 434 559 511 528 218 479 213 408 150 295 148 475 484 356 524 233 119 224 527 182 273 439 500 229 159 258 466 225 660 265 287 442 138 442 569 395 213 453 325 174 402 215 236 138 331 450 408 318 572 168 454 543 297 334 419 355 703 152 533 473 329 275 195 463 330 338 450 468 548 505 296 610 206 355 224 269 203 167 402 307 188 333 377 268 449 278 422 444 680 633 257 306 196 297 257 145 117 470 217 425 363 198 200 351 144 367 186 325 394 277 327 335 444 41 241 523 404 508 551 124 560 499 214 201 280 412 254 249 432 327 206 334 
470 601 273 192 335 368 222 261 300 380 386 607 320 319 468 192 431 345 433 576 346 329 314 358 195 422 227 447 51 547 506 166 681 171 308 207 686 372 397 240 639 45 222 103 267 27 586 268 460 404 164 308 529 471 345 591 210 125 230 414 379 336 502 604 457 435 433 255 313 413 118 473 264 156 646 343 536 278 187 205 190 359 445 343 255 624 506 469 364 502 383 164 414 193 43 356 203 430 332 499 204 385 326 456 239 416 632 575 255 447 34 255 303 101 163 348 404 584 348 52 335 153 305 203 383 265 351 208 453 470 245 160 128 444 494 453 597 319 451 642 309 69 467 243 347 401 572 319 392 192 
276 64 782 477 268 612 595 521 639 472 404 178 500 623 156 399 929 356 172 98 469 740 824 338 767 200 746 483 582 259 145 557 563 756 583 399 574 596 877 661 478 631 750 690 661 606 186 345 551 188 705 381 88 290 456 460 401 481 491 699 835 673 553 521 236 923 388 442 398 355 684 449 443 632 157 596 82 598 769 795 755 300 391 268 728 533 105 127 899 286 551 688 765 398 635 587 663 411 483 532 754 413 352 566 760 175 122 133 355 454 557 337 351 518 499 342 594 532 249 642 804 599 743 764 713 326 240 383 416 437 659 586 720 215 318 163 178 683 292 496 819 659 608 482 385 487 463 283 583 774 
343 120 736 357 173 621 567 508 626 499 251 104 354 617 209 324 891 214 189 229 321 601 779 195 697 224 694 529 510 360 229 436 660 677 580 347 671 608 844 530 578 540 696 596 526 515 90 310 593 134 644 245 70 358 472 550 298 416 361 707 807 665 606 606 296 889 232 426 259 201 582 507 310 515 139 600 182 459 669 711 687 165 444 253 600 621 64 93 847 132 571 574 762 320 550 596 538 458 494 587 641 444 215 605 640 142 128 68 315 502 474 275 342 455 455 201 615 610 218 559 770 481 714 655 711 250 176 307 470 494 527 542 634 70 393 64 307 669 136 594 774 576 644 350 402 519 548 252 602 673 
329 643 336 521 484 51 191 154 138 123 663 716 656 107 440 385 415 593 438 519 663 736 357 593 418 404 332 133 356 384 452 546 322 446 100 327 322 37 361 643 319 443 346 478 668 435 706 327 84 483 348 573 590 316 145 279 461 332 569 111 312 136 125 254 361 401 695 214 590 659 514 180 571 561 728 68 513 661 549 487 400 563 217 365 663 270 573 531 435 696 46 570 192 395 419 52 609 192 125 136 596 183 569 69 640 475 698 666 328 160 394 384 278 323 262 586 3 226 402 415 305 551 247 587 146 419 452 395 198 188 647 250 460 592 304 555 480 162 654 313 356 420 60 576 216 110 257 371 17 553 
421 450 453 31 186 468 347 340 427 420 203 435 163 434 366 120 613 159 325 465 176 309 496 173 381 328 408 482 211 487 407 104 699 352 409 177 707 466 575 217 638 208 404 260 227 185 413 216 519 269 347 122 378 427 381 594 58 166 77 537 551 468 553 625 390 616 248 287 127 227 240 491 84 178 479 443 417 187 328 381 376 181 443 262 278 644 356 327 550 318 456 234 558 110 225 449 211 438 383 543 301 398 142 521 306 287 470 410 205 470 161 165 275 190 236 164 490 612 246 235 508 145 468 314 518 148 222 119 461 483 218 294 302 273 460 297 507 458 267 647 491 252 546 82 347 445 579 234 476 332 
458 764 264 575 580 107 207 225 126 249 739 829 714 118 563 458 302 674 556 647 728 751 271 676 373 523 278 264 374 515 577 583 424 411 150 407 422 123 251 665 437 451 293 470 692 449 817 423 207 592 316 648 707 446 263 401 532 386 623 20 203 88 239 366 487 286 776 304 663 743 513 311 635 580 845 126 638 699 527 445 356 653 348 474 670 379 688 645 340 793 171 575 67 468 423 132 626 323 237 255 587 309 650 189 635 587 817 780 421 292 422 473 385 365 317 668 132 336 509 416 210 578 169 573 47 507 555 472 329 320 670 267 440 694 435 663 611 108 747 428 271 415 156 632 334 240 380 475 139 531 
177 477 631 613 465 357 445 362 432 236 672 582 717 403 303 464 728 600 332 317 706 883 659 590 684 302 615 185 553 156 284 672 149 699 373 413 160 339 673 787 66 639 627 691 803 621 583 365 232 410 609 599 455 164 260 51 527 476 654 422 624 444 204 113 222 715 684 340 620 644 713 140 630 720 571 359 342 769 774 742 666 548 149 332 831 120 449 420 739 632 289 752 504 472 625 342 766 167 283 185 799 210 580 250 831 391 536 530 376 167 567 418 308 493 433 587 313 133 363 626 612 697 551 797 460 444 415 462 145 137 789 481 693 524 127 465 244 467 608 82 657 637 286 654 248 227 65 357 312 779 
665 656 527 214 416 651 508 535 587 639 305 609 191 604 607 358 668 324 565 700 230 65 561 343 412 572 484 705 337 733 648 150 932 367 591 410 939 654 648 46 876 263 474 265 20 261 585 457 730 501 422 294 591 672 601 831 303 363 186 700 641 623 770 856 636 677 347 504 279 355 218 722 231 131 661 626 650 79 267 368 418 375 679 507 91 876 571 550 584 462 658 156 697 350 291 637 89 671 596 763 195 628 324 729 156 521 662 601 446 698 293 410 513 364 428 337 684 840 490 300 598 136 580 218 668 393 460 361 694 715 41 446 312 468 703 511 749 604 421 884 556 306 746 193 580 663 815 479 671 267 
172 207 737 520 316 526 541 458 569 381 497 319 577 548 126 406 871 436 167 47 553 797 775 420 745 170 706 376 569 127 86 596 423 742 509 385 434 508 817 709 338 635 713 694 715 611 326 324 443 233 675 452 207 183 374 325 434 469 546 609 771 598 436 388 151 862 492 390 472 455 698 335 505 665 299 514 94 661 778 784 730 378 284 248 770 397 211 202 854 407 459 714 683 409 632 502 703 308 403 415 776 322 425 459 792 212 264 271 337 345 557 341 305 502 466 421 499 401 249 638 746 634 683 783 632 346 271 394 306 324 709 547 715 314 200 252 35 612 400 356 772 654 502 540 311 390 331 273 490 783 
175 231 580 313 119 433 396 328 447 308 322 288 383 435 81 204 728 252 40 184 365 591 622 240 564 51 543 341 380 221 122 389 495 555 396 196 505 420 678 502 418 436 547 495 509 411 278 142 403 61 501 258 167 188 282 383 226 279 341 520 637 484 418 433 131 723 331 246 279 292 495 322 304 458 305 414 141 458 577 595 552 197 259 68 563 449 148 104 696 288 381 508 579 205 437 408 495 271 305 400 571 254 235 415 585 48 279 239 152 315 360 139 157 316 295 238 425 433 46 444 604 427 545 579 528 139 68 190 285 310 502 383 522 178 225 129 223 490 257 432 617 461 454 337 212 328 376 80 413 582 
433 697 157 437 477 131 74 142 44 241 613 744 576 75 508 339 271 552 491 606 593 600 185 558 237 462 149 290 226 503 532 437 504 270 101 297 504 146 217 514 492 300 163 320 542 299 730 330 262 508 172 523 632 425 231 448 406 255 484 143 173 64 306 433 449 262 653 219 536 623 362 334 501 430 769 119 585 552 380 308 219 540 345 398 519 450 612 568 266 686 187 423 142 348 272 137 475 320 202 313 437 288 529 250 485 508 744 700 324 308 276 369 311 227 193 549 180 406 426 265 146 429 83 424 107 400 463 355 336 338 519 123 292 596 427 576 588 43 638 488 183 264 240 494 289 247 426 390 174 384 
240 129 679 362 153 535 498 431 550 405 311 190 397 538 104 285 830 254 89 145 370 629 722 237 656 124 641 431 470 257 127 442 556 643 499 290 567 521 780 548 474 516 644 575 549 490 184 241 496 72 596 274 64 255 381 446 285 370 379 622 740 587 506 502 193 825 305 350 293 268 568 405 333 517 202 516 93 489 653 681 645 196 343 171 614 517 47 15 794 228 480 572 682 284 520 510 548 358 406 486 638 348 245 509 645 62 175 139 250 403 443 224 260 408 395 239 524 507 143 528 706 484 647 648 631 211 125 269 369 393 547 482 606 128 289 65 215 593 214 490 717 546 549 371 311 424 444 179 512 658 
176 171 649 378 172 484 461 388 507 350 358 251 433 492 40 277 795 294 38 113 410 654 690 278 638 69 613 371 454 195 68 456 492 629 452 269 503 470 744 567 410 510 618 569 572 485 246 213 437 89 573 308 121 191 329 382 294 352 402 571 702 542 445 438 129 789 357 309 328 319 568 343 360 527 256 467 67 517 651 668 624 236 281 135 630 452 109 76 766 289 426 579 635 278 511 459 563 298 355 425 643 291 281 450 655 67 225 199 224 342 434 212 218 389 366 279 470 443 120 518 670 495 610 651 584 210 129 263 307 331 567 453 596 185 225 123 167 551 271 426 686 535 491 396 258 367 379 152 459 656 
124 429 615 567 413 352 424 339 420 219 621 532 667 392 251 419 721 548 279 271 655 839 646 538 660 250 596 180 520 108 233 628 200 672 359 370 211 333 667 743 118 604 607 657 758 584 532 320 238 358 585 548 404 113 236 93 480 437 607 424 618 437 218 154 170 709 632 306 570 592 676 132 581 678 523 350 293 722 741 715 642 497 119 282 790 165 398 368 726 580 282 712 505 427 591 334 724 142 262 197 762 181 529 255 792 338 488 480 331 155 530 370 265 457 399 535 312 168 312 593 603 654 540 762 458 395 363 416 124 125 745 454 662 471 76 413 202 458 555 134 643 605 295 606 211 214 97 308 309 746 
150 451 625 591 439 357 436 352 428 229 646 555 692 399 276 442 727 574 305 292 681 862 655 564 674 276 608 183 538 130 257 651 176 687 368 393 186 338 672 766 93 623 619 676 782 604 556 343 237 384 599 574 428 138 249 72 504 457 631 425 623 442 213 135 196 714 658 324 595 618 696 136 606 700 545 357 316 746 759 731 656 522 134 307 812 144 422 393 735 605 287 733 507 450 610 340 746 155 274 192 782 197 555 254 813 364 510 504 355 161 550 395 287 477 418 561 315 152 338 611 610 676 547 781 461 420 389 440 135 131 768 469 679 497 102 438 220 464 581 109 652 623 292 631 230 222 81 333 312 764 
503 484 514 62 240 557 429 430 510 512 162 446 80 520 434 211 671 155 392 525 107 241 555 174 425 401 468 574 278 566 474 88 790 389 497 269 797 555 638 163 727 247 462 286 161 229 423 305 611 325 404 121 416 511 473 683 141 253 14 622 618 551 645 716 469 676 210 379 110 204 253 582 57 161 496 531 474 104 335 409 423 202 533 342 234 735 396 374 600 309 547 223 639 201 270 538 174 529 475 635 289 489 151 613 278 345 493 432 295 561 226 250 365 271 324 167 581 704 320 281 575 130 540 307 600 227 286 209 551 574 161 374 334 296 545 336 576 539 262 736 549 296 637 17 438 537 669 315 567 339 
678 667 535 227 428 663 519 547 598 652 313 619 199 616 619 371 675 334 577 712 238 53 569 353 419 584 493 718 349 745 660 163 945 374 603 423 951 666 656 57 889 273 482 273 32 272 595 470 743 513 432 304 601 685 614 844 316 376 197 712 650 633 782 869 648 685 354 517 289 364 226 734 243 141 670 638 662 89 271 374 426 386 692 520 91 888 582 562 590 470 670 163 707 363 301 649 98 683 608 775 198 641 334 741 157 533 672 611 459 710 305 423 526 376 440 347 696 853 502 310 606 148 590 221 679 406 472 374 707 728 52 458 320 478 716 522 762 615 430 897 564 316 758 204 593 675 827 492 683 272 
654 841 137 433 579 407 289 372 320 497 627 853 545 351 686 429 234 591 656 794 577 449 148 605 56 638 126 555 243 730 720 383 778 80 369 425 780 422 228 396 760 225 112 186 426 247 833 482 537 641 127 554 769 650 475 715 458 343 463 401 241 331 581 706 654 247 674 417 557 658 227 596 504 328 891 393 760 470 178 72 71 607 592 561 362 724 746 707 146 750 459 284 352 433 207 411 353 570 450 587 254 530 574 525 305 650 875 820 470 568 278 488 496 305 334 596 457 680 575 196 206 349 230 232 353 504 589 446 590 597 402 259 136 691 663 695 799 304 698 758 145 179 516 477 511 510 693 542 450 179 
441 539 342 121 271 399 261 279 342 384 315 538 255 356 421 140 501 273 383 527 278 310 384 285 268 376 297 451 103 515 460 114 681 241 338 172 687 400 466 214 631 100 292 157 236 75 517 230 474 345 234 236 467 444 347 584 141 108 163 456 444 381 513 604 422 505 361 251 241 340 152 470 192 139 579 373 483 230 235 272 262 288 434 300 250 624 444 409 437 430 401 173 466 138 112 383 186 422 340 507 230 378 254 473 252 359 566 508 217 446 51 205 277 109 171 276 429 587 298 123 401 120 365 236 430 207 293 153 446 465 217 202 194 375 471 388 555 367 379 637 379 140 490 175 334 408 567 273 416 240 
598 605 482 149 355 588 446 469 526 572 270 566 161 543 543 290 630 276 502 639 200 130 519 295 374 507 438 637 277 666 584 82 864 331 528 341 870 590 605 42 808 211 429 225 49 205 543 389 664 440 375 242 537 604 533 762 237 296 128 640 595 563 702 787 569 638 316 436 230 317 181 653 178 81 617 562 590 62 248 340 377 323 611 440 113 807 516 493 550 424 592 129 641 282 239 573 62 602 528 695 186 560 272 663 163 460 614 553 377 629 230 343 445 299 362 288 620 772 425 249 551 74 528 208 610 327 397 294 625 647 40 385 275 417 635 456 685 546 380 815 513 258 680 138 512 595 746 413 606 250 
692 628 628 248 418 727 589 605 670 697 258 564 156 685 614 400 773 300 572 697 187 133 664 318 517 585 585 761 422 753 653 214 979 473 667 457 987 728 751 150 917 358 575 368 120 352 541 495 794 499 522 281 569 700 658 873 331 428 204 784 742 708 830 905 657 782 291 562 261 310 322 771 232 227 618 702 645 98 376 476 522 358 723 531 198 924 551 539 691 411 725 262 787 390 386 711 193 718 657 821 304 678 309 794 263 521 624 565 485 750 373 440 555 437 497 315 756 892 507 396 698 220 676 327 755 416 467 398 741 763 144 529 417 442 735 494 755 692 379 926 659 405 815 204 627 722 859 504 742 377 
86 415 514 463 332 273 319 233 327 128 538 503 573 302 214 313 632 465 227 278 565 731 548 457 551 192 492 122 407 142 215 520 272 561 266 261 281 255 577 635 206 491 502 544 651 471 499 215 190 295 477 459 373 72 132 163 379 325 506 354 530 351 193 203 126 622 556 194 480 517 564 91 485 568 506 265 279 619 628 604 534 418 29 195 679 221 361 323 629 522 204 601 430 321 478 251 614 52 161 172 650 76 444 205 680 279 473 451 226 92 417 271 157 344 287 453 243 200 231 480 510 545 446 649 380 299 285 312 55 78 637 345 550 412 63 360 236 368 490 216 545 492 248 507 98 134 150 216 235 633 
329 656 562 687 587 278 412 352 366 239 790 753 811 335 465 537 621 716 483 501 808 933 579 710 646 449 560 174 564 338 456 730 107 672 322 479 103 264 570 837 152 653 574 694 858 641 751 451 155 553 575 706 623 314 277 142 611 514 734 307 521 359 111 80 376 605 811 374 726 772 727 173 722 759 749 294 518 839 770 713 627 673 233 450 867 79 614 579 654 780 235 777 386 547 632 276 808 228 283 115 811 261 694 162 852 537 715 701 458 188 593 511 390 518 453 705 229 63 487 630 523 743 470 804 354 543 542 542 209 183 840 466 682 670 281 617 433 386 748 135 579 637 171 738 313 215 134 468 237 774 
457 524 387 78 256 442 307 320 388 419 273 513 208 401 422 147 545 237 382 525 232 278 428 252 306 380 341 484 150 529 462 72 712 275 382 192 718 443 511 182 657 130 336 180 200 108 492 245 512 336 278 200 452 461 380 612 123 144 117 501 490 427 550 635 433 549 320 284 202 303 163 501 150 118 557 416 480 187 250 302 302 260 460 307 228 655 429 397 478 397 441 166 513 142 149 425 161 451 376 542 230 408 221 511 242 352 547 487 233 477 97 208 297 152 212 243 471 620 299 160 447 91 412 240 476 203 286 156 474 495 184 249 223 351 491 371 560 414 346 664 423 176 530 129 361 443 595 279 457 254 
599 815 48 446 563 325 222 308 239 428 640 839 570 270 647 411 180 596 621 753 598 510 70 607 81 599 49 482 230 674 678 410 698 127 293 394 699 341 157 445 686 246 41 226 476 262 821 446 457 616 92 560 745 594 410 641 453 319 482 313 159 245 501 628 605 187 686 365 566 665 273 524 517 369 873 314 723 510 246 146 73 603 527 524 423 645 722 681 112 749 382 336 263 416 221 332 402 503 383 508 320 466 576 445 372 622 854 802 436 497 277 463 451 280 293 598 375 601 543 210 120 383 142 300 265 485 565 429 522 527 452 208 179 679 603 676 750 218 698 682 65 196 432 496 453 437 619 508 369 249 
147 186 655 410 207 475 464 387 504 336 396 277 470 487 21 300 797 332 57 87 448 687 696 317 651 69 621 350 470 157 29 486 458 645 447 285 469 459 745 599 375 531 627 590 605 506 276 225 417 126 585 344 148 162 319 349 324 369 436 561 702 537 422 407 103 791 397 310 365 358 592 319 395 556 276 459 56 551 673 685 637 274 258 146 660 420 140 113 772 327 414 606 628 302 530 450 593 277 346 401 668 276 318 432 682 104 244 225 237 321 454 235 220 404 375 317 457 413 142 537 672 524 611 676 577 236 161 287 284 307 599 460 614 223 195 161 130 547 310 392 691 553 473 430 248 351 348 169 446 678 
459 146 865 462 301 753 699 642 760 628 311 34 424 751 323 452 1022 302 312 306 385 675 909 284 820 348 823 654 635 460 333 536 765 798 713 478 776 740 975 616 681 657 824 711 606 632 43 443 720 267 771 339 164 474 602 659 416 545 454 840 939 798 729 718 413 1020 274 559 346 260 691 628 403 615 68 733 273 536 779 830 812 270 566 385 688 731 176 217 975 154 702 676 895 447 669 728 631 582 625 709 743 571 312 732 735 272 96 86 448 626 596 406 474 583 586 293 746 725 351 679 902 581 847 759 844 380 309 434 592 616 612 673 751 184 506 197 387 802 195 698 904 697 772 442 532 647 659 385 733 783 
338 180 681 293 117 584 518 466 582 470 200 161 296 576 211 267 838 153 180 259 265 540 724 134 637 213 639 508 451 368 241 372 659 616 539 296 669 573 792 467 579 477 639 533 464 453 142 266 569 107 586 183 116 352 440 547 236 360 297 669 757 622 586 600 291 836 189 385 197 154 518 490 247 451 202 562 208 398 605 650 628 102 428 221 537 615 100 100 791 120 539 510 719 262 488 559 475 439 460 568 577 419 153 579 576 123 192 132 270 483 413 224 306 398 404 139 582 600 183 498 719 417 665 591 670 196 133 250 453 479 465 489 572 12 389 50 332 624 98 594 719 515 617 287 373 492 542 214 569 610 
529 707 153 317 447 330 189 262 247 391 512 723 442 274 554 297 307 470 524 662 470 405 192 482 76 506 109 454 110 606 589 283 685 75 280 292 688 341 277 330 657 120 100 116 359 134 703 349 448 508 46 434 636 527 363 610 330 209 354 352 266 273 492 610 526 313 559 294 439 538 162 490 389 249 760 310 627 387 171 119 66 480 477 428 320 629 613 574 239 626 367 226 329 300 93 327 287 457 342 494 229 414 450 439 279 517 743 688 338 462 151 355 367 172 205 472 376 586 441 82 222 259 207 215 311 372 456 314 478 489 335 142 83 561 542 563 670 249 574 657 187 71 439 367 389 407 589 409 366 176 
155 264 550 311 133 398 363 293 412 274 340 324 392 400 93 188 696 268 61 201 377 590 591 258 539 48 513 308 357 211 132 383 471 532 361 171 480 385 646 498 395 418 518 477 507 393 314 113 370 93 474 270 202 167 247 359 222 255 343 485 604 449 386 406 115 691 354 212 291 314 480 291 310 449 340 379 164 460 560 572 525 217 229 35 556 423 183 140 666 318 346 497 544 191 417 373 488 239 269 368 558 220 249 381 574 83 313 275 125 283 340 123 122 291 266 255 390 404 35 423 572 419 512 564 493 132 83 176 254 279 499 353 501 209 203 163 228 456 285 409 586 439 420 340 177 294 350 55 377 565 
659 729 383 260 465 559 412 462 483 582 421 705 316 506 634 355 514 414 595 738 354 169 413 432 261 591 345 649 250 734 674 181 883 215 502 390 888 566 499 127 840 160 333 129 154 175 682 449 660 547 289 378 658 662 547 793 333 318 262 593 499 513 703 806 640 525 468 456 370 465 88 675 314 103 752 536 692 215 104 208 271 453 645 516 82 826 636 606 426 570 582 46 574 352 183 550 92 631 534 700 31 586 406 655 37 564 746 685 436 649 227 419 494 302 366 424 600 786 511 187 457 137 451 54 554 415 498 366 654 671 133 352 166 548 688 577 771 491 523 844 408 185 663 275 546 603 774 490 588 104 
187 518 517 555 441 241 336 258 317 130 646 611 672 287 322 404 611 572 338 370 668 812 544 565 577 303 503 70 461 213 317 604 177 595 259 347 183 222 556 716 136 550 515 597 735 533 608 311 118 406 502 564 481 172 161 89 475 395 600 306 507 327 98 101 232 598 665 253 584 626 624 33 584 643 610 243 380 709 678 638 559 527 87 304 753 121 470 434 624 633 173 668 388 413 532 226 690 85 179 77 710 126 550 135 746 391 577 559 320 59 482 371 250 406 342 561 197 90 341 532 496 623 435 706 343 402 395 406 64 40 719 378 594 523 142 471 312 351 601 136 542 542 174 602 176 115 68 323 195 683 
483 324 696 241 202 665 568 538 643 576 57 253 170 644 367 304 856 89 331 423 131 420 739 85 625 358 651 625 454 523 400 303 802 594 612 354 811 658 817 366 725 449 648 495 354 427 229 352 678 251 591 122 274 496 541 689 237 388 218 744 789 684 703 737 438 858 26 464 117 19 467 616 171 378 306 641 372 283 551 619 620 116 556 339 439 754 261 263 794 100 634 439 780 295 468 642 387 562 554 687 505 533 113 686 490 272 314 256 350 603 405 294 407 421 450 93 675 733 302 479 748 346 702 524 734 259 248 290 580 605 362 524 541 151 533 213 495 680 70 739 734 495 719 204 483 600 681 321 661 555 
339 384 465 113 116 429 326 300 401 359 218 386 219 403 284 63 624 152 243 385 219 392 508 158 413 246 421 418 228 405 325 186 627 392 373 119 635 423 581 300 562 255 420 312 309 229 366 142 461 193 365 127 312 347 321 519 24 148 150 504 551 443 492 554 308 624 254 233 143 223 303 422 131 255 425 404 338 266 389 426 404 145 370 179 359 573 289 255 571 293 405 308 538 53 264 407 292 367 328 480 372 330 129 465 382 210 411 354 133 403 188 85 202 183 208 149 443 543 163 273 511 223 462 382 493 65 144 51 389 413 301 284 348 223 380 233 425 437 242 572 503 291 494 150 278 384 506 152 429 393 
126 206 646 417 219 458 452 374 490 318 412 299 483 472 23 301 786 346 65 92 462 695 686 332 645 65 613 330 467 137 19 492 436 641 432 281 447 442 733 606 353 530 619 590 613 506 298 221 398 141 578 357 170 141 302 327 330 366 445 545 689 522 401 385 82 779 414 299 378 376 593 298 406 560 297 443 72 561 673 682 631 289 238 143 666 398 162 134 763 347 396 609 613 303 528 434 598 257 330 380 671 258 332 412 686 119 264 247 234 300 453 236 210 400 368 332 439 391 144 534 661 529 598 677 561 241 170 289 264 286 606 452 612 243 173 181 119 534 329 370 681 550 454 440 233 332 326 168 428 678 
581 692 289 241 423 455 308 362 378 486 429 684 339 402 573 292 431 404 536 680 373 262 323 420 175 528 248 552 152 657 612 179 787 131 399 315 791 463 410 192 747 65 237 27 222 87 662 376 559 499 188 366 620 582 452 700 291 235 263 488 404 409 602 710 567 440 477 365 364 465 20 581 309 119 728 433 637 262 81 143 180 431 555 450 177 729 597 563 349 564 480 83 471 291 81 447 149 539 437 601 97 495 390 554 141 513 717 658 363 554 142 357 414 212 272 411 497 689 450 84 361 141 350 92 450 362 447 306 562 578 198 249 75 522 605 540 704 387 514 750 318 81 560 277 458 506 680 425 485 86 
413 689 192 457 481 93 88 131 12 214 627 742 596 40 496 349 292 564 481 591 611 631 217 568 276 451 187 257 253 481 517 462 467 308 73 302 467 110 237 544 458 331 201 355 571 329 729 328 226 505 210 536 627 404 209 415 419 269 504 110 190 33 269 397 432 282 665 213 550 634 396 303 518 460 764 84 573 578 418 346 258 548 319 391 552 414 607 563 296 692 154 456 127 358 305 102 506 293 179 277 473 264 540 213 520 503 738 696 324 277 301 372 302 246 203 560 143 369 422 298 171 457 108 461 83 405 462 363 308 308 549 146 329 598 403 574 569 31 644 453 215 298 201 514 271 217 393 386 138 422 
330 545 265 287 313 208 91 87 166 205 451 583 425 172 370 173 414 388 345 475 438 498 306 393 269 322 229 272 128 406 400 306 506 275 148 132 511 208 365 404 468 217 235 264 428 203 568 174 285 350 197 360 477 327 172 420 243 96 335 274 328 208 326 429 330 410 489 94 374 458 291 300 345 324 611 182 446 421 345 318 253 374 280 249 430 449 456 413 381 520 210 339 302 182 199 191 372 261 157 323 377 218 364 282 415 353 589 541 165 273 156 204 173 83 27 384 237 409 271 199 292 311 236 372 258 234 302 189 284 298 408 68 264 432 342 416 475 202 471 470 302 209 297 344 189 226 400 236 223 350 
419 719 248 527 531 65 161 175 81 210 690 781 666 69 519 409 312 624 511 606 679 709 263 627 347 478 254 235 330 480 535 537 417 382 101 358 416 83 259 622 421 410 269 433 649 407 770 374 186 545 284 599 660 408 220 381 482 337 575 33 209 50 224 354 446 298 726 255 614 693 474 282 586 538 799 79 595 653 494 418 329 603 313 427 630 369 642 598 338 744 134 535 92 419 383 89 584 287 192 237 551 269 600 170 598 540 771 733 371 260 377 424 337 317 268 619 103 325 461 377 206 533 154 538 43 458 506 422 296 290 627 221 406 645 400 615 574 76 698 414 262 377 145 584 290 205 360 427 106 498 
334 585 243 356 369 139 45 42 100 169 518 633 495 103 398 238 378 454 379 499 507 560 280 457 279 352 217 231 180 408 424 373 464 296 79 191 467 141 326 468 435 269 227 308 493 259 619 219 231 397 205 427 520 328 145 388 311 166 405 205 283 142 274 388 344 371 556 108 442 523 341 268 414 385 657 114 475 489 384 339 262 436 262 286 488 407 500 456 359 580 152 395 238 248 247 124 433 239 121 274 425 200 430 225 467 396 632 588 213 240 219 260 200 150 96 449 172 365 314 244 253 376 191 418 191 293 352 253 259 268 472 81 298 487 336 465 487 140 533 435 276 250 235 413 187 184 367 278 160 389 
638 851 74 473 597 359 260 346 273 465 668 874 594 304 685 445 164 626 658 791 623 519 73 637 93 637 87 518 263 712 716 432 732 137 328 431 733 375 152 459 721 269 79 242 489 287 855 484 491 652 126 590 781 632 447 677 485 354 508 341 166 277 534 662 643 175 714 403 594 694 287 561 545 386 908 348 760 528 249 144 92 635 564 562 432 679 758 717 84 781 417 348 284 450 246 366 416 541 420 543 324 504 606 478 376 659 890 837 473 534 307 499 489 316 330 628 408 635 580 234 134 403 169 303 292 520 601 463 559 564 465 246 192 713 641 711 788 249 729 718 71 220 464 521 492 474 655 545 403 251 
657 908 108 572 669 331 284 364 260 462 765 944 701 287 726 519 52 716 706 828 728 642 66 726 213 680 154 503 351 728 753 542 694 259 322 492 693 350 31 579 698 378 159 360 609 392 927 537 462 713 217 682 841 650 455 657 571 427 612 284 71 244 502 632 672 54 810 437 690 787 407 550 644 503 974 329 804 644 374 269 206 718 568 610 555 647 819 776 73 866 399 469 209 526 352 346 536 542 426 514 449 512 695 447 501 716 952 903 528 525 401 564 528 390 385 717 378 603 635 341 77 516 141 428 237 590 664 537 556 555 585 297 312 788 651 777 813 222 815 691 72 329 423 624 512 465 635 599 377 376 
284 232 597 242 35 500 432 380 496 391 214 243 284 490 177 186 753 146 137 257 262 510 640 133 559 160 556 433 371 328 215 322 602 541 453 210 612 489 706 427 525 406 557 464 429 381 226 180 492 59 505 159 160 296 359 490 168 277 259 584 671 536 512 538 239 751 223 299 179 183 454 421 214 397 277 477 206 371 540 576 549 90 359 144 494 555 138 108 708 194 457 454 633 181 414 475 428 367 377 495 520 343 132 501 525 81 261 205 183 410 337 138 224 316 318 132 500 536 106 423 633 364 579 531 584 111 52 168 384 409 426 404 499 91 333 81 315 537 155 539 635 440 537 251 295 414 482 132 487 545 
530 683 207 272 418 366 221 283 287 410 467 691 392 312 541 272 359 428 508 650 421 352 244 441 112 494 163 475 92 607 578 231 709 86 312 277 713 375 330 276 675 67 153 67 305 85 671 337 476 485 100 391 611 529 379 628 295 193 306 396 320 317 520 633 522 365 514 300 395 495 110 508 343 195 730 345 611 333 138 123 109 444 489 415 269 652 588 550 286 586 396 174 379 274 44 360 233 470 361 520 185 427 410 470 232 496 715 659 325 480 116 333 364 159 207 432 410 610 424 33 276 205 259 174 357 346 432 288 493 506 282 165 55 528 548 536 664 294 535 677 239 18 473 319 396 428 608 393 399 143 
399 325 590 155 110 553 455 425 530 469 100 292 160 531 301 191 749 26 260 380 137 396 633 28 526 280 545 521 348 449 340 231 710 499 499 242 719 546 708 322 637 355 543 407 319 332 269 243 571 184 486 38 258 410 432 599 127 277 153 631 679 571 598 642 357 751 128 353 55 93 385 516 102 310 339 528 328 255 472 528 520 43 458 243 392 660 239 222 692 171 523 370 667 182 371 530 331 461 444 583 438 430 8 578 433 206 335 274 240 501 302 184 301 310 337 19 564 636 210 381 638 276 591 453 621 149 161 176 481 506 320 413 450 137 446 179 440 567 120 650 627 398 610 142 378 493 588 222 550 476 
209 481 368 364 304 179 171 86 199 86 487 543 492 182 284 216 498 416 272 379 494 610 405 414 398 241 342 150 260 282 305 405 380 408 143 157 386 166 445 514 335 347 351 397 534 330 532 147 186 307 324 398 421 203 47 288 293 192 411 265 399 232 219 303 221 490 516 50 416 480 421 170 404 439 560 159 361 514 480 451 381 384 145 189 549 323 403 359 484 516 135 464 326 226 331 154 487 127 55 209 507 83 392 190 542 301 532 494 149 144 278 205 99 202 139 407 177 286 224 332 373 421 310 504 274 240 272 223 150 166 517 192 399 413 212 378 362 243 473 339 401 343 221 416 62 110 269 191 164 485 
547 499 561 117 274 611 483 484 564 565 147 450 38 575 469 263 716 166 427 555 76 222 601 184 467 440 515 626 329 608 509 126 840 428 552 322 847 610 685 161 775 290 508 322 150 275 426 354 664 356 451 140 435 556 526 732 190 308 68 676 667 604 699 766 511 722 192 432 122 196 285 634 87 187 501 586 504 80 363 445 467 220 583 386 234 785 416 400 643 303 601 245 692 253 315 593 185 579 528 688 308 541 169 667 287 377 503 442 345 613 277 298 415 325 378 179 635 755 361 326 624 160 591 328 654 272 322 259 602 625 157 427 372 310 591 357 611 592 261 785 596 340 691 63 489 590 719 360 621 365 
66 308 643 501 321 412 445 360 463 267 524 411 584 440 138 365 768 455 173 152 567 780 679 442 665 151 616 256 502 18 114 570 320 669 402 328 331 394 713 687 236 578 625 635 697 555 412 269 323 254 593 461 284 72 267 214 412 407 535 494 666 489 316 274 80 758 530 302 482 490 646 215 503 631 402 403 172 652 720 712 649 399 166 208 741 286 279 253 759 467 344 673 570 370 570 390 673 191 296 294 729 211 438 340 752 232 367 360 282 226 500 306 230 436 389 441 382 285 228 574 644 603 580 733 520 322 270 357 187 203 687 461 649 361 80 300 96 505 447 253 675 589 382 533 212 274 216 236 375 725 
2802 3966 960 1842 2448 1632 768 1182 1158 1956 2982 4110 2646 1308 2994 1536 1920 2688 2826 3642 2784 2634 1218 2748 792 2706 690 2334 498 3264 3192 1734 3726 840 1314 1446 3744 1692 1686 2136 3552 840 690 960 2304 858 4002 1776 2310 2772 384 2478 3546 2784 1788 3270 1812 984 2094 1824 1548 1344 2574 3276 2796 1932 3252 1386 2526 3108 1206 2550 2262 1632 4314 1506 3444 2406 1380 1098 702 2706 2472 2250 2148 3390 3408 3162 1596 3588 1830 1572 1764 1572 672 1602 1890 2352 1662 2586 1674 2100 2562 2268 1956 2814 4200 3882 1710 2382 810 1854 1848 756 876 2688 1896 3132 2346 624 1284 1644 1092 1608 1602 1980 2466 1644 2478 2544 2166 462 852 3150 2874 3126 3666 1218 3282 3552 1188 624 2280 2166 1956 2052 3144 2142 1836 1404 
2079 2124 5184 2385 558 4122 3618 3087 4149 3087 2385 2421 2943 4068 1197 1584 6561 1755 819 2034 2763 4869 5571 1647 4932 981 4824 3447 3249 2502 1557 3087 4941 4815 3735 1674 5022 4014 6129 4086 4257 3663 4851 4194 4131 3438 2304 1296 3978 324 4410 1818 1485 2187 2817 3933 1638 2358 2610 4887 5787 4500 4149 4365 1683 6534 2484 2349 2007 2124 4149 3312 2250 3735 2664 3924 1593 3645 4914 5148 4833 1260 2754 846 4653 4518 1278 918 6210 2187 3699 4221 5364 1575 3708 3897 4050 2835 2988 3987 4797 2637 1602 4068 4887 441 2466 2025 1350 3222 3006 1053 1611 2709 2628 1629 4095 4347 504 3780 5463 3447 4950 4887 4914 927 153 1440 2979 3213 4086 3420 4473 1215 2520 909 2475 4527 1863 4374 5526 3933 4410 2556 2214 3285 3861 792 3978 4959 
1687 1036 4627 2380 917 3668 3374 2919 3752 2779 2058 1386 2639 3675 763 1855 5691 1638 595 1141 2457 4256 4928 1526 4452 840 4361 2975 3143 1848 959 2940 3920 4361 3402 1904 3990 3570 5341 3682 3346 3458 4382 3871 3696 3283 1323 1568 3430 357 4039 1778 553 1785 2604 3143 1841 2450 2499 4277 5068 4011 3514 3528 1351 5663 2030 2345 1911 1771 3822 2814 2177 3465 1512 3528 777 3276 4424 4620 4375 1232 2373 1099 4144 3633 406 98 5432 1540 3297 3850 4683 1841 3493 3493 3682 2478 2765 3374 4312 2387 1575 3514 4361 315 1337 1043 1631 2786 2954 1428 1729 2716 2639 1540 3605 3549 889 3549 4830 3234 4417 4382 4326 1330 728 1736 2562 2730 3675 3255 4095 805 2037 371 1610 4053 1414 3458 4893 3675 3794 2443 2107 2912 3115 1141 3521 4452 
2790 5724 5040 6057 5121 2475 3645 3078 3258 2034 6957 6606 7155 2979 4014 4707 5616 6291 4176 4338 7128 8289 5211 6237 5769 3870 5004 1440 4986 2871 3924 6444 918 5994 2844 4176 900 2340 5148 7425 1233 5787 5130 6165 7614 5670 6588 3915 1323 4815 5121 6210 5436 2655 2376 1116 5364 4518 6471 2781 4707 3222 927 567 3213 5472 7137 3249 6390 6786 6453 1395 6363 6732 6570 2601 4491 7425 6858 6372 5598 5895 1935 3888 7704 585 5355 5040 5886 6849 2043 6903 3501 4788 5607 2439 7164 1899 2439 936 7218 2205 6093 1413 7578 4671 6264 6138 3978 1557 5238 4455 3366 4563 3969 6192 2034 396 4221 5589 4707 6579 4212 7155 3195 4743 4716 4734 1719 1494 7452 4122 6075 5859 2349 5391 3735 3456 6570 1089 5202 5652 1530 6507 2673 1827 1035 4059 2088 6903 
4941 6534 1359 2961 4176 3114 1863 2529 2349 3690 4707 6651 4059 2601 5166 2826 2700 4347 4887 6138 4311 3609 1683 4455 531 4734 972 4248 1152 5634 5472 2610 6327 504 2664 2799 6354 3213 2457 2970 6084 1134 882 1008 3240 1287 6480 3321 4185 4734 459 4014 5886 4923 3447 5661 3114 2052 3276 3267 2385 2565 4581 5652 4914 2763 5130 2826 4059 4959 1431 4572 3600 2250 6993 2934 5814 3519 1431 891 468 4455 4473 4032 2844 5823 5679 5328 2052 5760 3465 2007 3033 2862 909 3087 2583 4284 3249 4608 1989 3906 4176 4104 2439 4815 6840 6345 3213 4329 1494 3357 3483 1719 2025 4374 3528 5427 4140 810 1998 2367 1917 1845 2889 3510 4266 2988 4473 4572 3024 1458 648 5193 5058 5220 6210 2340 5292 6084 1638 684 4095 3393 3681 3825 5472 3852 3438 1467 
2815 3175 1820 845 1845 2460 1730 1920 2115 2490 1740 3085 1275 2215 2675 1285 2560 1650 2480 3195 1445 1025 2000 1735 1280 2465 1605 2825 880 3180 2875 490 3990 1075 2165 1470 4015 2485 2435 595 3750 480 1555 540 740 490 2970 1755 2910 2245 1290 1465 2815 2830 2310 3515 1180 1135 915 2685 2390 2290 3115 3605 2710 2600 1980 1840 1440 1935 340 2940 1160 185 3315 2340 2970 890 750 1140 1295 1815 2770 2090 660 3705 2705 2550 2165 2445 2530 260 2650 1265 620 2400 395 2705 2260 3095 580 2485 1590 2895 655 2330 3275 2970 1690 2810 700 1600 1990 1080 1405 1690 2645 3510 2060 665 2170 285 2070 645 2515 1585 2000 1340 2825 2915 625 1425 790 2285 2965 2410 3365 2195 2200 3775 1975 705 2955 985 2270 2600 3425 1955 2580 765 
3632 3304 4360 672 1424 4416 3496 3384 4120 3912 888 3008 736 4176 2984 1504 5640 680 2648 3680 720 2480 4704 824 3744 2760 4000 4376 2432 4104 3304 1192 6024 3496 3952 1976 6088 4384 5344 1872 5488 2328 3960 2704 1848 2160 2824 2160 4728 2080 3504 400 2768 3712 3608 5152 896 2032 528 4992 5152 4456 4976 5448 3336 5664 1264 2888 336 1136 2480 4400 112 1816 3400 4208 3264 1352 3168 3688 3712 1048 3976 2344 2440 5600 2608 2448 5120 1944 4264 2304 5192 1424 2488 4248 1952 3960 3656 4880 2840 3672 640 4760 2776 2248 3376 2888 2096 4256 2024 1680 2648 2248 2584 768 4560 5376 2136 2576 4808 1552 4480 2976 4856 1448 1808 1440 4136 4328 1856 3088 3072 1800 3992 2128 4120 4384 1552 5568 4656 2704 4976 432 3256 4112 5048 2136 4448 3192 
2303 4564 4123 4921 4165 2135 3059 2618 2744 1792 5593 5264 5768 2527 3255 3864 4543 5082 3395 3465 5740 6657 4249 5033 4697 3157 4102 1337 4095 2324 3171 5229 560 4879 2429 3458 525 2030 4186 5992 931 4725 4200 5019 6132 4634 5257 3241 1246 3899 4200 5019 4361 2198 2065 924 4375 3731 5243 2345 3843 2702 938 483 2632 4431 5733 2737 5159 5453 5236 1274 5145 5453 5222 2233 3605 5985 5551 5166 4571 4767 1680 3199 6209 434 4298 4060 4774 5488 1806 5586 2898 3927 4578 2114 5789 1666 2114 945 5838 1918 4921 1309 6111 3787 4977 4900 3297 1407 4298 3661 2814 3766 3311 4998 1785 441 3458 4564 3850 5334 3479 5789 2674 3878 3843 3885 1519 1344 6013 3423 4942 4718 1960 4340 2975 2891 5271 805 4242 4613 1393 5264 2282 1638 889 3339 1841 5586 
2250 3610 4480 2300 1370 3400 2720 2180 3340 2470 3210 3990 3400 3280 2040 850 6000 2480 1710 3120 3360 5040 4900 2450 4290 1570 4100 3010 2460 2960 2410 2930 5050 4210 2920 610 5130 3310 5510 4090 4410 3080 4130 3670 4220 2840 3840 220 3500 1640 3660 2340 2920 2300 2110 3970 1440 1440 2710 4230 5130 3740 3770 4320 2000 5960 3480 1380 2540 3110 3720 3010 2510 3510 4250 3170 2740 3850 4510 4610 4160 2150 2480 790 4610 4510 2700 2280 5630 3510 3040 3940 4710 910 3060 3160 3930 2470 2240 3630 4520 2110 2240 3560 4730 1680 4030 3550 210 2840 2300 380 820 1810 1630 2390 3450 4230 890 3120 4780 3230 4210 4570 4220 720 1170 790 2680 2920 4110 2510 3900 2520 2620 2300 3330 3760 3060 4500 4860 3280 3890 2720 1590 2720 3840 560 3320 4560 
2330 2250 2545 225 1015 2670 2060 2025 2460 2410 755 2090 485 2500 1980 895 3340 640 1770 2435 560 1390 2755 730 2140 1815 2320 2715 1345 2640 2180 525 3780 1975 2375 1190 3815 2655 3165 985 3455 1255 2295 1475 985 1150 1975 1350 2910 1440 2005 455 1910 2370 2215 3240 530 1155 135 3010 3055 2665 3075 3410 2160 3360 990 1750 425 925 1335 2745 145 920 2335 2540 2185 710 1760 2095 2125 845 2495 1525 1330 3505 1805 1690 3005 1430 2600 1225 3115 845 1355 2570 1015 2475 2230 3020 1560 2280 600 2925 1530 1540 2310 2005 1305 2645 1085 1070 1655 1270 1505 690 2775 3355 1410 1415 2835 750 2645 1645 2915 950 1240 875 2585 2705 975 1790 1710 1320 2540 1505 2690 2610 1185 3505 2730 1490 3050 110 2025 2530 3170 1390 2705 1780 
4935 5138 3311 1897 3367 4466 3437 3738 3955 4543 2772 4872 1988 4109 4641 2765 4221 2842 4354 5334 2268 567 3521 2968 2457 4368 3045 5012 2268 5432 4928 1351 6636 2135 4060 3066 6678 4508 4123 616 6300 1659 2961 1512 707 1715 4704 3451 5124 3955 2646 2604 4662 4963 4284 5971 2485 2632 1799 4739 4123 4179 5418 6097 4760 4298 3087 3626 2520 3115 1197 5166 2156 910 5222 4305 4998 1204 1337 2079 2527 3164 4921 3871 133 6237 4515 4340 3605 3864 4585 770 4634 2723 1834 4396 609 4837 4214 5390 805 4529 2814 5103 455 4088 5208 4781 3360 4991 2037 3178 3808 2569 3024 2926 4739 5971 3794 1876 3829 1099 3773 959 4480 3108 3640 2814 4998 5131 637 3010 1792 3829 5166 4095 5628 4032 3563 6335 3486 1883 5180 1869 4221 4697 5845 3675 4648 1330 
3600 5724 1611 3195 3636 1566 252 990 909 2115 4788 6084 4446 1089 4104 2349 2907 4248 3906 5031 4599 4752 1962 4311 1917 3672 1350 2655 1332 4275 4356 3204 4716 2097 1071 2016 4743 1638 2457 3951 4500 2061 1431 2322 4194 2025 5940 2385 2583 3978 1242 3978 5121 3555 1917 4077 2925 1566 3618 1935 2124 1242 2979 4050 3672 2862 5148 1512 4086 4887 2673 3006 3771 3195 6327 1368 4797 4257 2961 2475 1755 4167 2970 3042 4050 4212 4932 4545 2664 5490 1854 3195 2016 2421 1827 1503 3618 2763 1692 2997 3393 2412 4041 2502 3798 3996 6120 5697 2313 2754 1764 2673 2313 1305 1053 4230 1953 3825 3267 1782 1800 3159 1296 3303 1674 2925 3546 2493 2943 3015 3996 369 2169 4707 3636 4572 4959 1116 5040 4491 1926 1809 2520 3708 2286 2241 3888 2943 1854 3006 
3290 4207 1911 1344 2345 2576 1554 1827 2100 2660 2702 4249 2240 2233 3276 1344 3017 2415 3031 4032 2422 2303 2198 2506 1365 2954 1589 3129 357 3829 3542 1162 4767 1197 2156 1449 4802 2604 2779 1680 4473 315 1554 721 1869 189 4102 1876 3220 2828 1148 2156 3703 3297 2415 4137 1470 875 1610 2898 2653 2352 3514 4228 3199 3045 3031 1785 2191 2891 826 3311 1848 1092 4522 2401 3752 1946 1309 1435 1330 2513 3115 2401 1785 4368 3542 3283 2548 3514 2681 1148 2898 1351 301 2492 1421 3010 2324 3493 1428 2695 2282 3192 1673 2912 4424 4025 1785 3129 238 1785 2121 707 1141 2436 2828 4088 2436 364 2345 1071 2135 1421 2681 1855 2457 1456 3171 3290 1715 1120 896 3108 3458 3171 4179 2233 3157 4494 2163 483 3269 1701 2429 2807 4004 2233 2744 1344 
2484 576 7038 4293 2412 5508 5355 4689 5751 4248 3636 1602 4500 5607 1404 3591 8361 3204 1548 882 4221 6660 7416 3042 6903 1800 6714 4347 5238 2331 1305 5013 5067 6804 5247 3591 5166 5364 7893 5949 4302 5679 6750 6210 5949 5454 1674 3105 4959 1692 6345 3429 792 2610 4104 4140 3609 4329 4419 6291 7515 6057 4977 4689 2124 8307 3492 3978 3582 3195 6156 4041 3987 5688 1413 5364 738 5382 6921 7155 6795 2700 3519 2412 6552 4797 945 1143 8091 2574 4959 6192 6885 3582 5715 5283 5967 3699 4347 4788 6786 3717 3168 5094 6840 1575 1098 1197 3195 4086 5013 3033 3159 4662 4491 3078 5346 4788 2241 5778 7236 5391 6687 6876 6417 2934 2160 3447 3744 3933 5931 5274 6480 1935 2862 1467 1602 6147 2628 4464 7371 5931 5472 4338 3465 4383 4167 2547 5247 6966 
2058 720 4416 2142 1038 3726 3402 3048 3756 2994 1506 624 2124 3702 1254 1944 5346 1284 1134 1374 1926 3606 4674 1170 4182 1344 4164 3174 3060 2160 1374 2616 3960 4062 3480 2082 4026 3648 5064 3180 3468 3240 4176 3576 3156 3090 540 1860 3558 804 3864 1470 420 2148 2832 3300 1788 2496 2166 4242 4842 3990 3636 3636 1776 5334 1392 2556 1554 1206 3492 3042 1860 3090 834 3600 1092 2754 4014 4266 4122 990 2664 1518 3600 3726 384 558 5082 792 3426 3444 4572 1920 3300 3576 3228 2748 2964 3522 3846 2664 1290 3630 3840 852 768 408 1890 3012 2844 1650 2052 2730 2730 1206 3690 3660 1308 3354 4620 2886 4284 3930 4266 1500 1056 1842 2820 2964 3162 3252 3804 420 2358 384 1842 4014 816 3564 4644 3456 3864 2100 2412 3114 3288 1512 3612 4038 
2303 4501 2352 3647 3388 357 1337 1078 966 861 4641 5012 4592 749 3080 2695 2905 4151 3066 3633 4641 5152 2499 4151 2926 2828 2324 931 2492 2688 3164 3822 2254 3122 700 2289 2254 259 2527 4501 2233 3101 2422 3346 4676 3045 4942 2289 588 3381 2436 4011 4130 2212 1015 1953 3227 2324 3983 777 2184 952 875 1778 2527 2807 4865 1498 4130 4613 3598 1260 3997 3927 5096 476 3591 4627 3843 3409 2800 3941 1519 2555 4641 1890 4011 3717 3045 4872 322 3990 1344 2765 2933 364 4263 1344 875 952 4172 1281 3983 483 4480 3325 4886 4662 2296 1120 2758 2688 1946 2261 1834 4102 21 1582 2814 2905 2135 3857 1729 4109 1022 2933 3164 2765 1386 1316 4529 1750 3220 4144 2128 3885 3360 1134 4578 2191 2492 2940 420 4032 1512 770 1799 2597 119 3871 
2105 2250 2265 155 930 2340 1735 1700 2135 2100 1015 2175 815 2170 1830 600 3065 795 1625 2325 880 1545 2480 865 1905 1640 2040 2410 1055 2435 2035 520 3495 1760 2045 885 3535 2330 2875 1085 3190 1040 2020 1300 1135 925 2065 1080 2595 1345 1735 610 1890 2135 1905 2970 290 830 385 2685 2755 2340 2765 3125 1950 3080 1240 1435 635 1135 1200 2455 420 890 2395 2215 2085 935 1640 1905 1880 905 2215 1310 1390 3220 1780 1635 2750 1590 2280 1170 2790 550 1125 2245 1055 2190 1915 2715 1505 1990 710 2605 1530 1435 2350 2050 1025 2350 805 825 1375 950 1180 820 2450 3060 1230 1175 2540 725 2340 1570 2590 740 1110 595 2305 2415 1090 1470 1510 1365 2300 1485 2535 2290 1335 3235 2455 1260 2730 410 1735 2225 2895 1170 2380 1660 
2748 4584 1584 3450 3480 642 1242 1350 756 1494 4434 4974 4284 708 3378 2748 1812 4044 3336 3882 4368 4506 1626 4056 2238 3138 1668 1584 2244 3090 3462 3498 2544 2466 900 2442 2532 738 1506 3990 2622 2706 1758 2820 4152 2694 4902 2538 1242 3552 1896 3888 4242 2676 1578 2406 3192 2316 3738 120 1218 528 1434 2196 2922 1716 4656 1824 3978 4458 3078 1866 3810 3480 5070 756 3828 4194 3162 2670 2136 3918 2088 2844 4020 2274 4128 3870 2040 4758 1026 3450 402 2808 2538 792 3756 1938 1422 1530 3522 1854 3900 1134 3810 3522 4902 4680 2526 1752 2532 2838 2310 2190 1902 4008 792 2016 3054 2496 1260 3468 1014 3438 282 3042 3330 2832 1974 1920 4020 1602 2640 4164 2610 3978 3666 648 4482 2568 1626 2490 936 3792 2004 1440 2280 2850 834 3186 
1062 2862 3786 3678 2790 2142 2670 2172 2592 1416 4032 3492 4302 2418 1818 2784 4368 3600 1992 1902 4236 5298 3954 3540 4104 1812 3690 1110 3318 936 1704 4032 894 4194 2238 2478 960 2034 4038 4722 396 3834 3762 4146 4818 3726 3498 2190 1392 2460 3654 3594 2730 984 1560 306 3162 2856 3924 2532 3744 2664 1224 678 1332 4290 4104 2040 3720 3864 4278 840 3780 4320 3426 2154 2052 4614 4644 4452 3996 3288 894 1992 4986 720 2694 2520 4434 3792 1734 4512 3024 2832 3750 2052 4596 1002 1698 1110 4794 1260 3480 1500 4986 2346 3216 3180 2256 1002 3402 2508 1848 2958 2598 3522 1878 798 2178 3756 3672 4182 3306 4782 2760 2664 2490 2772 870 822 4734 2886 4158 3144 762 2790 1464 2802 3648 492 3942 3822 1716 3924 1488 1362 390 2142 1872 4674 
5985 5904 4743 1926 3744 5859 4572 4815 5283 5751 2745 5481 1719 5436 5463 3222 6012 2916 5085 6300 2070 585 5049 3087 3708 5148 4356 6345 3033 6597 5832 1350 8388 3303 5319 3690 8451 5886 5832 414 7884 2367 4266 2385 180 2349 5265 4113 6570 4509 3798 2646 5319 6048 5409 7479 2727 3267 1674 6300 5769 5607 6930 7704 5724 6093 3123 4536 2511 3195 1962 6498 2079 1179 5949 5634 5850 711 2403 3312 3762 3375 6111 4563 819 7884 5139 4950 5256 4158 5922 1404 6273 3150 2619 5733 801 6039 5364 6867 1755 5652 2916 6561 1404 4689 5958 5409 4014 6282 2637 3690 4617 3276 3852 3033 6156 7560 4410 2700 5382 1224 5220 1962 6012 3537 4140 3249 6246 6435 369 4014 2808 4212 6327 4599 6741 5436 3789 7956 5004 2754 6714 1737 5220 5967 7335 4311 6039 2403 
1204 1449 5159 3640 2212 3682 3787 3206 3983 2667 3479 2233 4039 3836 882 2842 6097 3052 1169 329 3871 5579 5425 2940 5215 1190 4942 2632 3983 889 602 4172 2961 5194 3563 2695 3038 3556 5719 4963 2366 4445 4991 4858 5005 4277 2282 2268 3101 1631 4725 3164 1449 1281 2618 2275 3038 3283 3822 4263 5397 4186 3052 2716 1057 6034 3444 2730 3304 3185 4886 2345 3535 4655 2093 3598 658 4627 5446 5488 5110 2646 1988 1736 5390 2779 1477 1414 5978 2849 3213 4998 4781 2863 4424 3514 4921 2156 2821 2905 5432 2254 2975 3213 5544 1484 1848 1897 2359 2415 3899 2387 2135 3514 3262 2947 3493 2807 1743 4466 5222 4438 4781 5481 4424 2422 1897 2758 2142 2268 4963 3829 5005 2198 1400 1764 245 4284 2800 2492 5404 4578 3514 3780 2177 2730 2317 1911 3430 5481 
1575 2079 5220 2817 1071 3897 3564 2952 4023 2772 2898 2592 3447 3915 729 1836 6552 2268 360 1656 3285 5319 5598 2160 5076 459 4887 3069 3420 1989 1098 3501 4455 4995 3564 1764 4545 3780 6102 4518 3762 3924 4923 4455 4581 3699 2502 1278 3627 549 4509 2322 1503 1692 2538 3447 2034 2511 3069 4680 5733 4356 3762 3897 1179 6507 2979 2214 2511 2628 4455 2898 2736 4122 2745 3726 1269 4122 5193 5355 4968 1773 2331 612 5067 4041 1332 936 6264 2592 3429 4572 5211 1845 3933 3672 4455 2439 2745 3600 5139 2286 2115 3735 5265 432 2511 2151 1368 2835 3240 1251 1413 2844 2655 2142 3825 3897 414 3996 5436 3843 4905 5211 4752 1251 612 1710 2565 2790 4518 3447 4698 1602 2025 1161 2007 4410 2313 3888 5553 4149 4086 3033 1908 2952 3384 720 3717 5238 
3897 6273 1413 3933 4293 1179 666 1278 396 2169 5517 6696 5184 675 4572 3051 2439 4968 4419 5454 5337 5400 1665 5022 2133 4158 1341 2610 2034 4527 4788 3933 4536 2430 909 2673 4536 1314 1953 4626 4428 2700 1467 2880 4878 2691 6570 2970 2358 4572 1548 4707 5688 3825 2079 4032 3654 2295 4356 1287 1557 576 2754 3897 4041 2358 5877 1971 4824 5607 3258 3006 4509 3870 6921 1071 5265 4968 3420 2772 1971 4860 3105 3582 4671 4050 5508 5112 2394 6174 1683 3807 1278 3132 2448 1233 4275 2880 1818 2817 3933 2592 4761 2250 4365 4572 6696 6300 2916 2772 2484 3321 2799 2043 1737 4941 1620 3654 3834 2385 1314 3861 747 3816 963 3600 4167 3195 3024 3042 4671 1107 2628 5364 3843 5184 5292 387 5742 4392 1647 2376 2160 4446 2601 2223 3834 3510 1566 3456 
1440 774 4074 2172 918 3210 2988 2586 3300 2430 1866 1140 2382 3228 624 1710 4980 1524 534 870 2220 3774 4332 1422 3936 744 3846 2586 2820 1542 762 2652 3336 3858 2994 1740 3402 3126 4680 3288 2844 3096 3864 3450 3294 2940 1104 1446 2976 432 3576 1644 384 1530 2286 2676 1710 2220 2274 3732 4440 3522 3036 3012 1158 4950 1830 2100 1758 1608 3408 2430 1998 3102 1212 3096 558 2934 3918 4086 3870 1176 2058 1026 3684 3102 282 90 4764 1368 2880 3432 4092 1704 3120 3060 3288 2148 2436 2916 3828 2088 1470 3054 3870 372 1050 834 1500 2418 2658 1344 1560 2448 2370 1434 3144 3042 858 3168 4236 2904 3882 3888 3786 1266 750 1614 2214 2358 3282 2892 3636 768 1734 390 1290 3558 1284 2940 4302 3276 3294 2226 1866 2544 2664 1074 3072 3948 
1408 1368 5192 3024 1376 3872 3688 3104 4056 2800 2864 2008 3464 3936 320 2216 6360 2352 304 904 3280 5232 5520 2224 5104 552 4904 2968 3632 1560 544 3648 3936 5032 3616 2152 4024 3760 5952 4536 3280 4080 4944 4552 4576 3880 1968 1704 3496 712 4584 2464 968 1528 2632 3056 2352 2816 3216 4568 5616 4336 3560 3504 1032 6312 2856 2472 2624 2552 4544 2744 2880 4216 2048 3736 536 4136 5208 5344 4992 1888 2248 1080 5040 3616 872 608 6128 2312 3408 4632 5080 2224 4088 3672 4504 2384 2840 3400 5144 2328 2248 3600 5240 536 1800 1592 1792 2736 3472 1696 1744 3112 2928 2232 3760 3544 960 4144 5360 3960 4880 5208 4672 1680 1032 2104 2456 2648 4536 3624 4768 1480 1800 984 1336 4408 2168 3408 5488 4280 3928 3168 2064 2936 3032 1216 3672 5248 
868 3003 4305 3969 2891 2464 2968 2373 2940 1533 4347 3724 4669 2744 1757 2933 5047 3836 1953 1897 4585 5873 4522 3766 4620 1750 4172 1260 3640 756 1631 4396 1400 4704 2513 2590 1477 2331 4669 5201 826 4228 4249 4599 5306 4088 3724 2240 1666 2506 4095 3836 2828 791 1652 651 3360 3059 4249 2968 4326 3059 1526 1078 1190 4963 4424 2142 3990 4144 4732 924 4067 4746 3661 2450 2051 5054 5187 5005 4494 3479 833 1974 5530 1155 2786 2576 5082 4060 1974 4984 3535 2989 4137 2338 5068 994 1834 1379 5334 1267 3703 1785 5544 2366 3416 3360 2317 1085 3710 2590 1855 3199 2793 3745 2184 1176 2184 4151 4221 4578 3780 5334 3206 2765 2541 2912 868 875 5215 3178 4634 3297 532 2891 1414 3206 3885 938 4501 4235 2065 4242 1477 1498 679 2156 2163 5222 
750 2255 3125 2955 2195 1785 2180 1760 2140 1145 3230 2775 3460 1995 1380 2210 3635 2870 1525 1460 3405 4310 3275 2820 3370 1380 3040 915 2690 650 1285 3255 880 3435 1840 1965 930 1690 3360 3830 465 3115 3095 3380 3910 3020 2780 1715 1185 1920 2995 2870 2140 690 1245 360 2520 2285 3155 2125 3115 2210 1065 675 980 3570 3290 1620 2975 3090 3480 680 3030 3500 2725 1785 1580 3730 3795 3655 3280 2610 670 1535 4060 720 2110 1965 3675 3025 1435 3665 2535 2250 3050 1700 3730 775 1370 960 3910 985 2775 1270 4065 1820 2550 2520 1775 805 2750 1975 1435 2385 2090 2805 1575 760 1690 3055 3050 3380 2735 3905 2305 2100 1945 2200 675 655 3840 2345 3395 2485 510 2190 1100 2320 2905 545 3260 3115 1460 3155 1150 1110 405 1665 1560 3820 
5030 4840 5140 620 2400 5570 4290 4300 5100 5120 1620 4460 800 5200 4340 2110 6710 1550 3920 5250 1070 2410 5550 1740 4250 4010 4680 5740 2780 5660 4740 880 7900 3890 4970 2690 7970 5550 6380 1630 7270 2470 4620 2860 1610 2290 4230 3050 6110 3250 4040 1210 4160 5110 4730 6830 1410 2530 140 6220 6180 5510 6450 7160 4690 6760 2100 3790 1100 2040 2530 5820 570 1610 4960 5310 4740 1040 3350 4090 4230 2020 5330 3420 2340 7350 3960 3740 6000 3090 5470 2230 6390 2010 2700 5380 1740 5290 4750 6350 2890 4890 1510 6130 2780 3450 4930 4320 2950 5610 2260 2500 3650 2710 3240 1670 5810 7040 3200 2810 5750 1300 5400 3070 6000 2270 2860 2090 5510 5740 1610 3740 3340 2960 5450 3360 5760 5390 2620 7360 5490 2960 6370 170 4380 5370 6690 3150 5670 3390 
6102 6003 4815 2043 3852 5967 4671 4923 5382 5868 2817 5571 1791 5544 5571 3339 6075 3006 5193 6408 2142 477 5121 3177 3771 5256 4437 6462 3141 6705 5940 1467 8505 3366 5427 3807 8559 5994 5904 513 8001 2457 4338 2457 288 2448 5355 4230 6687 4617 3888 2736 5409 6165 5526 7596 2844 3384 1773 6408 5850 5697 7038 7821 5832 6165 3186 4653 2601 3276 2034 6606 2187 1269 6030 5742 5958 801 2439 3366 3834 3474 6228 4680 819 7992 5238 5058 5310 4230 6030 1467 6363 3267 2709 5841 882 6147 5472 6975 1782 5769 3006 6669 1413 4797 6048 5499 4131 6390 2745 3807 4734 3384 3960 3123 6264 7677 4518 2790 5454 1332 5310 1989 6111 3654 4248 3366 6363 6552 468 4122 2880 4302 6444 4698 6858 5535 3870 8073 5076 2844 6822 1836 5337 6075 7443 4428 6147 2448 
3270 4205 685 2165 2895 2035 1445 1860 1600 2485 3135 4265 2725 1755 3430 2145 1170 2955 3280 3970 2885 2245 740 3025 280 3190 630 2775 1215 3650 3600 1915 3890 400 1845 2125 3900 2110 1140 1980 3800 1125 560 930 2130 1235 4165 2410 2685 3205 635 2770 3845 3250 2375 3575 2290 1715 2315 2005 1205 1655 2905 3530 3270 1235 3370 2085 2785 3290 1135 2980 2520 1640 4455 1965 3800 2350 890 360 355 3035 2960 2805 1810 3620 3730 3535 730 3750 2295 1420 1760 2165 1035 2055 1765 2850 2250 2935 1270 2650 2870 2625 1525 3250 4375 4100 2350 2840 1390 2440 2480 1525 1670 2980 2285 3400 2875 980 1030 1745 1150 1160 1765 2520 2945 2230 2950 2985 2010 1295 680 3455 3315 3475 3995 1520 3490 3790 725 895 2580 2385 2555 2550 3465 2710 2250 895 
2205 2695 1710 605 1355 1995 1305 1395 1710 1920 1575 2690 1275 1780 2105 700 2505 1365 1915 2635 1390 1550 1920 1425 1340 1880 1485 2255 515 2575 2300 570 3405 1205 1690 860 3435 2000 2330 1070 3155 500 1460 785 1180 375 2585 1150 2370 1725 1170 1180 2335 2220 1735 2920 705 540 815 2280 2220 1905 2565 3020 2110 2525 1805 1255 1205 1700 760 2350 960 695 2895 1865 2415 1150 1175 1360 1310 1440 2170 1500 1250 3120 2220 2045 2185 2150 2005 865 2330 690 560 1915 930 2110 1700 2535 1150 1890 1270 2365 1260 1795 2830 2540 1085 2230 255 1025 1385 545 855 1380 2145 2935 1490 615 2005 600 1825 1180 2150 1035 1465 765 2230 2325 1085 1010 970 1875 2355 1940 2775 1835 1895 3185 1895 700 2450 875 1670 2040 2835 1365 2080 1200 
5382 5445 4338 1341 3195 5292 4014 4221 4734 5148 2430 5094 1449 4887 4887 2610 5670 2484 4518 5751 1800 1170 4671 2655 3366 4563 3942 5733 2493 5994 5256 738 7776 2979 4752 3069 7830 5310 5445 378 7272 1899 3861 2025 441 1845 4887 3501 5976 3960 3375 2178 4833 5436 4797 6858 2133 2664 1152 5760 5355 5067 6318 7083 5121 5742 2844 3924 2070 2853 1629 5877 1602 729 5553 5058 5310 558 2232 3060 3393 2907 5499 3960 1017 7263 4644 4437 4950 3816 5328 1161 5769 2538 2151 5157 558 5418 4752 6255 1674 5040 2448 5967 1467 4140 5526 4977 3393 5661 2070 3087 4005 2691 3258 2592 5580 6948 3825 2241 4959 666 4752 1872 5490 2943 3573 2646 5625 5823 360 3465 2475 3753 5715 4104 6165 4914 3420 7335 4617 2322 6120 1242 4608 5355 6714 3717 5454 2250 
4844 4396 4396 1736 2926 5089 4123 4235 4690 4879 1806 3948 1092 4795 4298 2800 5411 2100 4004 4879 1309 931 4648 2226 3619 4095 4095 5327 2954 5271 4571 1498 6853 3311 4669 3199 6909 5096 5257 1050 6419 2506 4025 2576 840 2464 3787 3465 5558 3493 3654 1967 3983 4900 4606 6111 2317 2996 1428 5488 5194 4956 5810 6335 4599 5474 2037 3934 1827 2170 2254 5397 1624 1589 4326 4914 4515 686 2632 3332 3654 2506 5061 3717 1386 6468 3857 3773 4837 2877 5075 1834 5509 2730 2702 4977 1351 5026 4599 5747 2128 4746 2163 5558 1841 3647 4368 3955 3395 5250 2611 3080 3885 3059 3479 2205 5292 6244 3549 2772 4886 1540 4732 2289 5285 2912 3269 2786 5187 5341 1008 3703 2919 3094 5145 3458 5285 4844 2653 6482 4613 2835 5705 1428 4389 5054 6013 3528 5194 2639 
516 2490 3084 2778 1992 1638 1914 1398 1962 768 3228 3018 3438 1812 1284 1878 3792 2790 1362 1668 3390 4386 3288 2742 3306 1152 2952 732 2442 852 1290 3120 1632 3366 1596 1566 1686 1530 3462 3810 1236 2946 3012 3264 3906 2826 2994 1290 1140 1770 2862 2754 2238 432 792 978 2274 1950 3036 2124 3180 2106 1158 1218 756 3732 3336 1164 2880 3102 3384 546 2910 3408 3036 1590 1674 3714 3768 3624 3204 2508 174 1170 4074 1326 2166 1938 3774 3132 1224 3606 2580 1926 2868 1506 3684 312 966 1032 3900 456 2664 1230 4080 1674 2838 2706 1356 552 2502 1626 942 2064 1722 2718 1458 1200 1386 2880 3060 3270 2676 3894 2280 1794 1710 1872 330 468 3822 2070 3300 2472 378 2160 1416 2208 2940 1296 3270 2952 1488 3042 588 804 900 1296 1410 3798 
2303 4592 3934 4809 4109 1946 2884 2464 2562 1673 5530 5271 5677 2345 3255 3759 4347 5012 3381 3507 5656 6531 4053 4970 4522 3143 3920 1218 3948 2366 3192 5110 749 4704 2254 3353 721 1848 3990 5859 1064 4571 4018 4858 6006 4487 5257 3157 1085 3871 4025 4942 4361 2198 1939 994 4277 3598 5138 2149 3647 2513 777 560 2632 4235 5677 2618 5082 5404 5089 1211 5054 5313 5243 2058 3626 5873 5390 4991 4389 4711 1631 3150 6069 553 4298 4053 4578 5460 1645 5439 2702 3829 4424 1932 5656 1596 1981 805 5677 1827 4858 1134 5964 3759 5005 4907 3206 1316 4151 3577 2730 3626 3171 4935 1603 441 3409 4410 3661 5201 3290 5628 2478 3801 3794 3794 1463 1281 5880 3262 4774 4690 1967 4319 3031 2702 5236 945 4053 4459 1197 5166 2191 1505 938 3276 1659 5418 
4113 4716 3483 702 2304 3978 2763 2880 3492 3771 2457 4617 1872 3609 3798 1323 4905 2133 3438 4725 2088 2502 3852 2268 2754 3420 3069 4356 1350 4761 4158 648 6408 2475 3438 1728 6462 3987 4599 1638 5913 1170 3024 1620 1800 972 4428 2205 4608 3024 2502 1800 4068 4149 3420 5508 1107 1296 1053 4509 4410 3843 4950 5715 3897 4941 2880 2556 1818 2727 1467 4509 1350 1062 5013 3744 4320 1683 2250 2718 2718 2340 4140 2763 2052 5895 3861 3573 4302 3573 3969 1494 4617 1278 1341 3825 1449 4059 3384 4878 2070 3672 1989 4599 2178 3168 4923 4383 2097 4293 873 1872 2673 1368 1908 2187 4239 5580 2691 1440 4023 819 3708 2160 4284 1827 2574 1404 4266 4455 1656 2241 2007 3159 4419 3339 5040 3726 3114 5976 3807 1584 4770 1161 3249 3987 5355 2511 4113 2286 
4792 6520 384 3568 4504 2600 1776 2464 1912 3424 5120 6712 4560 2160 5176 3288 1440 4768 4968 6024 4784 4080 560 4856 648 4792 392 3856 1840 5392 5424 3280 5584 1016 2344 3152 5592 2728 1256 3560 5488 1968 328 1808 3808 2096 6568 3568 3656 4928 736 4480 5960 4752 3280 5128 3624 2552 3856 2504 1272 1960 4008 5024 4840 1496 5488 2920 4528 5320 2184 4192 4136 2952 6984 2512 5784 4080 1968 1168 584 4824 4216 4192 3384 5160 5776 5448 896 5992 3056 2688 2104 3328 1768 2656 3216 4024 3064 4064 2560 3728 4608 3560 2976 4976 6832 6416 3488 3976 2216 3704 3608 2240 2344 4784 3000 4808 4344 1680 960 3064 1136 2400 2120 3880 4520 3432 4176 4216 3616 1664 1432 5432 4824 5408 6000 1744 5584 5456 520 1568 3456 3968 3624 3496 4952 4064 2952 1992 
1029 1302 4585 2870 1449 3325 3248 2709 3528 2352 2772 1939 3290 3409 147 2100 5579 2324 399 609 3136 4809 4872 2219 4557 483 4347 2450 3290 1099 203 3402 3206 4515 3129 1995 3283 3213 5215 4193 2625 3717 4389 4130 4235 3542 1932 1575 2919 882 4095 2408 1036 1134 2233 2443 2268 2583 3052 3927 4914 3759 2954 2849 721 5537 2779 2170 2555 2506 4144 2233 2765 3892 1932 3213 392 3857 4711 4795 4459 1918 1806 1022 4620 2940 980 791 5404 2289 2898 4242 4396 2114 3710 3150 4151 1939 2422 2807 4676 1932 2226 3024 4774 728 1708 1575 1659 2247 3178 1645 1540 2828 2625 2219 3199 2891 994 3759 4704 3668 4277 4732 4039 1652 1127 2009 1988 2149 4193 3220 4298 1561 1365 1127 910 3829 2170 2744 4837 3871 3311 3010 1736 2457 2436 1183 3122 4746 
2754 876 5190 2772 1806 4518 4194 3852 4560 3768 1866 204 2544 4506 1938 2712 6132 1812 1872 1836 2310 4050 5454 1704 4920 2088 4938 3924 3810 2760 1998 3216 4590 4788 4278 2868 4656 4440 5850 3696 4086 3942 4944 4266 3636 3792 258 2658 4320 1602 4626 2034 984 2844 3612 3954 2496 3270 2724 5040 5634 4788 4374 4308 2478 6120 1644 3354 2076 1560 4146 3768 2418 3690 408 4398 1638 3216 4674 4980 4872 1620 3396 2310 4128 4386 1056 1302 5850 924 4212 4056 5370 2682 4014 4368 3786 3492 3750 4254 4458 3426 1872 4392 4410 1632 576 516 2688 3756 3576 2436 2844 3498 3516 1758 4476 4350 2106 4074 5412 3486 5082 4554 5064 2280 1854 2604 3552 3696 3672 4038 4506 1104 3036 1182 2322 4812 1170 4188 5424 4182 4632 2652 3192 3882 3954 2310 4398 4698 
2704 1440 5448 2344 936 4672 4144 3728 4656 3760 1600 1288 2368 4608 1688 2136 6704 1224 1440 2072 2120 4320 5792 1072 5096 1704 5112 4064 3608 2944 1928 2976 5272 4928 4312 2368 5352 4584 6336 3736 4632 3816 5112 4264 3712 3624 1136 2128 4552 856 4688 1464 928 2816 3520 4376 1888 2880 2376 5352 6056 4976 4688 4800 2328 6688 1512 3080 1576 1232 4144 3920 1976 3608 1616 4496 1664 3184 4840 5200 5024 816 3424 1768 4296 4920 800 800 6328 960 4312 4080 5752 2096 3904 4472 3800 3512 3680 4544 4616 3352 1224 4632 4608 984 1536 1056 2160 3864 3304 1792 2448 3184 3232 1112 4656 4800 1464 3984 5752 3336 5320 4728 5360 1568 1064 2000 3624 3832 3720 3912 4576 96 3112 400 2656 4992 784 4752 5752 4120 4936 2296 2984 3936 4336 1712 4552 4880 
3703 4949 1071 2219 3129 2310 1323 1834 1729 2737 3584 5061 3094 1918 3878 2079 2149 3290 3668 4634 3290 2835 1344 3374 532 3542 763 3178 770 4242 4123 1981 4795 525 1960 2044 4816 2387 1939 2310 4599 840 700 812 2513 938 4921 2443 3136 3556 322 3038 4452 3689 2541 4270 2310 1463 2478 2464 1862 1911 3444 4270 3682 2191 3913 2058 3073 3766 1134 3430 2723 1743 5320 2170 4389 2709 1197 833 462 3360 3339 2996 2240 4403 4291 4018 1673 4382 2569 1582 2303 2100 651 2289 2009 3199 2394 3458 1603 2898 3150 3073 1953 3619 5201 4816 2366 3234 1057 2485 2569 1204 1435 3304 2632 4102 3087 574 1554 1813 1449 1505 2177 2604 3192 2198 3346 3423 2345 994 581 3927 3794 3941 4690 1743 4018 4599 1309 497 3073 2569 2723 2849 4123 2863 2562 1232 
1085 1848 3850 2177 931 2786 2541 2051 2884 1918 2380 2268 2744 2800 651 1316 4872 1876 427 1407 2639 4130 4137 1806 3773 336 3591 2156 2499 1477 924 2681 3297 3724 2527 1197 3360 2695 4522 3486 2765 2926 3626 3339 3549 2751 2198 791 2590 651 3318 1890 1414 1169 1729 2513 1554 1785 2401 3395 4228 3143 2702 2842 805 4837 2478 1484 2037 2198 3360 2037 2170 3143 2380 2653 1148 3220 3920 4004 3675 1519 1603 245 3892 2961 1281 980 4662 2226 2422 3479 3808 1337 2919 2611 3416 1673 1883 2576 3906 1540 1743 2667 4018 581 2191 1925 875 1981 2380 861 854 2037 1862 1785 2730 2828 245 2961 4004 2933 3584 3948 3451 924 581 1232 1778 1953 3493 2471 3507 1463 1421 1141 1596 3192 1995 2863 4102 3073 2940 2380 1239 2058 2450 385 2639 3955 
5272 5832 3064 2080 3720 4472 3296 3696 3864 4656 3368 5640 2528 4048 5072 2840 4112 3312 4760 5904 2832 1352 3304 3456 2088 4728 2760 5192 2000 5872 5392 1448 7064 1720 4016 3120 7104 4528 3992 1016 6720 1280 2664 1032 1232 1400 5456 3592 5280 4376 2312 3024 5264 5296 4376 6344 2664 2544 2096 4744 3992 4104 5624 6448 5120 4200 3744 3648 2960 3720 704 5400 2512 824 6016 4288 5536 1720 832 1664 2168 3624 5160 4128 656 6608 5088 4848 3408 4560 4656 368 4592 2816 1464 4400 736 5048 4272 5600 248 4688 3248 5240 296 4512 5968 5480 3488 5192 1816 3352 3952 2416 2928 3392 4800 6288 4088 1496 3656 1096 3608 432 4432 3320 3984 2928 5232 5368 1064 2816 1328 4384 5504 4616 6168 3928 4184 6752 3264 1480 5304 2200 4368 4824 6192 3920 4704 832 
935 2590 2585 2775 2205 1205 1680 1290 1585 650 3230 3055 3360 1435 1610 2020 3055 2860 1690 1850 3340 4060 2720 2825 2885 1515 2515 350 2305 1065 1585 3020 885 2975 1295 1735 915 1110 2780 3580 680 2750 2575 2985 3675 2665 3040 1555 590 2030 2510 2820 2405 860 805 445 2375 1975 3000 1530 2535 1635 490 505 1160 2990 3325 1265 2920 3130 3120 165 2920 3215 3050 1215 1900 3545 3390 3190 2795 2635 435 1520 3765 605 2350 2170 3120 3165 865 3340 1940 2065 2660 1130 3450 425 895 385 3550 630 2750 675 3730 1955 2885 2795 1600 295 2410 1855 1250 2030 1710 2805 985 450 1705 2660 2480 3115 2175 3530 1715 2010 1975 2030 320 200 3595 1890 2970 2615 710 2355 1560 1755 3005 680 2710 2710 870 3010 880 575 340 1615 975 3415 
3381 2268 4872 1687 1414 4655 3976 3766 4501 4032 399 1771 1190 4508 2569 2128 5992 623 2317 2961 917 2940 5173 595 4375 2506 4557 4375 3178 3661 2800 2121 5614 4158 4284 2478 5677 4606 5719 2562 5075 3143 4536 3465 2478 2989 1603 2464 4746 1757 4137 854 1918 3472 3787 4823 1659 2716 1526 5208 5523 4788 4921 5159 3066 6006 182 3248 819 133 3269 4312 1197 2646 2142 4487 2604 1981 3857 4333 4340 812 3892 2373 3073 5278 1827 1841 5558 700 4438 3073 5460 2065 3276 4494 2709 3934 3878 4809 3535 3731 791 4802 3430 1904 2198 1792 2450 4221 2835 2058 2849 2947 3150 651 4725 5131 2114 3353 5236 2422 4914 3668 5138 1813 1736 2030 4060 4235 2534 3668 3787 1057 3731 1491 3465 4760 490 5173 5138 3465 5033 1428 3381 4200 4767 2247 4627 3885 
3051 3456 4185 1017 1044 3861 2934 2700 3609 3231 1962 3474 1971 3627 2556 567 5616 1368 2187 3465 1971 3528 4572 1422 3717 2214 3789 3762 2052 3645 2925 1674 5643 3528 3357 1071 5715 3807 5229 2700 5058 2295 3780 2808 2781 2061 3294 1278 4149 1737 3285 1143 2808 3123 2889 4671 216 1332 1350 4536 4959 3987 4428 4986 2772 5616 2286 2097 1287 2007 2727 3798 1179 2295 3825 3636 3042 2394 3501 3834 3636 1305 3330 1611 3231 5157 2601 2295 5139 2637 3645 2772 4842 477 2376 3663 2628 3303 2952 4320 3348 2970 1161 4185 3438 1890 3699 3186 1197 3627 1692 765 1818 1647 1872 1341 3987 4887 1467 2457 4599 2007 4158 3438 4437 585 1296 459 3501 3717 2709 2556 3132 2007 3420 2097 3825 3933 2178 5148 4527 2619 4446 1350 2502 3456 4554 1368 3861 3537 
882 1442 4522 2919 1533 3206 3164 2618 3430 2226 2884 2093 3381 3304 161 2107 5502 2422 455 644 3234 4865 4802 2324 4515 455 4291 2310 3269 959 133 3444 3052 4487 3024 1967 3129 3094 5131 4242 2471 3710 4333 4130 4291 3542 2086 1547 2786 987 4046 2499 1190 987 2114 2289 2310 2562 3115 3815 4823 3654 2807 2695 574 5453 2898 2093 2646 2632 4151 2086 2842 3920 2079 3101 504 3927 4711 4774 4417 2023 1666 1001 4662 2786 1134 938 5341 2429 2772 4263 4291 2121 3696 3038 4186 1799 2310 2660 4697 1806 2324 2884 4802 833 1848 1729 1638 2100 3171 1652 1470 2800 2576 2324 3073 2737 1008 3738 4627 3703 4186 4739 3927 1687 1190 2023 1848 2002 4242 3164 4284 1701 1211 1267 833 3738 2303 2590 4767 3850 3178 3080 1631 2324 2282 1176 2996 4746 
5810 6920 2890 2410 4230 4550 3080 3620 3780 4860 4290 6840 3390 4020 5730 2920 4310 4040 5360 6800 3730 2620 3230 4200 1750 5280 2480 5520 1520 6570 6120 1790 7870 1310 3990 3150 7910 4630 4100 1920 7470 650 2370 270 2220 870 6620 3760 5590 4990 1880 3660 6200 5820 4520 7000 2910 2350 2630 4880 4040 4090 6020 7100 5670 4400 4770 3650 3640 4650 200 5810 3090 1190 7280 4330 6370 2620 810 1430 1800 4310 5550 4500 1770 7290 5970 5630 3490 5640 4800 830 4710 2910 810 4470 1490 5390 4370 6010 970 4950 3900 5540 1410 5130 7170 6580 3630 5540 1420 3570 4140 2120 2720 4110 4970 6890 4500 840 3610 1410 3500 920 4500 3620 4470 3060 5620 5780 1980 2490 750 5220 6050 5400 7040 3870 5140 7500 3180 810 5600 2770 4580 5060 6800 4250 4850 860 
2891 4823 1344 3199 3367 651 616 917 84 1498 4389 5194 4172 280 3472 2443 2044 3948 3367 4137 4277 4417 1519 3976 1932 3157 1309 1799 1771 3367 3619 3234 3269 2156 511 2114 3269 770 1659 3808 3206 2317 1407 2485 3997 2303 5103 2296 1582 3535 1470 3752 4389 2828 1463 2905 2933 1883 3528 770 1330 231 1883 2779 3024 1974 4655 1491 3850 4438 2772 2121 3626 3220 5348 588 4011 4046 2926 2422 1806 3836 2233 2737 3864 2898 4249 3941 2072 4844 1078 3192 889 2506 2135 714 3542 2051 1253 1939 3311 1848 3780 1491 3640 3521 5166 4872 2268 1939 2107 2604 2114 1722 1421 3920 1001 2583 2954 2086 1197 3199 756 3227 581 2835 3234 2541 2156 2156 3843 1022 2303 4186 2821 4018 3983 217 4508 3171 1505 2086 1407 3598 1897 1519 2751 2702 966 2954 
2640 4360 2120 2296 2504 1664 728 696 1328 1640 3608 4664 3400 1376 2960 1384 3312 3104 2760 3800 3504 3984 2448 3144 2152 2576 1832 2176 1024 3248 3200 2448 4048 2200 1184 1056 4088 1664 2920 3232 3744 1736 1880 2112 3424 1624 4544 1392 2280 2800 1576 2880 3816 2616 1376 3360 1944 768 2680 2192 2624 1664 2608 3432 2640 3280 3912 752 2992 3664 2328 2400 2760 2592 4888 1456 3568 3368 2760 2544 2024 2992 2240 1992 3440 3592 3648 3304 3048 4160 1680 2712 2416 1456 1592 1528 2976 2088 1256 2584 3016 1744 2912 2256 3320 2824 4712 4328 1320 2184 1248 1632 1384 664 216 3072 1896 3272 2168 1592 2336 2488 1888 2976 2064 1872 2416 1512 2272 2384 3264 544 2112 3456 2736 3328 3800 1616 3768 3760 2416 1672 2376 2752 1512 1808 3200 1888 1784 2800 
2514 4314 1488 3162 3186 390 966 1050 486 1260 4140 4686 3996 414 3114 2454 1872 3744 3066 3636 4074 4254 1578 3762 2082 2868 1524 1410 1980 2880 3210 3222 2502 2292 606 2148 2496 498 1554 3732 2526 2460 1614 2598 3894 2442 4620 2244 1116 3270 1704 3594 3960 2448 1320 2286 2892 2022 3450 198 1254 300 1344 2124 2676 1788 4356 1530 3684 4158 2844 1692 3516 3228 4794 474 3570 3918 2964 2508 1974 3618 1878 2562 3780 2214 3852 3588 2028 4464 804 3210 552 2514 2298 534 3504 1722 1152 1422 3306 1614 3600 1020 3588 3240 4626 4398 2226 1560 2262 2544 2022 1902 1608 3714 618 1950 2766 2262 1236 3198 924 3228 258 2748 3036 2532 1776 1740 3762 1326 2436 3870 2400 3690 3444 456 4188 2484 1572 2262 870 3504 1740 1230 2160 2562 636 2988 
3340 5850 2430 3560 3690 1390 450 420 1000 1690 5180 6330 4950 1030 3980 2380 3780 4540 3790 4990 5070 5600 2800 4570 2790 3520 2170 2310 1800 4080 4240 3730 4640 2960 790 1910 4670 1410 3260 4680 4350 2690 2270 3080 4930 2590 6190 2190 2310 3970 2050 4270 5200 3280 1450 3880 3110 1660 4050 2050 2830 1420 2740 3880 3440 3710 5560 1080 4420 5230 3410 2680 4140 3850 6570 1140 4750 4890 3840 3390 2620 4360 2620 2860 4880 4070 5000 4560 3590 5800 1520 3950 2380 2480 2470 1240 4330 2390 1210 2740 4250 2000 4300 2250 4670 3960 6320 5880 2130 2400 2190 2600 2000 1500 960 4490 1720 3650 3140 2440 2530 3760 1910 4180 1910 2930 3520 2530 2590 2680 4720 810 2980 4870 3360 4650 4870 1400 5330 4350 2760 2500 2350 4130 1870 1840 3670 2780 1600 3890 
5742 7659 666 4257 5373 3231 2340 3114 2457 4185 6012 7866 5346 2736 6165 4005 1476 5634 5922 7119 5607 4671 657 5733 837 5733 783 4662 2367 6408 6444 3888 6588 1233 2952 3879 6597 3375 1368 4131 6489 2421 711 2178 4401 2583 7695 4356 4419 5868 1134 5310 7029 5688 4023 6093 4365 3186 4572 3069 1494 2493 4806 5958 5787 1575 6426 3627 5346 6246 2583 5049 4905 3474 8172 3132 6840 4752 2241 1296 828 5715 5076 5058 3888 6111 6822 6453 756 7029 3753 3132 2556 4050 2214 3294 3744 4869 3780 4887 2916 4536 5454 4302 3384 5931 8010 7533 4257 4806 2763 4491 4401 2844 2970 5652 3672 5715 5220 2106 1206 3627 1521 2727 2628 4680 5409 4167 5031 5076 4185 2214 1728 6417 5769 6399 7092 2241 6561 6462 639 1980 4176 4689 4428 4266 5895 4905 3627 2259 
4599 6356 756 4004 4683 2317 1988 2548 1820 3234 5355 6608 4907 2009 5082 3633 364 5012 4942 5796 5096 4494 462 5082 1491 4760 1078 3521 2457 5096 5271 3794 4858 1813 2254 3444 4851 2450 217 4053 4886 2646 1113 2520 4263 2744 6489 3759 3234 4991 1519 4774 5887 4550 3185 4599 3997 2989 4284 1988 497 1708 3514 4424 4704 378 5670 3059 4830 5509 2849 3850 4508 3521 6818 2303 5628 4508 2618 1883 1442 5026 3976 4270 3885 4529 5733 5432 511 6062 2793 3283 1463 3682 2464 2422 3752 3794 2982 3598 3143 3584 4865 3129 3507 5012 6664 6321 3696 3675 2807 3948 3696 2730 2695 5019 2646 4221 4445 2387 539 3612 987 2996 1659 4130 4648 3759 3892 3885 4095 2079 2184 5516 4557 5439 5691 1554 5705 4837 504 2303 2961 4368 3584 3255 4445 4193 2639 2632 
2840 2320 5970 2420 350 5000 4320 3800 4960 3910 2140 2430 2840 4900 1770 1860 7530 1460 1370 2570 2620 5100 6400 1330 5590 1600 5560 4330 3710 3280 2150 3220 6020 5410 4530 2100 6120 4890 7060 4270 5250 4060 5570 4640 4290 3810 2260 1800 4920 590 5050 1590 1600 2960 3590 4900 1680 2770 2590 5840 6710 5360 5120 5380 2390 7510 2230 2990 1790 1830 4540 4210 2140 3970 2770 4770 2060 3710 5400 5760 5490 900 3590 1440 4940 5550 1380 1080 7080 1940 4570 4540 6330 1810 4140 4750 4280 3670 3770 4950 5200 3430 1320 5010 5250 810 2610 2050 1830 4100 3370 1380 2240 3160 3180 1320 5000 5360 1060 4230 6330 3640 5790 5310 5840 1110 520 1680 3840 4090 4260 4040 4990 910 3330 810 3150 5370 1550 5390 6350 4400 5370 2510 2950 4140 4820 1320 4870 5450 
4240 5464 1656 2176 3344 2928 1768 2264 2296 3280 3736 5528 3136 2496 4328 2176 2872 3424 4064 5200 3368 2816 1952 3528 896 3952 1304 3800 736 4856 4624 1848 5672 688 2496 2216 5704 3000 2640 2208 5400 536 1224 536 2440 680 5368 2696 3808 3880 800 3128 4888 4232 3032 5024 2360 1544 2448 3168 2560 2536 4160 5064 4176 2920 4112 2400 3160 3960 880 4064 2744 1560 5840 2760 4888 2664 1104 984 872 3552 3912 3320 2152 5216 4704 4400 2288 4688 3168 1392 3032 2192 352 2880 1864 3760 2888 4160 1480 3416 3280 3760 1856 3968 5720 5272 2600 3840 928 2664 2912 1272 1656 3456 3280 4880 3392 264 2208 1640 2072 1392 2856 2768 3456 2304 3944 4048 2256 1320 440 4224 4384 4288 5312 2352 4280 5416 1912 144 3784 2552 3168 3424 4864 3144 3192 1144 
2394 1950 3540 930 660 3318 2730 2550 3180 2814 600 1752 960 3186 1806 1146 4494 156 1560 2280 822 2376 3798 168 3156 1680 3270 3126 2088 2694 2040 1386 4260 2994 2994 1452 4314 3276 4248 1932 3822 2130 3258 2442 1914 1992 1614 1458 3426 1104 2916 228 1548 2460 2592 3594 762 1662 918 3786 4074 3426 3588 3852 2142 4506 768 2118 330 558 2310 3096 612 1860 2034 3168 1968 1530 2832 3168 3120 258 2748 1458 2352 3960 1434 1332 4152 1026 3138 2220 4002 1092 2226 3180 1986 2766 2664 3498 2628 2580 48 3468 2598 1236 2010 1644 1440 3006 1812 1104 1806 1860 2022 114 3384 3816 1260 2286 3828 1656 3546 2718 3726 894 966 1056 2886 3036 1920 2478 2700 822 2676 1074 2640 3402 720 3900 3762 2388 3660 852 2268 2958 3528 1332 3300 2856 
2090 4810 3680 3640 3040 1790 1710 860 1990 860 4870 5430 4920 1820 2840 2160 4980 4160 2720 3790 4940 6100 4050 4140 3980 2410 3420 1500 2600 2820 3050 4050 3800 4080 1430 1570 3860 1660 4450 5140 3350 3470 3510 3970 5340 3300 5320 1470 1860 3070 3240 3980 4210 2030 470 2880 2930 1920 4110 2650 3990 2320 2190 3030 2210 4900 5160 500 4160 4800 4210 1700 4040 4390 5600 1590 3610 5140 4800 4510 3810 3840 1450 1890 5490 3230 4030 3590 4840 5160 1350 4640 3260 2260 3310 1540 4870 1270 550 2090 5070 830 3920 1900 5420 3010 5320 4940 1490 1440 2780 2050 990 2020 1390 4070 1770 2860 2240 3320 3730 4210 3100 5040 2740 2400 2720 2230 1500 1660 5170 1920 3990 4130 2120 3780 3620 2430 4730 3390 4010 3430 2210 4160 620 1100 2690 1910 1640 4850 
4376 3992 4488 936 2192 4888 3864 3872 4512 4520 1176 3600 304 4600 3752 2104 5728 1328 3416 4440 608 1776 4808 1472 3736 3520 4120 5008 2632 4864 4072 1008 6720 3424 4416 2576 6776 4880 5480 1288 6200 2320 4064 2576 1200 2200 3408 2832 5312 2848 3608 1120 3480 4448 4208 5856 1520 2464 544 5408 5336 4832 5592 6128 4088 5776 1536 3456 976 1568 2280 5072 696 1496 4008 4688 4032 640 2904 3560 3736 1760 4664 3088 1872 6280 3328 3200 5144 2424 4808 1960 5536 2024 2520 4744 1480 4632 4224 5504 2464 4328 1352 5336 2296 3016 4024 3536 2760 4904 2216 2384 3320 2600 3024 1432 5080 6040 2888 2608 4992 1280 4728 2624 5232 2176 2576 2072 4816 5000 1256 3416 2976 2480 4728 2856 4888 4736 2088 6280 4768 2720 5528 504 3912 4720 5752 2880 4968 2920 
594 2772 5787 4509 2889 3708 4005 3240 4167 2403 4716 3699 5256 3960 1242 3285 6912 4095 1557 1368 5103 7020 6111 3978 5985 1359 5544 2304 4518 162 1026 5130 2880 6021 3618 2952 2979 3546 6417 6183 2124 5202 5625 5715 6273 4995 3708 2421 2907 2286 5337 4149 2556 648 2403 1926 3708 3663 4815 4446 5994 4401 2844 2466 720 6822 4770 2718 4338 4410 5814 1935 4527 5679 3618 3627 1548 5868 6480 6408 5841 3591 1494 1872 6669 2574 2511 2277 6831 4203 3096 6057 5130 3330 5130 3510 6057 1719 2664 2646 6561 1899 3942 3060 6768 2088 3303 3240 2538 2034 4500 2754 2070 3924 3501 3969 3438 2565 2052 5166 5796 5427 5220 6597 4680 2898 2430 3213 1683 1827 6183 4149 5841 3249 720 2700 864 4545 4023 2277 6075 5301 3438 4797 1908 2466 1944 2124 3375 6525 
