25 50 125
80 80 80 80 80 80 80 80 80 80 80 80 80 80 80 80 80 80 80 80 80 80 80 80 80 
18 18 10 21 14 7 11 14 11 7 20 9 12 22 10 26 25 15 24 19 21 9 7 14 11 7 15 22 14 9 17 10 10 23 9 22 8 25 14 16 26 22 11 6 8 25 23 26 9 21 21 24 13 11 7 7 25 21 13 21 22 10 13 12 20 21 12 7 9 25 12 23 13 26 14 23 10 26 11 8 11 26 25 22 14 14 15 9 18 26 9 10 21 18 17 8 17 14 25 16 24 8 24 8 18 27 24 17 14 20 17 16 12 10 15 10 22 9 10 11 13 23 16 17 27 
200 355 458 464 436 423 142 801 487 196 549 81 338 538 148 348 715 280 199 193 200 356 546 236 448 441 101 310 614 542 570 512 640 711 550 465 242 356 256 62 391 386 150 343 372 128 288 373 560 663 
474 423 320 66 216 100 441 531 332 266 151 487 380 207 496 465 453 341 502 318 541 234 438 252 475 579 527 153 275 327 286 458 255 268 274 377 343 145 289 518 314 543 432 503 171 511 239 105 500 288 
579 550 454 76 146 101 537 640 465 329 257 533 347 328 590 432 568 331 605 349 560 208 572 355 607 707 573 220 384 456 408 592 128 195 152 511 347 168 404 586 447 668 530 476 161 600 251 228 634 379 
678 520 347 470 626 514 684 177 324 620 263 828 792 237 732 875 160 746 708 698 913 647 355 536 491 622 864 536 158 258 204 412 559 452 652 380 740 554 519 817 410 621 671 911 585 761 641 430 414 126 
576 402 246 502 653 536 594 101 217 582 295 769 789 230 637 866 15 734 604 668 866 655 212 480 356 482 801 522 169 159 155 270 638 555 704 259 720 558 445 739 314 489 581 897 596 669 632 414 264 197 
663 550 386 289 436 340 647 397 378 512 154 734 625 207 701 711 349 593 693 572 795 478 460 466 561 689 773 404 192 329 255 505 333 224 440 441 596 397 477 751 425 670 636 752 417 724 493 321 529 141 
175 221 394 659 708 641 237 681 413 455 619 438 679 564 214 704 612 613 165 511 554 643 394 381 249 140 440 527 610 478 544 337 863 882 819 354 576 594 330 340 345 116 237 704 628 237 575 512 360 674 
299 280 247 209 278 191 265 555 271 131 251 343 347 252 319 417 469 286 326 214 423 238 369 76 353 434 380 92 331 302 303 366 412 444 379 289 268 157 121 354 206 390 255 445 198 336 191 77 415 373 
204 366 474 486 456 445 149 818 504 218 570 78 351 559 147 356 732 295 200 212 196 375 560 257 458 445 90 332 634 560 590 525 661 733 569 480 258 377 274 42 407 391 159 349 392 123 308 395 571 684 
518 442 313 121 277 167 491 477 319 333 94 555 451 166 546 537 404 414 547 390 613 304 422 303 481 595 595 223 220 299 246 451 262 235 315 372 416 218 329 580 323 564 481 576 242 564 312 151 488 222 
181 239 413 672 718 653 242 701 433 463 636 436 683 582 214 706 632 617 168 516 550 651 414 393 269 159 436 538 629 498 563 357 876 897 829 374 580 604 343 336 363 136 242 704 638 235 582 526 380 692 
124 235 330 402 417 371 68 674 360 158 445 202 381 424 119 417 589 314 142 212 316 346 419 131 329 344 229 251 496 416 449 388 596 645 531 338 279 312 132 165 263 290 64 424 340 131 277 281 436 549 
259 404 491 448 400 402 198 831 520 184 555 39 283 553 209 287 745 229 260 155 146 318 587 254 498 498 77 298 631 571 593 557 611 693 511 504 193 333 286 107 426 444 205 281 343 189 255 376 606 677 
461 491 457 166 80 114 407 727 478 180 358 352 172 402 453 257 645 142 481 168 370 25 581 261 569 640 391 125 476 495 474 583 289 385 194 503 157 71 324 419 423 592 403 298 37 455 68 219 631 495 
261 390 465 407 363 362 198 803 494 145 518 76 258 519 218 273 716 200 266 118 166 281 566 222 484 496 116 258 597 543 561 539 572 653 475 482 162 293 261 137 402 441 202 274 304 204 216 338 588 641 
428 494 493 258 160 206 368 790 518 154 436 270 100 469 407 177 705 48 443 97 275 80 615 264 580 633 306 168 547 546 535 607 378 481 266 533 62 147 328 349 448 581 367 212 129 402 58 275 657 573 
344 178 21 402 526 416 361 328 18 383 262 545 616 189 404 683 245 553 372 471 650 501 103 269 166 296 575 355 217 84 150 121 589 557 608 47 531 410 222 508 83 285 348 707 452 435 460 265 161 281 
73 160 331 557 601 537 136 648 354 348 534 351 575 486 128 605 572 509 74 407 470 536 362 276 226 173 360 421 541 420 478 310 760 785 713 303 473 487 229 263 271 121 133 608 521 158 468 413 346 603 
453 383 267 122 269 152 426 478 278 277 107 498 422 153 481 505 399 377 482 341 563 279 384 238 428 538 538 173 224 271 230 406 303 295 330 326 374 184 264 519 269 504 416 542 217 500 273 88 447 244 
728 707 606 232 219 246 682 757 616 463 389 647 405 466 733 481 693 415 753 463 650 301 721 507 763 864 685 364 510 600 545 745 41 175 125 664 441 302 558 713 603 824 676 526 279 740 363 385 786 490 
345 193 25 360 485 374 354 342 38 353 225 526 581 156 401 650 256 519 374 440 627 463 144 242 199 326 558 318 196 83 132 163 547 517 566 84 499 371 203 497 76 308 342 676 412 431 424 224 203 259 
201 85 240 560 640 553 254 518 255 414 481 477 658 417 267 702 448 590 216 490 596 588 230 310 86 71 493 452 454 318 387 174 762 760 743 193 558 519 247 401 203 48 246 712 558 300 526 407 202 519 
100 250 418 605 629 579 142 739 442 369 607 314 572 566 100 590 663 509 72 411 428 557 453 323 316 246 313 459 624 508 564 402 804 842 743 393 472 522 288 214 356 201 148 585 552 114 487 470 436 685 
126 177 352 605 654 587 189 653 373 402 570 399 629 517 173 658 581 563 121 461 516 589 365 327 222 139 405 472 566 439 502 310 808 829 765 317 527 539 275 306 298 96 187 659 574 201 521 458 340 630 
589 507 366 161 309 213 563 479 368 401 120 623 497 199 618 584 415 467 618 453 676 350 467 375 539 657 663 289 232 338 274 501 237 176 321 426 473 273 400 651 385 629 553 625 290 637 369 224 535 213 
2800 4970 6412 6496 6104 5922 1988 11214 6818 2744 7686 1134 4732 7532 2072 4872 10010 3920 2786 2702 2800 4984 7644 3304 6272 6174 1414 4340 8596 7588 7980 7168 8960 9954 7700 6510 3388 4984 3584 868 5474 5404 2100 4802 5208 1792 4032 5222 7840 9282 
6162 5499 4160 858 2808 1300 5733 6903 4316 3458 1963 6331 4940 2691 6448 6045 5889 4433 6526 4134 7033 3042 5694 3276 6175 7527 6851 1989 3575 4251 3718 5954 3315 3484 3562 4901 4459 1885 3757 6734 4082 7059 5616 6539 2223 6643 3107 1365 6500 3744 
6369 6050 4994 836 1606 1111 5907 7040 5115 3619 2827 5863 3817 3608 6490 4752 6248 3641 6655 3839 6160 2288 6292 3905 6677 7777 6303 2420 4224 5016 4488 6512 1408 2145 1672 5621 3817 1848 4444 6446 4917 7348 5830 5236 1771 6600 2761 2508 6974 4169 
6780 5200 3470 4700 6260 5140 6840 1770 3240 6200 2630 8280 7920 2370 7320 8750 1600 7460 7080 6980 9130 6470 3550 5360 4910 6220 8640 5360 1580 2580 2040 4120 5590 4520 6520 3800 7400 5540 5190 8170 4100 6210 6710 9110 5850 7610 6410 4300 4140 1260 
7488 5226 3198 6526 8489 6968 7722 1313 2821 7566 3835 9997 10257 2990 8281 11258 195 9542 7852 8684 11258 8515 2756 6240 4628 6266 10413 6786 2197 2067 2015 3510 8294 7215 9152 3367 9360 7254 5785 9607 4082 6357 7553 11661 7748 8697 8216 5382 3432 2561 
6630 5500 3860 2890 4360 3400 6470 3970 3780 5120 1540 7340 6250 2070 7010 7110 3490 5930 6930 5720 7950 4780 4600 4660 5610 6890 7730 4040 1920 3290 2550 5050 3330 2240 4400 4410 5960 3970 4770 7510 4250 6700 6360 7520 4170 7240 4930 3210 5290 1410 
2625 3315 5910 9885 10620 9615 3555 10215 6195 6825 9285 6570 10185 8460 3210 10560 9180 9195 2475 7665 8310 9645 5910 5715 3735 2100 6600 7905 9150 7170 8160 5055 12945 13230 12285 5310 8640 8910 4950 5100 5175 1740 3555 10560 9420 3555 8625 7680 5400 10110 
3588 3360 2964 2508 3336 2292 3180 6660 3252 1572 3012 4116 4164 3024 3828 5004 5628 3432 3912 2568 5076 2856 4428 912 4236 5208 4560 1104 3972 3624 3636 4392 4944 5328 4548 3468 3216 1884 1452 4248 2472 4680 3060 5340 2376 4032 2292 924 4980 4476 
2652 4758 6162 6318 5928 5785 1937 10634 6552 2834 7410 1014 4563 7267 1911 4628 9516 3835 2600 2756 2548 4875 7280 3341 5954 5785 1170 4316 8242 7280 7670 6825 8593 9529 7397 6240 3354 4901 3562 546 5291 5083 2067 4537 5096 1599 4004 5135 7423 8892 
7770 6630 4695 1815 4155 2505 7365 7155 4785 4995 1410 8325 6765 2490 8190 8055 6060 6210 8205 5850 9195 4560 6330 4545 7215 8925 8925 3345 3300 4485 3690 6765 3930 3525 4725 5580 6240 3270 4935 8700 4845 8460 7215 8640 3630 8460 4680 2265 7320 3330 
1991 2629 4543 7392 7898 7183 2662 7711 4763 5093 6996 4796 7513 6402 2354 7766 6952 6787 1848 5676 6050 7161 4554 4323 2959 1749 4796 5918 6919 5478 6193 3927 9636 9867 9119 4114 6380 6644 3773 3696 3993 1496 2662 7744 7018 2585 6402 5786 4180 7612 
1860 3525 4950 6030 6255 5565 1020 10110 5400 2370 6675 3030 5715 6360 1785 6255 8835 4710 2130 3180 4740 5190 6285 1965 4935 5160 3435 3765 7440 6240 6735 5820 8940 9675 7965 5070 4185 4680 1980 2475 3945 4350 960 6360 5100 1965 4155 4215 6540 8235 
2590 4040 4910 4480 4000 4020 1980 8310 5200 1840 5550 390 2830 5530 2090 2870 7450 2290 2600 1550 1460 3180 5870 2540 4980 4980 770 2980 6310 5710 5930 5570 6110 6930 5110 5040 1930 3330 2860 1070 4260 4440 2050 2810 3430 1890 2550 3760 6060 6770 
6915 7365 6855 2490 1200 1710 6105 10905 7170 2700 5370 5280 2580 6030 6795 3855 9675 2130 7215 2520 5550 375 8715 3915 8535 9600 5865 1875 7140 7425 7110 8745 4335 5775 2910 7545 2355 1065 4860 6285 6345 8880 6045 4470 555 6825 1020 3285 9465 7425 
2610 3900 4650 4070 3630 3620 1980 8030 4940 1450 5180 760 2580 5190 2180 2730 7160 2000 2660 1180 1660 2810 5660 2220 4840 4960 1160 2580 5970 5430 5610 5390 5720 6530 4750 4820 1620 2930 2610 1370 4020 4410 2020 2740 3040 2040 2160 3380 5880 6410 
4280 4940 4930 2580 1600 2060 3680 7900 5180 1540 4360 2700 1000 4690 4070 1770 7050 480 4430 970 2750 800 6150 2640 5800 6330 3060 1680 5470 5460 5350 6070 3780 4810 2660 5330 620 1470 3280 3490 4480 5810 3670 2120 1290 4020 580 2750 6570 5730 
3440 1780 210 4020 5260 4160 3610 3280 180 3830 2620 5450 6160 1890 4040 6830 2450 5530 3720 4710 6500 5010 1030 2690 1660 2960 5750 3550 2170 840 1500 1210 5890 5570 6080 470 5310 4100 2220 5080 830 2850 3480 7070 4520 4350 4600 2650 1610 2810 
803 1760 3641 6127 6611 5907 1496 7128 3894 3828 5874 3861 6325 5346 1408 6655 6292 5599 814 4477 5170 5896 3982 3036 2486 1903 3960 4631 5951 4620 5258 3410 8360 8635 7843 3333 5203 5357 2519 2893 2981 1331 1463 6688 5731 1738 5148 4543 3806 6633 
4983 4213 2937 1342 2959 1672 4686 5258 3058 3047 1177 5478 4642 1683 5291 5555 4389 4147 5302 3751 6193 3069 4224 2618 4708 5918 5918 1903 2464 2981 2530 4466 3333 3245 3630 3586 4114 2024 2904 5709 2959 5544 4576 5962 2387 5500 3003 968 4917 2684 
8736 8484 7272 2784 2628 2952 8184 9084 7392 5556 4668 7764 4860 5592 8796 5772 8316 4980 9036 5556 7800 3612 8652 6084 9156 10368 8220 4368 6120 7200 6540 8940 492 2100 1500 7968 5292 3624 6696 8556 7236 9888 8112 6312 3348 8880 4356 4620 9432 5880 
3450 1930 250 3600 4850 3740 3540 3420 380 3530 2250 5260 5810 1560 4010 6500 2560 5190 3740 4400 6270 4630 1440 2420 1990 3260 5580 3180 1960 830 1320 1630 5470 5170 5660 840 4990 3710 2030 4970 760 3080 3420 6760 4120 4310 4240 2240 2030 2590 
2412 1020 2880 6720 7680 6636 3048 6216 3060 4968 5772 5724 7896 5004 3204 8424 5376 7080 2592 5880 7152 7056 2760 3720 1032 852 5916 5424 5448 3816 4644 2088 9144 9120 8916 2316 6696 6228 2964 4812 2436 576 2952 8544 6696 3600 6312 4884 2424 6228 
1100 2750 4598 6655 6919 6369 1562 8129 4862 4059 6677 3454 6292 6226 1100 6490 7293 5599 792 4521 4708 6127 4983 3553 3476 2706 3443 5049 6864 5588 6204 4422 8844 9262 8173 4323 5192 5742 3168 2354 3916 2211 1628 6435 6072 1254 5357 5170 4796 7535 
1890 2655 5280 9075 9810 8805 2835 9795 5595 6030 8550 5985 9435 7755 2595 9870 8715 8445 1815 6915 7740 8835 5475 4905 3330 2085 6075 7080 8490 6585 7530 4650 12120 12435 11475 4755 7905 8085 4125 4590 4470 1440 2805 9885 8610 3015 7815 6870 5100 9450 
8246 7098 5124 2254 4326 2982 7882 6706 5152 5614 1680 8722 6958 2786 8652 8176 5810 6538 8652 6342 9464 4900 6538 5250 7546 9198 9282 4046 3248 4732 3836 7014 3318 2464 4494 5964 6622 3822 5600 9114 5390 8806 7742 8750 4060 8918 5166 3136 7490 2982 
329 403 105 624 147 581 436 245 617 221 558 328 562 521 409 423 179 612 165 115 400 313 588 197 265 508 406 563 480 328 267 149 576 472 332 294 335 243 109 481 459 191 92 409 421 539 297 472 408 194 423 676 132 422 530 574 108 372 256 519 264 475 685 206 314 327 428 144 629 618 87 715 457 336 363 518 389 189 614 546 381 173 446 435 451 557 164 190 639 696 426 246 247 575 496 792 703 367 466 334 539 224 554 74 303 472 102 408 687 594 193 89 191 598 624 324 666 520 519 588 510 675 623 396 459 
280 414 254 643 199 401 263 173 576 356 568 147 382 402 453 416 19 614 97 289 465 207 449 114 366 541 510 415 601 398 194 127 486 290 162 456 382 146 265 310 575 366 263 405 285 492 411 437 393 252 247 506 229 406 349 572 76 372 93 349 254 564 685 243 390 202 362 326 633 503 268 664 327 483 328 653 304 252 532 366 278 185 381 253 392 382 194 338 652 522 338 96 367 589 511 740 629 195 487 176 386 331 379 198 332 603 221 225 570 443 205 112 299 641 659 163 676 398 444 428 351 547 460 244 534 
214 374 421 583 374 262 109 321 465 441 507 154 243 240 437 359 166 541 175 448 467 108 276 151 419 503 545 240 646 416 152 205 340 184 32 558 382 122 382 149 616 489 393 351 119 385 468 348 331 303 104 342 403 342 219 498 242 330 82 187 244 579 605 280 415 77 254 469 560 339 421 540 163 565 262 709 190 307 390 233 148 357 271 147 286 228 367 437 586 364 211 87 435 529 461 612 489 48 444 2 211 396 225 368 328 658 327 161 404 268 242 283 373 604 614 12 605 235 315 255 178 375 289 69 537 
194 136 610 213 630 552 439 647 111 418 144 533 540 250 200 97 455 162 389 599 253 283 337 362 343 183 363 365 453 270 279 378 178 539 415 521 226 328 460 438 423 530 491 110 302 47 371 37 100 323 453 531 634 88 538 121 490 143 414 454 243 342 222 303 286 308 129 565 180 271 562 210 281 480 148 525 192 330 173 544 236 637 115 511 98 500 638 447 211 570 179 395 382 165 131 286 224 421 141 380 377 362 494 577 221 483 419 540 315 388 314 526 372 263 258 390 226 260 120 430 392 347 462 355 290 
293 143 634 86 679 700 577 724 195 387 28 645 687 405 136 146 538 83 462 608 173 397 493 443 309 47 265 521 334 227 373 441 330 675 536 464 205 422 463 582 308 504 497 155 443 193 316 174 174 345 588 687 672 163 682 68 553 185 517 602 303 218 152 337 246 428 267 557 97 424 573 276 429 407 243 403 323 350 315 689 368 694 259 644 242 649 691 423 99 725 321 496 347 36 45 335 332 548 73 503 530 342 643 613 237 369 438 666 462 544 364 581 365 107 109 510 127 415 276 585 542 499 617 490 173 
191 90 584 188 612 583 462 640 148 376 113 541 570 290 148 59 449 147 377 568 202 290 381 354 299 136 311 405 401 223 276 362 228 560 427 475 182 326 426 466 371 490 459 73 327 98 323 57 76 292 474 572 612 62 565 104 476 110 416 486 223 290 217 276 240 318 151 529 166 320 531 247 312 432 141 473 209 299 225 573 254 621 142 531 125 532 621 406 191 610 204 396 339 135 83 321 272 437 90 393 414 321 526 554 185 431 389 555 367 429 292 509 335 224 224 401 211 300 166 469 425 397 502 376 238 
302 355 147 570 209 604 455 306 578 158 506 367 585 510 354 378 211 562 172 132 340 307 584 199 203 453 343 565 417 270 254 145 553 502 351 240 280 241 48 497 396 147 46 364 420 502 234 434 367 145 444 689 190 380 555 525 152 327 277 535 229 412 635 163 254 326 401 123 579 604 96 677 452 276 329 457 370 139 587 571 370 237 418 464 421 576 228 129 586 712 407 263 184 522 444 754 672 386 414 348 543 161 572 132 254 410 48 443 672 596 161 145 129 540 567 340 613 511 493 596 518 666 632 404 398 
507 652 742 806 669 88 234 566 623 782 739 368 107 346 727 621 489 750 518 778 769 421 272 495 752 763 862 231 965 732 479 549 448 209 338 900 691 463 726 197 934 833 735 620 321 569 799 573 594 641 245 92 708 600 142 713 565 613 412 162 565 881 794 615 736 389 484 808 766 372 755 650 322 903 540 1033 441 646 491 126 403 640 489 240 506 115 654 780 801 66 431 426 773 759 713 698 564 303 708 343 217 734 120 687 641 982 671 283 391 216 581 601 713 855 852 350 810 335 479 165 209 334 142 301 833 
236 396 446 600 394 233 80 332 474 470 525 152 214 235 460 378 189 556 204 474 493 131 261 180 448 523 572 222 673 442 178 234 340 158 36 587 408 151 411 120 643 518 422 372 115 395 496 363 350 332 76 315 425 360 190 513 266 352 105 159 270 605 618 308 442 97 267 497 575 331 448 545 157 594 282 737 204 336 391 204 160 375 282 123 299 200 386 467 603 336 221 114 464 547 480 615 489 25 465 29 191 425 196 392 354 686 356 143 394 249 271 306 402 624 632 36 620 228 321 232 155 362 265 57 562 
183 137 374 343 426 614 464 490 376 150 280 463 596 405 127 171 323 337 244 349 125 264 495 240 80 226 183 497 284 57 210 214 402 546 384 260 53 244 205 490 253 262 238 158 366 311 121 242 171 93 465 653 415 181 577 303 315 127 335 523 119 225 409 98 53 298 254 303 353 477 314 475 378 235 172 349 260 96 422 590 288 445 264 508 259 571 440 178 359 686 288 313 117 296 219 549 490 410 188 361 489 94 565 356 53 298 180 511 539 528 136 335 108 316 342 361 387 410 334 548 480 551 586 384 193 
201 293 612 422 594 348 260 566 248 512 356 402 338 38 371 256 387 366 351 620 421 200 130 317 455 388 527 154 627 406 242 360 91 358 280 631 359 271 508 245 595 603 532 259 134 186 496 194 233 378 280 320 613 234 342 329 449 266 316 254 280 527 414 350 416 200 123 613 382 110 586 302 94 610 203 698 125 385 142 346 129 587 119 339 132 296 593 528 417 358 89 306 487 376 335 368 240 270 336 248 167 455 290 565 322 651 454 380 178 177 336 491 449 474 469 261 427 48 95 219 189 177 250 193 476 
395 346 317 495 414 790 637 526 584 87 454 581 771 621 298 386 423 511 363 266 254 452 709 379 141 382 185 704 218 213 393 329 624 701 540 39 256 406 174 672 207 114 190 374 564 528 113 461 391 229 632 851 381 399 746 487 374 347 473 708 318 263 576 256 196 482 475 189 524 698 245 681 585 57 393 242 474 224 643 761 494 448 486 662 482 753 436 96 516 880 505 454 106 462 400 751 706 573 370 527 692 140 749 334 275 201 213 650 761 736 288 368 155 435 470 523 544 625 556 749 676 771 787 569 276 
387 238 577 234 650 829 687 731 398 296 229 707 813 565 162 273 569 274 491 536 126 488 659 485 237 159 109 676 136 189 443 460 514 777 620 322 212 484 402 705 115 399 432 271 569 381 212 338 297 336 693 842 630 294 800 271 556 276 578 733 352 31 320 344 198 522 410 468 279 606 506 478 568 254 350 201 448 337 508 810 488 676 409 742 396 781 668 334 257 878 460 556 260 225 207 532 535 642 195 593 678 279 776 574 267 172 403 750 652 703 383 571 312 155 192 595 282 574 451 736 680 682 772 602 57 
200 328 570 485 541 279 181 500 323 507 416 327 267 60 405 296 330 433 307 585 450 158 119 274 459 437 550 114 653 423 211 323 169 279 208 628 378 227 485 169 621 587 506 295 60 255 504 248 269 367 201 276 564 274 268 393 399 293 253 182 273 561 485 339 430 146 158 587 450 160 553 381 17 616 221 723 123 373 221 272 99 530 164 260 180 227 537 517 483 311 106 247 488 437 387 447 317 194 382 178 111 452 221 520 333 673 430 301 226 144 316 441 440 530 529 191 495 55 168 170 119 205 206 117 511 
357 405 104 616 189 644 497 304 632 178 554 394 625 563 399 431 244 610 218 78 380 359 635 247 238 498 369 615 433 311 307 195 608 537 393 233 327 291 71 540 415 127 40 416 470 556 261 487 420 197 485 734 159 433 594 575 174 380 317 579 284 443 683 217 294 376 456 78 627 658 41 731 504 282 384 466 424 191 642 610 423 222 473 500 476 618 210 142 632 756 461 305 212 569 493 807 727 428 461 392 593 197 615 109 305 423 101 474 726 646 216 154 169 581 610 383 660 564 548 644 565 719 679 451 433 
461 319 593 309 677 904 759 770 483 314 313 766 887 649 242 356 621 354 544 547 198 559 742 543 273 245 128 758 78 247 510 511 600 846 686 306 280 547 425 780 80 400 452 353 646 467 235 423 379 385 763 923 652 377 872 355 598 354 638 809 418 86 394 398 250 593 492 474 357 692 521 560 647 236 427 126 526 384 595 884 564 706 492 809 479 857 697 349 331 959 541 616 285 307 294 611 620 710 281 661 758 313 852 598 334 113 437 814 738 785 438 608 347 225 260 662 355 657 536 817 758 768 853 676 136 
421 568 666 730 598 48 151 504 555 695 661 302 52 273 642 538 410 676 434 699 684 334 213 410 665 682 776 165 879 645 392 464 383 151 256 814 605 376 641 110 847 748 652 537 236 495 712 494 511 554 164 103 636 517 86 637 487 529 331 75 478 796 723 528 649 302 402 726 692 316 675 591 240 816 455 946 357 559 429 74 317 572 409 173 426 30 586 695 726 110 349 343 686 682 632 645 510 220 626 259 143 647 34 611 554 895 586 223 348 159 494 524 627 776 775 266 737 262 405 105 126 294 101 214 748 
329 191 513 253 584 772 627 663 384 235 226 641 755 520 113 230 502 279 423 475 66 427 614 419 172 151 68 627 146 121 380 392 480 715 557 279 149 419 338 647 116 344 369 225 514 353 152 301 251 268 632 792 565 250 740 266 488 223 512 677 288 47 337 276 130 462 362 410 288 569 444 472 516 216 295 218 394 269 480 752 432 609 364 679 352 725 601 274 274 827 410 490 197 228 187 533 519 580 166 530 627 213 720 508 203 176 336 686 620 656 316 503 246 188 223 532 302 528 414 686 626 646 722 544 29 
358 426 77 644 138 607 464 250 644 225 579 349 588 551 428 447 205 634 195 85 416 343 618 227 277 528 414 593 483 345 297 179 606 497 359 286 355 273 113 509 464 180 89 433 451 566 305 498 434 216 450 704 115 447 556 597 131 396 284 547 291 486 707 230 329 357 456 123 652 648 60 742 487 334 390 518 418 210 643 572 411 170 474 460 479 584 159 192 659 724 456 275 256 596 518 819 731 394 487 363 569 236 581 59 325 474 121 431 717 624 220 104 204 615 642 353 687 550 548 617 539 706 652 426 473 
263 168 415 319 483 700 551 561 400 145 271 548 683 477 113 209 404 328 327 380 74 351 570 325 72 202 94 576 196 39 298 294 459 634 472 223 85 332 239 576 165 261 271 199 449 350 72 286 220 168 553 735 465 225 665 303 387 180 422 608 207 144 396 181 34 385 321 320 342 541 347 497 459 177 243 263 338 169 471 677 370 507 328 597 320 656 500 183 338 768 361 400 105 281 215 566 527 498 185 449 570 113 651 407 129 212 234 599 599 606 221 401 145 272 303 449 366 484 390 630 564 617 667 471 123 
475 390 431 485 530 892 739 645 612 195 461 695 873 696 324 431 538 514 474 377 271 547 788 486 217 386 167 789 137 261 488 439 682 809 647 114 308 509 293 771 143 224 308 422 655 570 171 508 444 328 736 943 495 448 851 500 492 403 583 806 405 228 570 352 249 578 542 299 523 764 359 705 670 67 462 132 553 324 693 864 579 566 550 771 543 853 553 213 507 974 580 563 195 464 418 767 744 678 392 630 780 234 848 451 343 106 329 761 822 820 389 487 259 411 448 627 534 702 614 839 769 839 877 666 262 
265 105 561 157 613 698 563 669 260 307 109 610 683 422 60 132 489 166 411 533 91 371 514 397 229 39 188 534 267 149 337 386 366 658 509 382 135 384 388 576 238 424 422 133 437 234 234 191 159 279 572 701 603 153 673 145 495 150 480 600 255 153 232 275 167 404 269 479 178 459 498 350 431 326 221 338 314 283 362 683 357 631 266 625 252 649 627 344 175 738 322 458 266 117 64 412 396 526 48 478 539 265 643 544 177 299 368 640 505 560 307 520 290 132 154 483 204 431 304 596 544 535 631 477 102 
338 498 456 706 381 199 98 287 579 537 631 83 180 326 560 483 209 663 258 495 588 233 330 246 527 627 660 282 759 533 271 293 438 83 95 648 502 232 461 141 729 566 465 476 214 501 575 469 455 408 75 320 420 466 145 620 282 454 149 172 362 698 725 388 531 201 374 532 681 415 474 646 252 665 386 819 311 411 489 162 267 353 389 47 405 190 367 527 709 329 327 169 538 653 585 715 586 82 569 126 247 500 189 401 448 768 411 37 472 301 348 315 472 729 738 120 727 318 425 266 205 432 290 154 658 
116 189 328 418 352 506 354 392 393 206 346 346 488 337 221 202 213 397 134 321 235 160 421 124 171 311 298 413 398 173 102 109 367 432 269 327 151 128 194 384 368 287 221 188 272 315 219 247 185 64 353 559 352 198 467 357 221 152 218 419 40 341 470 36 169 192 213 301 416 425 285 491 294 322 140 460 190 70 399 480 203 363 229 394 232 466 362 215 430 589 226 196 192 366 287 568 483 297 259 248 399 153 461 295 100 409 143 395 492 444 32 250 138 410 430 247 455 340 304 457 384 492 494 279 305 
342 489 318 714 237 343 227 150 626 450 639 65 324 416 535 486 108 681 184 362 551 251 444 192 459 619 602 402 694 486 258 217 514 223 148 549 467 208 356 275 668 455 353 475 294 543 504 495 460 343 206 463 277 473 289 638 159 445 118 310 333 654 750 331 479 232 410 410 700 514 347 707 338 577 392 747 348 344 563 305 312 209 428 191 442 334 223 432 722 473 376 137 461 660 585 781 662 171 562 177 369 425 333 264 415 697 315 151 578 427 292 183 393 720 736 163 744 410 483 400 330 546 427 240 621 
436 566 246 796 141 463 358 18 732 457 722 186 446 542 598 571 175 769 248 301 603 360 575 270 488 690 633 534 714 533 351 270 635 341 278 533 524 303 348 406 691 428 332 559 421 648 526 594 548 385 337 589 187 562 409 727 163 525 232 440 406 695 841 382 523 349 517 366 788 642 298 819 465 576 484 757 458 384 682 425 428 102 536 314 548 460 119 429 806 597 490 244 478 742 664 894 780 303 638 304 501 448 459 201 478 710 324 267 707 558 349 154 414 789 809 290 830 537 597 531 462 677 558 370 670 
432 386 316 531 418 820 667 536 623 121 492 603 801 659 337 426 446 549 390 262 292 486 746 407 181 420 217 740 234 253 427 356 664 729 569 1 296 437 191 703 228 109 201 414 599 568 152 501 431 263 661 885 381 439 775 526 392 387 500 740 355 292 613 291 236 515 514 184 561 737 245 721 621 71 432 246 511 258 683 790 530 454 526 690 521 785 440 121 552 913 543 482 145 500 439 790 746 602 409 557 727 177 781 339 314 211 237 675 800 772 321 382 189 469 504 552 580 663 596 784 710 809 822 601 310 
121 44 464 273 497 561 421 536 264 265 200 464 545 312 105 60 350 251 274 448 147 225 405 256 193 173 249 415 350 129 191 254 293 514 363 373 82 238 307 437 318 375 339 46 301 197 226 127 57 173 428 579 495 66 533 211 367 13 334 465 115 259 324 157 142 259 154 411 269 373 412 364 302 340 82 421 181 179 308 543 220 510 160 480 152 513 508 292 284 614 198 312 231 220 142 439 375 381 117 332 414 208 508 437 66 373 270 494 432 444 178 397 217 275 290 337 309 319 224 473 413 449 509 336 210 
279 405 628 548 588 225 172 532 371 584 482 342 216 89 482 371 379 493 368 648 528 226 61 336 538 509 629 34 731 502 283 388 200 257 236 705 457 291 556 140 699 659 575 372 112 312 583 317 345 442 195 199 616 349 227 456 452 371 296 136 351 638 539 414 509 206 233 655 509 149 617 412 84 694 300 802 203 449 248 227 176 573 236 248 251 173 583 592 544 235 183 296 566 502 458 471 336 211 456 214 41 529 167 576 413 752 500 297 202 66 389 494 517 599 595 227 554 78 222 94 73 163 128 145 588 
259 415 512 603 459 185 46 392 457 522 529 200 168 195 485 391 255 555 265 539 522 163 203 239 492 538 609 160 711 478 219 293 308 146 100 641 440 203 470 63 680 577 483 387 91 384 540 363 363 381 63 251 491 371 153 513 331 372 171 99 308 635 612 355 480 130 265 559 573 283 512 519 123 643 299 777 208 386 359 164 163 440 278 122 295 144 451 521 603 275 214 178 512 551 491 586 455 71 479 90 127 474 140 458 387 726 415 163 342 185 321 372 453 636 641 100 619 186 301 166 89 305 199 43 589 
253 397 568 564 523 201 110 464 403 544 494 275 188 127 471 367 315 512 310 590 514 179 129 280 505 512 609 91 712 479 239 334 243 203 168 665 437 238 507 89 680 612 523 365 68 335 552 326 340 402 132 220 552 346 188 472 389 358 231 103 317 626 565 375 484 154 232 602 530 210 560 456 70 660 284 780 186 408 294 192 148 507 240 188 257 150 517 549 562 251 178 233 530 515 462 520 387 143 455 148 64 493 144 515 388 730 450 234 267 120 345 431 476 606 607 161 575 117 248 118 46 231 156 80 578 
343 501 404 717 325 255 151 228 604 508 641 25 237 366 556 490 169 677 230 446 580 240 379 224 506 631 643 333 740 520 267 265 473 135 106 614 494 222 424 197 712 527 425 481 248 524 553 485 462 387 128 378 365 474 201 634 236 456 128 229 354 688 742 369 516 212 393 488 696 459 427 677 289 636 393 797 329 389 524 217 287 296 409 104 425 248 310 495 722 387 350 150 513 663 591 748 622 112 573 141 299 475 248 349 439 747 377 64 519 355 329 265 446 733 744 130 741 359 453 322 258 482 347 188 650 
398 311 809 186 834 694 607 850 105 592 191 725 685 381 343 285 659 140 593 794 388 479 443 566 513 266 484 487 549 432 482 582 269 706 604 679 398 531 651 595 525 708 684 299 472 187 528 241 298 518 625 636 836 285 692 154 695 336 612 602 446 434 113 501 450 500 320 753 136 346 757 83 440 625 353 615 383 524 224 694 422 841 302 685 288 642 842 625 166 676 359 595 553 190 240 117 173 604 271 569 510 541 636 779 410 585 615 720 351 499 516 730 557 273 243 580 150 392 260 551 537 403 574 531 391 
414 380 847 319 854 613 553 848 143 665 304 696 608 317 433 343 660 265 606 841 484 470 354 575 589 376 589 404 665 513 490 603 204 648 574 765 472 533 705 531 638 777 736 357 429 206 613 276 346 567 574 535 864 335 621 262 709 390 599 530 479 549 253 545 530 482 319 811 267 251 804 58 389 719 379 734 373 573 152 620 402 854 300 633 292 563 858 694 301 573 340 586 628 309 337 77 57 566 363 540 432 609 557 809 468 699 661 675 234 408 550 748 619 404 378 553 289 327 233 462 466 290 479 489 502 
385 251 748 46 790 756 647 829 179 501 94 734 745 446 250 242 640 46 566 723 283 483 525 544 423 154 364 561 416 342 469 547 349 747 620 571 320 519 578 645 395 617 611 255 510 223 427 239 266 458 661 722 784 253 745 89 661 289 610 660 408 304 40 448 360 511 336 672 28 440 688 221 487 512 334 480 398 463 319 750 443 803 323 719 306 704 801 537 24 761 387 590 460 77 155 259 300 627 186 585 577 457 698 726 349 453 552 746 462 579 472 690 480 131 100 594 18 457 313 627 596 508 655 563 268 
263 421 396 635 336 262 120 269 524 454 560 95 243 297 479 409 140 595 176 430 505 159 324 162 442 551 575 284 674 449 190 210 399 161 28 567 419 149 383 168 645 489 389 401 176 443 491 404 381 324 105 363 370 393 212 552 217 376 66 206 279 615 661 303 447 131 311 460 614 394 406 599 219 581 312 735 247 327 449 228 206 315 328 123 344 239 327 446 640 379 270 85 454 581 511 671 548 54 493 61 252 415 236 341 365 683 331 117 457 310 264 255 389 653 664 49 660 291 374 288 214 426 319 120 576 
314 189 476 284 548 756 609 629 400 198 250 614 739 515 115 230 472 305 394 437 62 408 609 391 135 175 48 620 146 94 358 362 483 695 534 246 131 395 301 631 114 307 331 223 500 362 114 305 248 236 612 782 528 250 722 287 455 215 486 662 266 76 366 247 99 443 357 372 315 570 406 492 505 186 285 217 384 237 488 734 419 573 361 658 350 710 565 236 304 817 403 464 160 255 205 555 533 559 179 509 617 177 705 471 183 171 300 662 624 649 287 469 210 223 258 510 333 523 416 676 614 647 713 527 65 
175 25 527 206 564 602 469 604 217 308 133 525 587 328 84 35 417 184 341 508 137 280 421 322 231 113 248 439 341 153 253 321 284 565 419 406 113 302 365 480 310 423 397 38 341 164 254 106 62 235 478 606 560 57 578 145 434 64 396 504 182 236 257 222 170 312 173 466 202 373 472 316 334 363 127 414 218 241 288 587 261 577 172 532 158 552 575 339 216 642 225 375 270 153 75 388 341 434 55 387 442 255 546 502 125 369 332 550 424 466 246 464 270 215 227 393 242 337 217 500 448 449 535 382 185 
142 250 293 479 301 466 313 330 437 236 406 286 447 339 285 257 148 455 70 297 299 138 414 63 219 374 355 398 453 235 83 49 388 382 219 354 215 82 191 348 424 296 211 244 253 356 267 292 237 101 309 533 307 251 423 414 163 209 160 385 90 402 527 81 229 162 239 292 474 433 262 533 283 361 181 512 201 104 425 437 199 308 258 344 264 430 308 235 490 559 238 139 232 426 347 610 515 250 321 203 379 193 425 253 164 460 135 339 502 429 41 196 169 474 493 200 515 340 331 434 358 495 472 247 368 
402 395 217 573 318 753 602 439 634 111 523 520 734 625 363 430 364 581 319 163 328 436 707 341 190 456 281 695 322 271 378 288 648 654 500 100 305 378 111 642 310 10 109 416 551 569 186 499 428 224 593 830 282 438 706 552 303 384 428 679 323 358 650 252 253 461 494 85 595 712 146 734 578 160 413 343 478 218 673 721 489 355 508 616 506 722 341 79 592 855 513 412 151 534 465 806 747 534 434 493 678 164 718 240 306 304 166 596 778 727 272 289 157 522 555 486 621 628 581 733 656 780 770 544 364 
186 341 360 560 321 329 176 290 466 376 484 166 310 277 396 332 111 524 108 383 421 91 328 84 359 471 490 298 590 364 107 137 363 241 78 491 335 63 314 217 560 421 326 323 161 383 407 336 305 241 169 409 347 317 283 481 182 296 41 255 195 530 591 220 362 77 250 401 543 378 355 549 203 502 236 651 188 245 410 298 156 311 268 203 282 296 318 371 566 432 219 28 373 506 433 624 508 110 413 68 272 334 293 307 280 600 260 203 445 328 181 224 309 573 586 61 587 273 326 320 241 423 355 128 491 
397 520 202 749 106 476 358 63 695 402 677 196 458 522 548 527 139 725 204 254 552 330 563 229 434 642 579 525 660 481 313 222 608 355 266 480 474 267 293 406 637 375 278 514 402 612 472 554 505 334 337 596 150 519 421 684 112 480 209 442 361 641 797 332 470 323 483 315 744 622 247 785 446 522 444 702 426 331 654 438 400 76 502 324 513 467 90 375 760 606 460 217 423 697 618 861 751 296 591 288 494 394 466 153 429 655 270 282 689 551 300 100 360 739 761 275 785 517 566 529 456 662 558 356 618 
292 348 153 566 208 592 442 300 570 163 501 356 573 498 350 371 200 556 159 142 339 295 571 186 204 450 345 552 421 267 242 132 543 490 339 249 276 229 57 484 400 158 58 357 407 493 236 425 359 138 432 676 192 372 543 519 143 320 265 522 219 413 629 155 252 314 390 135 573 592 105 669 440 284 320 463 358 133 577 559 358 234 407 452 411 563 226 136 581 699 395 250 187 518 439 745 663 374 409 335 531 162 560 134 248 416 42 431 660 583 151 139 129 537 564 327 609 499 482 583 505 654 619 391 397 
490 355 589 355 677 933 786 776 527 314 357 783 916 685 277 393 635 399 560 540 230 585 778 561 284 288 142 792 57 270 534 526 640 870 709 289 307 569 426 808 76 389 451 389 676 509 241 463 415 400 788 957 649 414 899 399 607 387 658 838 442 122 439 416 271 619 527 464 402 731 516 605 680 220 460 82 558 399 636 911 595 708 529 833 516 887 698 347 376 991 575 636 289 352 336 656 664 734 322 685 791 321 881 598 360 82 443 835 779 820 456 613 354 270 305 686 400 693 576 850 790 808 887 703 174 
217 61 557 167 598 640 509 642 213 323 97 567 626 360 77 74 457 152 380 534 128 322 452 362 244 72 236 473 323 163 294 359 305 606 461 412 132 343 390 519 293 440 423 79 380 176 261 129 102 266 519 640 593 94 618 118 472 105 438 543 222 212 225 256 181 354 209 487 169 397 498 308 371 364 169 395 258 271 303 626 301 613 205 573 190 590 610 357 179 677 262 417 284 115 36 376 344 476 14 429 478 273 584 534 157 354 361 592 444 499 282 500 293 173 185 435 206 369 242 535 485 473 569 423 161 
377 412 118 616 214 677 529 334 643 165 557 428 657 588 399 440 277 614 248 75 377 385 662 276 232 498 356 643 414 309 332 223 628 571 425 204 330 319 72 572 398 96 40 426 498 570 249 500 432 209 517 765 180 444 627 580 208 390 350 610 301 431 686 232 292 404 474 45 630 681 45 743 531 258 400 443 446 203 660 643 448 249 491 533 493 650 236 127 633 787 483 337 202 572 496 818 743 460 465 423 621 194 647 135 313 401 118 508 749 674 236 188 169 577 607 415 662 589 566 673 595 744 709 481 426 
229 86 491 227 545 671 530 606 303 239 172 559 655 416 13 127 431 230 351 463 42 331 509 341 161 109 152 523 247 79 289 324 379 621 465 322 68 333 318 547 216 356 351 121 412 259 172 201 146 211 535 688 534 147 642 203 431 119 429 575 201 149 300 210 98 366 258 409 245 467 428 398 412 273 192 320 291 215 384 652 330 564 260 586 248 624 559 275 245 723 306 406 199 184 116 466 432 486 85 437 523 195 618 475 118 274 299 596 520 551 245 453 220 197 223 440 273 424 312 582 523 544 618 445 100 
43 138 475 339 484 455 320 495 256 334 264 387 440 210 212 116 303 300 238 472 255 137 302 210 275 262 355 309 457 229 127 231 217 416 275 452 183 176 344 332 425 432 372 110 195 173 316 115 87 207 329 471 491 98 429 257 341 98 264 358 111 367 368 182 237 167 63 451 319 284 436 349 194 430 25 527 73 214 247 439 114 487 78 384 81 407 489 353 344 506 93 244 308 285 217 426 333 287 203 242 306 277 401 437 142 478 295 405 348 338 179 378 274 362 370 249 364 216 153 365 305 356 402 233 318 
391 549 438 763 351 238 166 241 644 556 687 58 222 395 605 537 215 722 279 483 630 286 397 274 556 679 693 349 790 570 316 314 506 116 148 661 544 272 470 206 762 572 469 529 281 565 603 529 509 437 142 370 394 521 184 679 277 504 178 232 404 738 786 420 566 257 435 529 741 484 467 713 320 685 440 847 371 439 557 200 328 319 451 97 467 241 335 542 767 374 390 200 562 709 639 783 654 146 621 183 314 525 242 384 489 796 424 45 540 367 379 303 495 781 792 174 786 387 491 328 272 500 349 221 700 
321 430 690 549 652 255 232 596 357 631 487 405 252 100 508 393 442 491 428 708 557 282 7 396 580 524 662 50 762 538 337 446 183 309 300 752 492 350 611 194 730 712 631 396 172 312 624 331 370 491 255 191 679 371 269 457 514 401 360 181 397 664 530 463 547 266 258 712 506 107 676 384 136 737 334 834 242 498 224 266 224 637 256 305 270 207 647 642 542 230 215 359 610 506 471 436 300 275 473 278 85 575 202 638 451 786 555 355 146 51 441 556 565 607 599 291 548 93 224 104 126 101 125 209 613 
2303 2821 735 4368 1029 4067 3052 1715 4319 1547 3906 2296 3934 3647 2863 2961 1253 4284 1155 805 2800 2191 4116 1379 1855 3556 2842 3941 3360 2296 1869 1043 4032 3304 2324 2058 2345 1701 763 3367 3213 1337 644 2863 2947 3773 2079 3304 2856 1358 2961 4732 924 2954 3710 4018 756 2604 1792 3633 1848 3325 4795 1442 2198 2289 2996 1008 4403 4326 609 5005 3199 2352 2541 3626 2723 1323 4298 3822 2667 1211 3122 3045 3157 3899 1148 1330 4473 4872 2982 1722 1729 4025 3472 5544 4921 2569 3262 2338 3773 1568 3878 518 2121 3304 714 2856 4809 4158 1351 623 1337 4186 4368 2268 4662 3640 3633 4116 3570 4725 4361 2772 3213 
2800 4140 2540 6430 1990 4010 2630 1730 5760 3560 5680 1470 3820 4020 4530 4160 190 6140 970 2890 4650 2070 4490 1140 3660 5410 5100 4150 6010 3980 1940 1270 4860 2900 1620 4560 3820 1460 2650 3100 5750 3660 2630 4050 2850 4920 4110 4370 3930 2520 2470 5060 2290 4060 3490 5720 760 3720 930 3490 2540 5640 6850 2430 3900 2020 3620 3260 6330 5030 2680 6640 3270 4830 3280 6530 3040 2520 5320 3660 2780 1850 3810 2530 3920 3820 1940 3380 6520 5220 3380 960 3670 5890 5110 7400 6290 1950 4870 1760 3860 3310 3790 1980 3320 6030 2210 2250 5700 4430 2050 1120 2990 6410 6590 1630 6760 3980 4440 4280 3510 5470 4600 2440 5340 
2140 3740 4210 5830 3740 2620 1090 3210 4650 4410 5070 1540 2430 2400 4370 3590 1660 5410 1750 4480 4670 1080 2760 1510 4190 5030 5450 2400 6460 4160 1520 2050 3400 1840 320 5580 3820 1220 3820 1490 6160 4890 3930 3510 1190 3850 4680 3480 3310 3030 1040 3420 4030 3420 2190 4980 2420 3300 820 1870 2440 5790 6050 2800 4150 770 2540 4690 5600 3390 4210 5400 1630 5650 2620 7090 1900 3070 3900 2330 1480 3570 2710 1470 2860 2280 3670 4370 5860 3640 2110 870 4350 5290 4610 6120 4890 480 4440 20 2110 3960 2250 3680 3280 6580 3270 1610 4040 2680 2420 2830 3730 6040 6140 120 6050 2350 3150 2550 1780 3750 2890 690 5370 
1552 1088 4880 1704 5040 4416 3512 5176 888 3344 1152 4264 4320 2000 1600 776 3640 1296 3112 4792 2024 2264 2696 2896 2744 1464 2904 2920 3624 2160 2232 3024 1424 4312 3320 4168 1808 2624 3680 3504 3384 4240 3928 880 2416 376 2968 296 800 2584 3624 4248 5072 704 4304 968 3920 1144 3312 3632 1944 2736 1776 2424 2288 2464 1032 4520 1440 2168 4496 1680 2248 3840 1184 4200 1536 2640 1384 4352 1888 5096 920 4088 784 4000 5104 3576 1688 4560 1432 3160 3056 1320 1048 2288 1792 3368 1128 3040 3016 2896 3952 4616 1768 3864 3352 4320 2520 3104 2512 4208 2976 2104 2064 3120 1808 2080 960 3440 3136 2776 3696 2840 2320 
2930 1430 6340 860 6790 7000 5770 7240 1950 3870 280 6450 6870 4050 1360 1460 5380 830 4620 6080 1730 3970 4930 4430 3090 470 2650 5210 3340 2270 3730 4410 3300 6750 5360 4640 2050 4220 4630 5820 3080 5040 4970 1550 4430 1930 3160 1740 1740 3450 5880 6870 6720 1630 6820 680 5530 1850 5170 6020 3030 2180 1520 3370 2460 4280 2670 5570 970 4240 5730 2760 4290 4070 2430 4030 3230 3500 3150 6890 3680 6940 2590 6440 2420 6490 6910 4230 990 7250 3210 4960 3470 360 450 3350 3320 5480 730 5030 5300 3420 6430 6130 2370 3690 4380 6660 4620 5440 3640 5810 3650 1070 1090 5100 1270 4150 2760 5850 5420 4990 6170 4900 1730 
1910 900 5840 1880 6120 5830 4620 6400 1480 3760 1130 5410 5700 2900 1480 590 4490 1470 3770 5680 2020 2900 3810 3540 2990 1360 3110 4050 4010 2230 2760 3620 2280 5600 4270 4750 1820 3260 4260 4660 3710 4900 4590 730 3270 980 3230 570 760 2920 4740 5720 6120 620 5650 1040 4760 1100 4160 4860 2230 2900 2170 2760 2400 3180 1510 5290 1660 3200 5310 2470 3120 4320 1410 4730 2090 2990 2250 5730 2540 6210 1420 5310 1250 5320 6210 4060 1910 6100 2040 3960 3390 1350 830 3210 2720 4370 900 3930 4140 3210 5260 5540 1850 4310 3890 5550 3670 4290 2920 5090 3350 2240 2240 4010 2110 3000 1660 4690 4250 3970 5020 3760 2380 
1812 2130 882 3420 1254 3624 2730 1836 3468 948 3036 2202 3510 3060 2124 2268 1266 3372 1032 792 2040 1842 3504 1194 1218 2718 2058 3390 2502 1620 1524 870 3318 3012 2106 1440 1680 1446 288 2982 2376 882 276 2184 2520 3012 1404 2604 2202 870 2664 4134 1140 2280 3330 3150 912 1962 1662 3210 1374 2472 3810 978 1524 1956 2406 738 3474 3624 576 4062 2712 1656 1974 2742 2220 834 3522 3426 2220 1422 2508 2784 2526 3456 1368 774 3516 4272 2442 1578 1104 3132 2664 4524 4032 2316 2484 2088 3258 966 3432 792 1524 2460 288 2658 4032 3576 966 870 774 3240 3402 2040 3678 3066 2958 3576 3108 3996 3792 2424 2388 
4056 5216 5936 6448 5352 704 1872 4528 4984 6256 5912 2944 856 2768 5816 4968 3912 6000 4144 6224 6152 3368 2176 3960 6016 6104 6896 1848 7720 5856 3832 4392 3584 1672 2704 7200 5528 3704 5808 1576 7472 6664 5880 4960 2568 4552 6392 4584 4752 5128 1960 736 5664 4800 1136 5704 4520 4904 3296 1296 4520 7048 6352 4920 5888 3112 3872 6464 6128 2976 6040 5200 2576 7224 4320 8264 3528 5168 3928 1008 3224 5120 3912 1920 4048 920 5232 6240 6408 528 3448 3408 6184 6072 5704 5584 4512 2424 5664 2744 1736 5872 960 5496 5128 7856 5368 2264 3128 1728 4648 4808 5704 6840 6816 2800 6480 2680 3832 1320 1672 2672 1136 2408 6664 
2360 3960 4460 6000 3940 2330 800 3320 4740 4700 5250 1520 2140 2350 4600 3780 1890 5560 2040 4740 4930 1310 2610 1800 4480 5230 5720 2220 6730 4420 1780 2340 3400 1580 360 5870 4080 1510 4110 1200 6430 5180 4220 3720 1150 3950 4960 3630 3500 3320 760 3150 4250 3600 1900 5130 2660 3520 1050 1590 2700 6050 6180 3080 4420 970 2670 4970 5750 3310 4480 5450 1570 5940 2820 7370 2040 3360 3910 2040 1600 3750 2820 1230 2990 2000 3860 4670 6030 3360 2210 1140 4640 5470 4800 6150 4890 250 4650 290 1910 4250 1960 3920 3540 6860 3560 1430 3940 2490 2710 3060 4020 6240 6320 360 6200 2280 3210 2320 1550 3620 2650 570 5620 
1830 1370 3740 3430 4260 6140 4640 4900 3760 1500 2800 4630 5960 4050 1270 1710 3230 3370 2440 3490 1250 2640 4950 2400 800 2260 1830 4970 2840 570 2100 2140 4020 5460 3840 2600 530 2440 2050 4900 2530 2620 2380 1580 3660 3110 1210 2420 1710 930 4650 6530 4150 1810 5770 3030 3150 1270 3350 5230 1190 2250 4090 980 530 2980 2540 3030 3530 4770 3140 4750 3780 2350 1720 3490 2600 960 4220 5900 2880 4450 2640 5080 2590 5710 4400 1780 3590 6860 2880 3130 1170 2960 2190 5490 4900 4100 1880 3610 4890 940 5650 3560 530 2980 1800 5110 5390 5280 1360 3350 1080 3160 3420 3610 3870 4100 3340 5480 4800 5510 5860 3840 1930 
1206 1758 3672 2532 3564 2088 1560 3396 1488 3072 2136 2412 2028 228 2226 1536 2322 2196 2106 3720 2526 1200 780 1902 2730 2328 3162 924 3762 2436 1452 2160 546 2148 1680 3786 2154 1626 3048 1470 3570 3618 3192 1554 804 1116 2976 1164 1398 2268 1680 1920 3678 1404 2052 1974 2694 1596 1896 1524 1680 3162 2484 2100 2496 1200 738 3678 2292 660 3516 1812 564 3660 1218 4188 750 2310 852 2076 774 3522 714 2034 792 1776 3558 3168 2502 2148 534 1836 2922 2256 2010 2208 1440 1620 2016 1488 1002 2730 1740 3390 1932 3906 2724 2280 1068 1062 2016 2946 2694 2844 2814 1566 2562 288 570 1314 1134 1062 1500 1158 2856 
1975 1730 1585 2475 2070 3950 3185 2630 2920 435 2270 2905 3855 3105 1490 1930 2115 2555 1815 1330 1270 2260 3545 1895 705 1910 925 3520 1090 1065 1965 1645 3120 3505 2700 195 1280 2030 870 3360 1035 570 950 1870 2820 2640 565 2305 1955 1145 3160 4255 1905 1995 3730 2435 1870 1735 2365 3540 1590 1315 2880 1280 980 2410 2375 945 2620 3490 1225 3405 2925 285 1965 1210 2370 1120 3215 3805 2470 2240 2430 3310 2410 3765 2180 480 2580 4400 2525 2270 530 2310 2000 3755 3530 2865 1850 2635 3460 700 3745 1670 1375 1005 1065 3250 3805 3680 1440 1840 775 2175 2350 2615 2720 3125 2780 3745 3380 3855 3935 2845 1380 
3870 2380 5770 2340 6500 8290 6870 7310 3980 2960 2290 7070 8130 5650 1620 2730 5690 2740 4910 5360 1260 4880 6590 4850 2370 1590 1090 6760 1360 1890 4430 4600 5140 7770 6200 3220 2120 4840 4020 7050 1150 3990 4320 2710 5690 3810 2120 3380 2970 3360 6930 8420 6300 2940 8000 2710 5560 2760 5780 7330 3520 310 3200 3440 1980 5220 4100 4680 2790 6060 5060 4780 5680 2540 3500 2010 4480 3370 5080 8100 4880 6760 4090 7420 3960 7810 6680 3340 2570 8780 4600 5560 2600 2250 2070 5320 5350 6420 1950 5930 6780 2790 7760 5740 2670 1720 4030 7500 6520 7030 3830 5710 3120 1550 1920 5950 2820 5740 4510 7360 6800 6820 7720 6020 570 
2000 3280 5700 4850 5410 2790 1810 5000 3230 5070 4160 3270 2670 600 4050 2960 3300 4330 3070 5850 4500 1580 1190 2740 4590 4370 5500 1140 6530 4230 2110 3230 1690 2790 2080 6280 3780 2270 4850 1690 6210 5870 5060 2950 600 2550 5040 2480 2690 3670 2010 2760 5640 2740 2680 3930 3990 2930 2530 1820 2730 5610 4850 3390 4300 1460 1580 5870 4500 1600 5530 3810 170 6160 2210 7230 1230 3730 2210 2720 990 5300 1640 2600 1800 2270 5370 5170 4830 3110 1060 2470 4880 4370 3870 4470 3170 1940 3820 1780 1110 4520 2210 5200 3330 6730 4300 3010 2260 1440 3160 4410 4400 5300 5290 1910 4950 550 1680 1700 1190 2050 2060 1170 5110 
2142 2430 624 3696 1134 3864 2982 1824 3792 1068 3324 2364 3750 3378 2394 2586 1464 3660 1308 468 2280 2154 3810 1482 1428 2988 2214 3690 2598 1866 1842 1170 3648 3222 2358 1398 1962 1746 426 3240 2490 762 240 2496 2820 3336 1566 2922 2520 1182 2910 4404 954 2598 3564 3450 1044 2280 1902 3474 1704 2658 4098 1302 1764 2256 2736 468 3762 3948 246 4386 3024 1692 2304 2796 2544 1146 3852 3660 2538 1332 2838 3000 2856 3708 1260 852 3792 4536 2766 1830 1272 3414 2958 4842 4362 2568 2766 2352 3558 1182 3690 654 1830 2538 606 2844 4356 3876 1296 924 1014 3486 3660 2298 3960 3384 3288 3864 3390 4314 4074 2706 2598 
3227 2233 4151 2163 4739 6328 5313 5390 3381 2198 2191 5362 6209 4543 1694 2492 4347 2478 3808 3829 1386 3913 5194 3801 1911 1715 896 5306 546 1729 3570 3577 4200 5922 4802 2142 1960 3829 2975 5460 560 2800 3164 2471 4522 3269 1645 2961 2653 2695 5341 6461 4564 2639 6104 2485 4186 2478 4466 5663 2926 602 2758 2786 1750 4151 3444 3318 2499 4844 3647 3920 4529 1652 2989 882 3682 2688 4165 6188 3948 4942 3444 5663 3353 5999 4879 2443 2317 6713 3787 4312 1995 2149 2058 4277 4340 4970 1967 4627 5306 2191 5964 4186 2338 791 3059 5698 5166 5495 3066 4256 2429 1575 1820 4634 2485 4599 3752 5719 5306 5376 5971 4732 952 
4210 5680 6660 7300 5980 480 1510 5040 5550 6950 6610 3020 520 2730 6420 5380 4100 6760 4340 6990 6840 3340 2130 4100 6650 6820 7760 1650 8790 6450 3920 4640 3830 1510 2560 8140 6050 3760 6410 1100 8470 7480 6520 5370 2360 4950 7120 4940 5110 5540 1640 1030 6360 5170 860 6370 4870 5290 3310 750 4780 7960 7230 5280 6490 3020 4020 7260 6920 3160 6750 5910 2400 8160 4550 9460 3570 5590 4290 740 3170 5720 4090 1730 4260 300 5860 6950 7260 1100 3490 3430 6860 6820 6320 6450 5100 2200 6260 2590 1430 6470 340 6110 5540 8950 5860 2230 3480 1590 4940 5240 6270 7760 7750 2660 7370 2620 4050 1050 1260 2940 1010 2140 7480 
2632 1528 4104 2024 4672 6176 5016 5304 3072 1880 1808 5128 6040 4160 904 1840 4016 2232 3384 3800 528 3416 4912 3352 1376 1208 544 5016 1168 968 3040 3136 3840 5720 4456 2232 1192 3352 2704 5176 928 2752 2952 1800 4112 2824 1216 2408 2008 2144 5056 6336 4520 2000 5920 2128 3904 1784 4096 5416 2304 376 2696 2208 1040 3696 2896 3280 2304 4552 3552 3776 4128 1728 2360 1744 3152 2152 3840 6016 3456 4872 2912 5432 2816 5800 4808 2192 2192 6616 3280 3920 1576 1824 1496 4264 4152 4640 1328 4240 5016 1704 5760 4064 1624 1408 2688 5488 4960 5248 2528 4024 1968 1504 1784 4256 2416 4224 3312 5488 5008 5168 5776 4352 232 
2506 2982 539 4508 966 4249 3248 1750 4508 1575 4053 2443 4116 3857 2996 3129 1435 4438 1365 595 2912 2401 4326 1589 1939 3696 2898 4151 3381 2415 2079 1253 4242 3479 2513 2002 2485 1911 791 3563 3248 1260 623 3031 3157 3962 2135 3486 3038 1512 3150 4928 805 3129 3892 4179 917 2772 1988 3829 2037 3402 4949 1610 2303 2499 3192 861 4564 4536 420 5194 3409 2338 2730 3626 2926 1470 4501 4004 2877 1190 3318 3220 3353 4088 1113 1344 4613 5068 3192 1925 1792 4172 3626 5733 5117 2758 3409 2541 3983 1652 4067 413 2275 3318 847 3017 5019 4368 1540 728 1428 4305 4494 2471 4809 3850 3836 4319 3773 4942 4564 2982 3311 
1315 840 2075 1595 2415 3500 2755 2805 2000 725 1355 2740 3415 2385 565 1045 2020 1640 1635 1900 370 1755 2850 1625 360 1010 470 2880 980 195 1490 1470 2295 3170 2360 1115 425 1660 1195 2880 825 1305 1355 995 2245 1750 360 1430 1100 840 2765 3675 2325 1125 3325 1515 1935 900 2110 3040 1035 720 1980 905 170 1925 1605 1600 1710 2705 1735 2485 2295 885 1215 1315 1690 845 2355 3385 1850 2535 1640 2985 1600 3280 2500 915 1690 3840 1805 2000 525 1405 1075 2830 2635 2490 925 2245 2850 565 3255 2035 645 1060 1170 2995 2995 3030 1105 2005 725 1360 1515 2245 1830 2420 1950 3150 2820 3085 3335 2355 615 
2375 1950 2155 2425 2650 4460 3695 3225 3060 975 2305 3475 4365 3480 1620 2155 2690 2570 2370 1885 1355 2735 3940 2430 1085 1930 835 3945 685 1305 2440 2195 3410 4045 3235 570 1540 2545 1465 3855 715 1120 1540 2110 3275 2850 855 2540 2220 1640 3680 4715 2475 2240 4255 2500 2460 2015 2915 4030 2025 1140 2850 1760 1245 2890 2710 1495 2615 3820 1795 3525 3350 335 2310 660 2765 1620 3465 4320 2895 2830 2750 3855 2715 4265 2765 1065 2535 4870 2900 2815 975 2320 2090 3835 3720 3390 1960 3150 3900 1170 4240 2255 1715 530 1645 3805 4110 4100 1945 2435 1295 2055 2240 3135 2670 3510 3070 4195 3845 4195 4385 3330 1310 
2650 1050 5610 1570 6130 6980 5630 6690 2600 3070 1090 6100 6830 4220 600 1320 4890 1660 4110 5330 910 3710 5140 3970 2290 390 1880 5340 2670 1490 3370 3860 3660 6580 5090 3820 1350 3840 3880 5760 2380 4240 4220 1330 4370 2340 2340 1910 1590 2790 5720 7010 6030 1530 6730 1450 4950 1500 4800 6000 2550 1530 2320 2750 1670 4040 2690 4790 1780 4590 4980 3500 4310 3260 2210 3380 3140 2830 3620 6830 3570 6310 2660 6250 2520 6490 6270 3440 1750 7380 3220 4580 2660 1170 640 4120 3960 5260 480 4780 5390 2650 6430 5440 1770 2990 3680 6400 5050 5600 3070 5200 2900 1320 1540 4830 2040 4310 3040 5960 5440 5350 6310 4770 1020 
2704 3984 3648 5648 3048 1592 784 2296 4632 4296 5048 664 1440 2608 4480 3864 1672 5304 2064 3960 4704 1864 2640 1968 4216 5016 5280 2256 6072 4264 2168 2344 3504 664 760 5184 4016 1856 3688 1128 5832 4528 3720 3808 1712 4008 4600 3752 3640 3264 600 2560 3360 3728 1160 4960 2256 3632 1192 1376 2896 5584 5800 3104 4248 1608 2992 4256 5448 3320 3792 5168 2016 5320 3088 6552 2488 3288 3912 1296 2136 2824 3112 376 3240 1520 2936 4216 5672 2632 2616 1352 4304 5224 4680 5720 4688 656 4552 1008 1976 4000 1512 3208 3584 6144 3288 296 3776 2408 2784 2520 3776 5832 5904 960 5816 2544 3400 2128 1640 3456 2320 1232 5264 
812 1323 2296 2926 2464 3542 2478 2744 2751 1442 2422 2422 3416 2359 1547 1414 1491 2779 938 2247 1645 1120 2947 868 1197 2177 2086 2891 2786 1211 714 763 2569 3024 1883 2289 1057 896 1358 2688 2576 2009 1547 1316 1904 2205 1533 1729 1295 448 2471 3913 2464 1386 3269 2499 1547 1064 1526 2933 280 2387 3290 252 1183 1344 1491 2107 2912 2975 1995 3437 2058 2254 980 3220 1330 490 2793 3360 1421 2541 1603 2758 1624 3262 2534 1505 3010 4123 1582 1372 1344 2562 2009 3976 3381 2079 1813 1736 2793 1071 3227 2065 700 2863 1001 2765 3444 3108 224 1750 966 2870 3010 1729 3185 2380 2128 3199 2688 3444 3458 1953 2135 
2736 3912 2544 5712 1896 2744 1816 1200 5008 3600 5112 520 2592 3328 4280 3888 864 5448 1472 2896 4408 2008 3552 1536 3672 4952 4816 3216 5552 3888 2064 1736 4112 1784 1184 4392 3736 1664 2848 2200 5344 3640 2824 3800 2352 4344 4032 3960 3680 2744 1648 3704 2216 3784 2312 5104 1272 3560 944 2480 2664 5232 6000 2648 3832 1856 3280 3280 5600 4112 2776 5656 2704 4616 3136 5976 2784 2752 4504 2440 2496 1672 3424 1528 3536 2672 1784 3456 5776 3784 3008 1096 3688 5280 4680 6248 5296 1368 4496 1416 2952 3400 2664 2112 3320 5576 2520 1208 4624 3416 2336 1464 3144 5760 5888 1304 5952 3280 3864 3200 2640 4368 3416 1920 4968 
3488 4528 1968 6368 1128 3704 2864 144 5856 3656 5776 1488 3568 4336 4784 4568 1400 6152 1984 2408 4824 2880 4600 2160 3904 5520 5064 4272 5712 4264 2808 2160 5080 2728 2224 4264 4192 2424 2784 3248 5528 3424 2656 4472 3368 5184 4208 4752 4384 3080 2696 4712 1496 4496 3272 5816 1304 4200 1856 3520 3248 5560 6728 3056 4184 2792 4136 2928 6304 5136 2384 6552 3720 4608 3872 6056 3664 3072 5456 3400 3424 816 4288 2512 4384 3680 952 3432 6448 4776 3920 1952 3824 5936 5312 7152 6240 2424 5104 2432 4008 3584 3672 1608 3824 5680 2592 2136 5656 4464 2792 1232 3312 6312 6472 2320 6640 4296 4776 4248 3696 5416 4464 2960 5360 
3888 3474 2844 4779 3762 7380 6003 4824 5607 1089 4428 5427 7209 5931 3033 3834 4014 4941 3510 2358 2628 4374 6714 3663 1629 3780 1953 6660 2106 2277 3843 3204 5976 6561 5121 9 2664 3933 1719 6327 2052 981 1809 3726 5391 5112 1368 4509 3879 2367 5949 7965 3429 3951 6975 4734 3528 3483 4500 6660 3195 2628 5517 2619 2124 4635 4626 1656 5049 6633 2205 6489 5589 639 3888 2214 4599 2322 6147 7110 4770 4086 4734 6210 4689 7065 3960 1089 4968 8217 4887 4338 1305 4500 3951 7110 6714 5418 3681 5013 6543 1593 7029 3051 2826 1899 2133 6075 7200 6948 2889 3438 1701 4221 4536 4968 5220 5967 5364 7056 6390 7281 7398 5409 2790 
847 308 3248 1911 3479 3927 2947 3752 1848 1855 1400 3248 3815 2184 735 420 2450 1757 1918 3136 1029 1575 2835 1792 1351 1211 1743 2905 2450 903 1337 1778 2051 3598 2541 2611 574 1666 2149 3059 2226 2625 2373 322 2107 1379 1582 889 399 1211 2996 4053 3465 462 3731 1477 2569 91 2338 3255 805 1813 2268 1099 994 1813 1078 2877 1883 2611 2884 2548 2114 2380 574 2947 1267 1253 2156 3801 1540 3570 1120 3360 1064 3591 3556 2044 1988 4298 1386 2184 1617 1540 994 3073 2625 2667 819 2324 2898 1456 3556 3059 462 2611 1890 3458 3024 3108 1246 2779 1519 1925 2030 2359 2163 2233 1568 3311 2891 3143 3563 2352 1470 
1674 2430 3768 3288 3528 1350 1032 3192 2226 3504 2892 2052 1296 534 2892 2226 2274 2958 2208 3888 3168 1356 366 2016 3228 3054 3774 204 4386 3012 1698 2328 1200 1542 1416 4230 2742 1746 3336 840 4194 3954 3450 2232 672 1872 3498 1902 2070 2652 1170 1194 3696 2094 1362 2736 2712 2226 1776 816 2106 3828 3234 2484 3054 1236 1398 3930 3054 894 3702 2472 504 4164 1800 4812 1218 2694 1488 1362 1056 3438 1416 1488 1506 1038 3498 3552 3264 1410 1098 1776 3396 3012 2748 2826 2016 1266 2736 1284 246 3174 1002 3456 2478 4512 3000 1782 1212 396 2334 2964 3102 3594 3570 1362 3324 468 1332 564 438 978 768 870 3528 
1554 2490 3072 3618 2754 1110 276 2352 2742 3132 3174 1200 1008 1170 2910 2346 1530 3330 1590 3234 3132 978 1218 1434 2952 3228 3654 960 4266 2868 1314 1758 1848 876 600 3846 2640 1218 2820 378 4080 3462 2898 2322 546 2304 3240 2178 2178 2286 378 1506 2946 2226 918 3078 1986 2232 1026 594 1848 3810 3672 2130 2880 780 1590 3354 3438 1698 3072 3114 738 3858 1794 4662 1248 2316 2154 984 978 2640 1668 732 1770 864 2706 3126 3618 1650 1284 1068 3072 3306 2946 3516 2730 426 2874 540 762 2844 840 2748 2322 4356 2490 978 2052 1110 1926 2232 2718 3816 3846 600 3714 1116 1806 996 534 1830 1194 258 3534 
1771 2779 3976 3948 3661 1407 770 3248 2821 3808 3458 1925 1316 889 3297 2569 2205 3584 2170 4130 3598 1253 903 1960 3535 3584 4263 637 4984 3353 1673 2338 1701 1421 1176 4655 3059 1666 3549 623 4760 4284 3661 2555 476 2345 3864 2282 2380 2814 924 1540 3864 2422 1316 3304 2723 2506 1617 721 2219 4382 3955 2625 3388 1078 1624 4214 3710 1470 3920 3192 490 4620 1988 5460 1302 2856 2058 1344 1036 3549 1680 1316 1799 1050 3619 3843 3934 1757 1246 1631 3710 3605 3234 3640 2709 1001 3185 1036 448 3451 1008 3605 2716 5110 3150 1638 1869 840 2415 3017 3332 4242 4249 1127 4025 819 1736 826 322 1617 1092 560 4046 
2401 3507 2828 5019 2275 1785 1057 1596 4228 3556 4487 175 1659 2562 3892 3430 1183 4739 1610 3122 4060 1680 2653 1568 3542 4417 4501 2331 5180 3640 1869 1855 3311 945 742 4298 3458 1554 2968 1379 4984 3689 2975 3367 1736 3668 3871 3395 3234 2709 896 2646 2555 3318 1407 4438 1652 3192 896 1603 2478 4816 5194 2583 3612 1484 2751 3416 4872 3213 2989 4739 2023 4452 2751 5579 2303 2723 3668 1519 2009 2072 2863 728 2975 1736 2170 3465 5054 2709 2450 1050 3591 4641 4137 5236 4354 784 4011 987 2093 3325 1736 2443 3073 5229 2639 448 3633 2485 2303 1855 3122 5131 5208 910 5187 2513 3171 2254 1806 3374 2429 1316 4550 
3980 3110 8090 1860 8340 6940 6070 8500 1050 5920 1910 7250 6850 3810 3430 2850 6590 1400 5930 7940 3880 4790 4430 5660 5130 2660 4840 4870 5490 4320 4820 5820 2690 7060 6040 6790 3980 5310 6510 5950 5250 7080 6840 2990 4720 1870 5280 2410 2980 5180 6250 6360 8360 2850 6920 1540 6950 3360 6120 6020 4460 4340 1130 5010 4500 5000 3200 7530 1360 3460 7570 830 4400 6250 3530 6150 3830 5240 2240 6940 4220 8410 3020 6850 2880 6420 8420 6250 1660 6760 3590 5950 5530 1900 2400 1170 1730 6040 2710 5690 5100 5410 6360 7790 4100 5850 6150 7200 3510 4990 5160 7300 5570 2730 2430 5800 1500 3920 2600 5510 5370 4030 5740 5310 3910 
2484 2280 5082 1914 5124 3678 3318 5088 858 3990 1824 4176 3648 1902 2598 2058 3960 1590 3636 5046 2904 2820 2124 3450 3534 2256 3534 2424 3990 3078 2940 3618 1224 3888 3444 4590 2832 3198 4230 3186 3828 4662 4416 2142 2574 1236 3678 1656 2076 3402 3444 3210 5184 2010 3726 1572 4254 2340 3594 3180 2874 3294 1518 3270 3180 2892 1914 4866 1602 1506 4824 348 2334 4314 2274 4404 2238 3438 912 3720 2412 5124 1800 3798 1752 3378 5148 4164 1806 3438 2040 3516 3768 1854 2022 462 342 3396 2178 3240 2592 3654 3342 4854 2808 4194 3966 4050 1404 2448 3300 4488 3714 2424 2268 3318 1734 1962 1398 2772 2796 1740 2874 2934 3012 
1925 1255 3740 230 3950 3780 3235 4145 895 2505 470 3670 3725 2230 1250 1210 3200 230 2830 3615 1415 2415 2625 2720 2115 770 1820 2805 2080 1710 2345 2735 1745 3735 3100 2855 1600 2595 2890 3225 1975 3085 3055 1275 2550 1115 2135 1195 1330 2290 3305 3610 3920 1265 3725 445 3305 1445 3050 3300 2040 1520 200 2240 1800 2555 1680 3360 140 2200 3440 1105 2435 2560 1670 2400 1990 2315 1595 3750 2215 4015 1615 3595 1530 3520 4005 2685 120 3805 1935 2950 2300 385 775 1295 1500 3135 930 2925 2885 2285 3490 3630 1745 2265 2760 3730 2310 2895 2360 3450 2400 655 500 2970 90 2285 1565 3135 2980 2540 3275 2815 1340 
2104 3368 3168 5080 2688 2096 960 2152 4192 3632 4480 760 1944 2376 3832 3272 1120 4760 1408 3440 4040 1272 2592 1296 3536 4408 4600 2272 5392 3592 1520 1680 3192 1288 224 4536 3352 1192 3064 1344 5160 3912 3112 3208 1408 3544 3928 3232 3048 2592 840 2904 2960 3144 1696 4416 1736 3008 528 1648 2232 4920 5288 2424 3576 1048 2488 3680 4912 3152 3248 4792 1752 4648 2496 5880 1976 2616 3592 1824 1648 2520 2624 984 2752 1912 2616 3568 5120 3032 2160 680 3632 4648 4088 5368 4384 432 3944 488 2016 3320 1888 2728 2920 5464 2648 936 3656 2480 2112 2040 3112 5224 5312 392 5280 2328 2992 2304 1712 3408 2552 960 4608 
2512 1512 3808 2272 4384 6048 4872 5032 3200 1584 2000 4912 5912 4120 920 1840 3776 2440 3152 3496 496 3264 4872 3128 1080 1400 384 4960 1168 752 2864 2896 3864 5560 4272 1968 1048 3160 2408 5048 912 2456 2648 1784 4000 2896 912 2440 1984 1888 4896 6256 4224 2000 5776 2296 3640 1720 3888 5296 2128 608 2928 1976 792 3544 2856 2976 2520 4560 3248 3936 4040 1488 2280 1736 3072 1896 3904 5872 3352 4584 2888 5264 2800 5680 4520 1888 2432 6536 3224 3712 1280 2040 1640 4440 4264 4472 1432 4072 4936 1416 5640 3768 1464 1368 2400 5296 4992 5192 2296 3752 1680 1784 2064 4080 2664 4184 3328 5408 4912 5176 5704 4216 520 
1400 200 4216 1648 4512 4816 3752 4832 1736 2464 1064 4200 4696 2624 672 280 3336 1472 2728 4064 1096 2240 3368 2576 1848 904 1984 3512 2728 1224 2024 2568 2272 4520 3352 3248 904 2416 2920 3840 2480 3384 3176 304 2728 1312 2032 848 496 1880 3824 4848 4480 456 4624 1160 3472 512 3168 4032 1456 1888 2056 1776 1360 2496 1384 3728 1616 2984 3776 2528 2672 2904 1016 3312 1744 1928 2304 4696 2088 4616 1376 4256 1264 4416 4600 2712 1728 5136 1800 3000 2160 1224 600 3104 2728 3472 440 3096 3536 2040 4368 4016 1000 2952 2656 4400 3392 3728 1968 3712 2160 1720 1816 3144 1936 2696 1736 4000 3584 3592 4280 3056 1480 
852 1500 1758 2874 1806 2796 1878 1980 2622 1416 2436 1716 2682 2034 1710 1542 888 2730 420 1782 1794 828 2484 378 1314 2244 2130 2388 2718 1410 498 294 2328 2292 1314 2124 1290 492 1146 2088 2544 1776 1266 1464 1518 2136 1602 1752 1422 606 1854 3198 1842 1506 2538 2484 978 1254 960 2310 540 2412 3162 486 1374 972 1434 1752 2844 2598 1572 3198 1698 2166 1086 3072 1206 624 2550 2622 1194 1848 1548 2064 1584 2580 1848 1410 2940 3354 1428 834 1392 2556 2082 3660 3090 1500 1926 1218 2274 1158 2550 1518 984 2760 810 2034 3012 2574 246 1176 1014 2844 2958 1200 3090 2040 1986 2604 2148 2970 2832 1482 2208 
2814 2765 1519 4011 2226 5271 4214 3073 4438 777 3661 3640 5138 4375 2541 3010 2548 4067 2233 1141 2296 3052 4949 2387 1330 3192 1967 4865 2254 1897 2646 2016 4536 4578 3500 700 2135 2646 777 4494 2170 70 763 2912 3857 3983 1302 3493 2996 1568 4151 5810 1974 3066 4942 3864 2121 2688 2996 4753 2261 2506 4550 1764 1771 3227 3458 595 4165 4984 1022 5138 4046 1120 2891 2401 3346 1526 4711 5047 3423 2485 3556 4312 3542 5054 2387 553 4144 5985 3591 2884 1057 3738 3255 5642 5229 3738 3038 3451 4746 1148 5026 1680 2142 2128 1162 4172 5446 5089 1904 2023 1099 3654 3885 3402 4347 4396 4067 5131 4592 5460 5390 3808 2548 
1674 3069 3240 5040 2889 2961 1584 2610 4194 3384 4356 1494 2790 2493 3564 2988 999 4716 972 3447 3789 819 2952 756 3231 4239 4410 2682 5310 3276 963 1233 3267 2169 702 4419 3015 567 2826 1953 5040 3789 2934 2907 1449 3447 3663 3024 2745 2169 1521 3681 3123 2853 2547 4329 1638 2664 369 2295 1755 4770 5319 1980 3258 693 2250 3609 4887 3402 3195 4941 1827 4518 2124 5859 1692 2205 3690 2682 1404 2799 2412 1827 2538 2664 2862 3339 5094 3888 1971 252 3357 4554 3897 5616 4572 990 3717 612 2448 3006 2637 2763 2520 5400 2340 1827 4005 2952 1629 2016 2781 5157 5274 549 5283 2457 2934 2880 2169 3807 3195 1152 4419 
3573 4680 1818 6741 954 4284 3222 567 6255 3618 6093 1764 4122 4698 4932 4743 1251 6525 1836 2286 4968 2970 5067 2061 3906 5778 5211 4725 5940 4329 2817 1998 5472 3195 2394 4320 4266 2403 2637 3654 5733 3375 2502 4626 3618 5508 4248 4986 4545 3006 3033 5364 1350 4671 3789 6156 1008 4320 1881 3978 3249 5769 7173 2988 4230 2907 4347 2835 6696 5598 2223 7065 4014 4698 3996 6318 3834 2979 5886 3942 3600 684 4518 2916 4617 4203 810 3375 6840 5454 4140 1953 3807 6273 5562 7749 6759 2664 5319 2592 4446 3546 4194 1377 3861 5895 2430 2538 6201 4959 2700 900 3240 6651 6849 2475 7065 4653 5094 4761 4104 5958 5022 3204 5562 
2044 2436 1071 3962 1456 4144 3094 2100 3990 1141 3507 2492 4011 3486 2450 2597 1400 3892 1113 994 2373 2065 3997 1302 1428 3150 2415 3864 2947 1869 1694 924 3801 3430 2373 1743 1932 1603 399 3388 2800 1106 406 2499 2849 3451 1652 2975 2513 966 3024 4732 1344 2604 3801 3633 1001 2240 1855 3654 1533 2891 4403 1085 1764 2198 2730 945 4011 4144 735 4683 3080 1988 2240 3241 2506 931 4039 3913 2506 1638 2849 3164 2877 3941 1582 952 4067 4893 2765 1750 1309 3626 3073 5215 4641 2618 2863 2345 3717 1134 3920 938 1736 2912 294 3017 4620 4081 1057 973 903 3759 3948 2289 4263 3493 3374 4081 3535 4578 4333 2737 2779 
3920 2840 4712 2840 5416 7464 6288 6208 4216 2512 2856 6264 7328 5480 2216 3144 5080 3192 4480 4320 1840 4680 6224 4488 2272 2304 1136 6336 456 2160 4272 4208 5120 6960 5672 2312 2456 4552 3408 6464 608 3112 3608 3112 5408 4072 1928 3704 3320 3200 6304 7656 5192 3312 7192 3192 4856 3096 5264 6704 3536 976 3512 3328 2168 4952 4216 3712 3216 5848 4128 4840 5440 1760 3680 656 4464 3192 5088 7288 4760 5664 4232 6664 4128 7096 5584 2776 3008 7928 4600 5088 2312 2816 2688 5248 5312 5872 2576 5480 6328 2568 7048 4784 2880 656 3544 6680 6232 6560 3648 4904 2832 2160 2440 5488 3200 5544 4608 6800 6320 6464 7096 5624 1392 
1519 427 3899 1169 4186 4480 3563 4494 1491 2261 679 3969 4382 2520 539 518 3199 1064 2660 3738 896 2254 3164 2534 1708 504 1652 3311 2261 1141 2058 2513 2135 4242 3227 2884 924 2401 2730 3633 2051 3080 2961 553 2660 1232 1827 903 714 1862 3633 4480 4151 658 4326 826 3304 735 3066 3801 1554 1484 1575 1792 1267 2478 1463 3409 1183 2779 3486 2156 2597 2548 1183 2765 1806 1897 2121 4382 2107 4291 1435 4011 1330 4130 4270 2499 1253 4739 1834 2919 1988 805 252 2632 2408 3332 98 3003 3346 1911 4088 3738 1099 2478 2527 4144 3108 3493 1974 3500 2051 1211 1295 3045 1442 2583 1694 3745 3395 3311 3983 2961 1127 
3393 3708 1062 5544 1926 6093 4761 3006 5787 1485 5013 3852 5913 5292 3591 3960 2493 5526 2232 675 3393 3465 5958 2484 2088 4482 3204 5787 3726 2781 2988 2007 5652 5139 3825 1836 2970 2871 648 5148 3582 864 360 3834 4482 5130 2241 4500 3888 1881 4653 6885 1620 3996 5643 5220 1872 3510 3150 5490 2709 3879 6174 2088 2628 3636 4266 405 5670 6129 405 6687 4779 2322 3600 3987 4014 1827 5940 5787 4032 2241 4419 4797 4437 5850 2124 1143 5697 7083 4347 3033 1818 5148 4464 7362 6687 4140 4185 3807 5589 1746 5823 1215 2817 3609 1062 4572 6741 6066 2124 1692 1521 5193 5463 3735 5958 5301 5094 6057 5355 6696 6381 4329 3834 
2290 860 4910 2270 5450 6710 5300 6060 3030 2390 1720 5590 6550 4160 130 1270 4310 2300 3510 4630 420 3310 5090 3410 1610 1090 1520 5230 2470 790 2890 3240 3790 6210 4650 3220 680 3330 3180 5470 2160 3560 3510 1210 4120 2590 1720 2010 1460 2110 5350 6880 5340 1470 6420 2030 4310 1190 4290 5750 2010 1490 3000 2100 980 3660 2580 4090 2450 4670 4280 3980 4120 2730 1920 3200 2910 2150 3840 6520 3300 5640 2600 5860 2480 6240 5590 2750 2450 7230 3060 4060 1990 1840 1160 4660 4320 4860 850 4370 5230 1950 6180 4750 1180 2740 2990 5960 5200 5510 2450 4530 2200 1970 2230 4400 2730 4240 3120 5820 5230 5440 6180 4450 1000 
301 966 3325 2373 3388 3185 2240 3465 1792 2338 1848 2709 3080 1470 1484 812 2121 2100 1666 3304 1785 959 2114 1470 1925 1834 2485 2163 3199 1603 889 1617 1519 2912 1925 3164 1281 1232 2408 2324 2975 3024 2604 770 1365 1211 2212 805 609 1449 2303 3297 3437 686 3003 1799 2387 686 1848 2506 777 2569 2576 1274 1659 1169 441 3157 2233 1988 3052 2443 1358 3010 175 3689 511 1498 1729 3073 798 3409 546 2688 567 2849 3423 2471 2408 3542 651 1708 2156 1995 1519 2982 2331 2009 1421 1694 2142 1939 2807 3059 994 3346 2065 2835 2436 2366 1253 2646 1918 2534 2590 1743 2548 1512 1071 2555 2135 2492 2814 1631 2226 
2737 3843 3066 5341 2457 1666 1162 1687 4508 3892 4809 406 1554 2765 4235 3759 1505 5054 1953 3381 4410 2002 2779 1918 3892 4753 4851 2443 5530 3990 2212 2198 3542 812 1036 4627 3808 1904 3290 1442 5334 4004 3283 3703 1967 3955 4221 3703 3563 3059 994 2590 2758 3647 1288 4753 1939 3528 1246 1624 2828 5166 5502 2940 3962 1799 3045 3703 5187 3388 3269 4991 2240 4795 3080 5929 2597 3073 3899 1400 2296 2233 3157 679 3269 1687 2345 3794 5369 2618 2730 1400 3934 4963 4473 5481 4578 1022 4347 1281 2198 3675 1694 2688 3423 5572 2968 315 3780 2569 2653 2121 3465 5467 5544 1218 5502 2709 3437 2296 1904 3500 2443 1547 4900 
3210 4300 6900 5490 6520 2550 2320 5960 3570 6310 4870 4050 2520 1000 5080 3930 4420 4910 4280 7080 5570 2820 70 3960 5800 5240 6620 500 7620 5380 3370 4460 1830 3090 3000 7520 4920 3500 6110 1940 7300 7120 6310 3960 1720 3120 6240 3310 3700 4910 2550 1910 6790 3710 2690 4570 5140 4010 3600 1810 3970 6640 5300 4630 5470 2660 2580 7120 5060 1070 6760 3840 1360 7370 3340 8340 2420 4980 2240 2660 2240 6370 2560 3050 2700 2070 6470 6420 5420 2300 2150 3590 6100 5060 4710 4360 3000 2750 4730 2780 850 5750 2020 6380 4510 7860 5550 3550 1460 510 4410 5560 5650 6070 5990 2910 5480 930 2240 1040 1260 1010 1250 2090 6130 
