20 40 80
80 80 80 80 80 80 80 80 80 80 80 80 80 80 80 80 80 80 80 80 
26 29 29 11 18 15 17 16 20 27 28 14 20 21 19 16 9 29 25 17 19 25 29 17 11 14 14 21 18 13 25 27 21 25 12 26 23 22 23 15 12 29 13 9 26 12 28 20 11 11 28 22 12 21 16 20 15 25 25 12 29 17 22 30 28 23 16 11 16 28 19 26 25 17 27 27 15 12 23 16 
138 276 152 339 97 339 206 496 244 151 221 248 306 426 471 393 326 365 297 111 433 193 506 592 392 493 274 484 641 298 143 410 522 323 194 431 351 173 497 248 
504 503 487 588 299 151 516 403 245 449 273 361 412 78 123 439 244 617 308 376 288 406 404 366 462 728 607 267 450 268 374 542 223 306 367 546 647 198 126 492 
189 425 258 183 316 479 64 710 355 114 439 278 502 624 670 591 545 197 512 184 517 191 721 811 584 589 318 702 859 385 340 578 733 539 230 603 421 368 684 153 
343 481 370 294 238 179 248 593 53 190 335 70 471 371 417 542 401 323 415 136 222 121 599 626 551 707 490 516 698 85 332 594 507 432 79 611 570 174 410 202 
751 741 736 786 547 318 740 547 443 676 509 552 632 222 200 638 449 814 524 606 373 618 542 423 665 956 855 377 512 438 620 754 273 513 576 752 890 444 136 698 
314 525 371 105 333 366 112 732 242 114 456 133 562 557 604 647 547 135 538 152 365 80 741 795 647 723 464 683 858 250 400 666 688 561 115 688 562 328 600 22 
210 128 152 518 126 418 380 342 368 331 117 412 127 404 439 216 216 543 155 288 546 370 354 475 212 360 244 381 504 427 37 233 451 182 364 252 267 227 488 429 
110 147 61 471 244 542 329 504 456 310 297 454 268 575 614 351 398 489 333 309 645 383 517 653 334 299 67 562 674 511 171 301 632 360 396 328 141 356 657 407 
656 709 659 613 475 179 593 623 295 536 487 386 632 266 282 665 471 639 532 474 174 464 622 550 687 940 784 470 641 269 567 765 391 531 422 770 840 362 218 536 
304 343 292 441 104 203 340 405 171 273 151 254 296 255 300 360 214 470 227 200 334 258 412 456 372 575 415 345 520 227 196 427 362 244 229 439 468 15 325 341 
817 637 757 1066 650 699 950 267 766 888 526 874 503 477 448 427 422 1095 455 820 836 885 254 182 451 736 818 289 107 805 636 528 336 427 856 505 783 638 508 967 
603 669 609 552 429 126 533 613 236 476 452 325 601 265 291 641 449 579 505 415 121 403 614 559 661 901 734 470 648 208 523 734 403 507 362 741 795 316 237 475 
423 338 380 632 227 318 521 220 347 456 122 446 221 190 214 236 41 661 113 388 466 451 225 268 260 545 481 159 326 395 250 345 214 104 423 346 494 206 275 533 
551 513 525 669 342 238 589 345 330 521 283 447 402 13 44 412 220 699 294 447 370 486 344 283 438 726 638 192 370 356 401 526 135 284 448 525 665 259 94 572 
300 456 333 256 222 228 198 600 102 139 332 67 459 406 453 536 410 286 414 89 271 75 608 648 542 677 449 537 715 134 311 578 537 434 35 596 534 184 451 159 
312 407 321 366 157 165 286 495 85 219 239 164 380 300 347 448 304 396 318 146 267 182 502 536 459 637 445 424 604 144 255 507 426 335 147 522 514 77 354 268 
432 320 384 665 249 365 548 175 391 485 129 486 193 227 245 195 20 693 88 418 513 486 181 247 221 516 476 147 295 440 253 309 223 69 460 307 479 245 310 566 
698 648 671 798 489 339 728 413 452 661 423 568 527 147 103 519 343 827 420 587 440 618 407 281 548 851 782 242 371 465 545 640 135 404 578 635 803 403 96 703 
641 624 622 706 434 241 646 450 359 580 393 474 518 106 95 527 336 735 410 508 337 530 448 354 554 841 740 286 445 366 504 642 195 400 489 640 774 335 23 614 
664 619 637 763 455 306 692 401 417 625 392 534 501 112 70 498 317 792 393 552 413 583 396 284 526 825 750 231 375 431 513 617 128 378 543 613 773 367 65 668 
1380 2760 1520 3390 970 3390 2060 4960 2440 1510 2210 2480 3060 4260 4710 3930 3260 3650 2970 1110 4330 1930 5060 5920 3920 4930 2740 4840 6410 2980 1430 4100 5220 3230 1940 4310 3510 1730 4970 2480 
6048 6036 5844 7056 3588 1812 6192 4836 2940 5388 3276 4332 4944 936 1476 5268 2928 7404 3696 4512 3456 4872 4848 4392 5544 8736 7284 3204 5400 3216 4488 6504 2676 3672 4404 6552 7764 2376 1512 5904 
2835 6375 3870 2745 4740 7185 960 10650 5325 1710 6585 4170 7530 9360 10050 8865 8175 2955 7680 2760 7755 2865 10815 12165 8760 8835 4770 10530 12885 5775 5100 8670 10995 8085 3450 9045 6315 5520 10260 2295 
5145 7215 5550 4410 3570 2685 3720 8895 795 2850 5025 1050 7065 5565 6255 8130 6015 4845 6225 2040 3330 1815 8985 9390 8265 10605 7350 7740 10470 1275 4980 8910 7605 6480 1185 9165 8550 2610 6150 3030 
11265 11115 11040 11790 8205 4770 11100 8205 6645 10140 7635 8280 9480 3330 3000 9570 6735 12210 7860 9090 5595 9270 8130 6345 9975 14340 12825 5655 7680 6570 9300 11310 4095 7695 8640 11280 13350 6660 2040 10470 
4082 6825 4823 1365 4329 4758 1456 9516 3146 1482 5928 1729 7306 7241 7852 8411 7111 1755 6994 1976 4745 1040 9633 10335 8411 9399 6032 8879 11154 3250 5200 8658 8944 7293 1495 8944 7306 4264 7800 286 
2100 1280 1520 5180 1260 4180 3800 3420 3680 3310 1170 4120 1270 4040 4390 2160 2160 5430 1550 2880 5460 3700 3540 4750 2120 3600 2440 3810 5040 4270 370 2330 4510 1820 3640 2520 2670 2270 4880 4290 
1100 1470 610 4710 2440 5420 3290 5040 4560 3100 2970 4540 2680 5750 6140 3510 3980 4890 3330 3090 6450 3830 5170 6530 3340 2990 670 5620 6740 5110 1710 3010 6320 3600 3960 3280 1410 3560 6570 4070 
6560 7090 6590 6130 4750 1790 5930 6230 2950 5360 4870 3860 6320 2660 2820 6650 4710 6390 5320 4740 1740 4640 6220 5500 6870 9400 7840 4700 6410 2690 5670 7650 3910 5310 4220 7700 8400 3620 2180 5360 
4256 4802 4088 6174 1456 2842 4760 5670 2394 3822 2114 3556 4144 3570 4200 5040 2996 6580 3178 2800 4676 3612 5768 6384 5208 8050 5810 4830 7280 3178 2744 5978 5068 3416 3206 6146 6552 210 4550 4774 
9804 7644 9084 12792 7800 8388 11400 3204 9192 10656 6312 10488 6036 5724 5376 5124 5064 13140 5460 9840 10032 10620 3048 2184 5412 8832 9816 3468 1284 9660 7632 6336 4032 5124 10272 6060 9396 7656 6096 11604 
8442 9366 8526 7728 6006 1764 7462 8582 3304 6664 6328 4550 8414 3710 4074 8974 6286 8106 7070 5810 1694 5642 8596 7826 9254 12614 10276 6580 9072 2912 7322 10276 5642 7098 5068 10374 11130 4424 3318 6650 
4653 3718 4180 6952 2497 3498 5731 2420 3817 5016 1342 4906 2431 2090 2354 2596 451 7271 1243 4268 5126 4961 2475 2948 2860 5995 5291 1749 3586 4345 2750 3795 2354 1144 4653 3806 5434 2266 3025 5863 
5510 5130 5250 6690 3420 2380 5890 3450 3300 5210 2830 4470 4020 130 440 4120 2200 6990 2940 4470 3700 4860 3440 2830 4380 7260 6380 1920 3700 3560 4010 5260 1350 2840 4480 5250 6650 2590 940 5720 
3000 4560 3330 2560 2220 2280 1980 6000 1020 1390 3320 670 4590 4060 4530 5360 4100 2860 4140 890 2710 750 6080 6480 5420 6770 4490 5370 7150 1340 3110 5780 5370 4340 350 5960 5340 1840 4510 1590 
4056 5291 4173 4758 2041 2145 3718 6435 1105 2847 3107 2132 4940 3900 4511 5824 3952 5148 4134 1898 3471 2366 6526 6968 5967 8281 5785 5512 7852 1872 3315 6591 5538 4355 1911 6786 6682 1001 4602 3484 
5184 3840 4608 7980 2988 4380 6576 2100 4692 5820 1548 5832 2316 2724 2940 2340 240 8316 1056 5016 6156 5832 2172 2964 2652 6192 5712 1764 3540 5280 3036 3708 2676 828 5520 3684 5748 2940 3720 6792 
9074 8424 8723 10374 6357 4407 9464 5369 5876 8593 5499 7384 6851 1911 1339 6747 4459 10751 5460 7631 5720 8034 5291 3653 7124 11063 10166 3146 4823 6045 7085 8320 1755 5252 7514 8255 10439 5239 1248 9139 
8333 8112 8086 9178 5642 3133 8398 5850 4667 7540 5109 6162 6734 1378 1235 6851 4368 9555 5330 6604 4381 6890 5824 4602 7202 10933 9620 3718 5785 4758 6552 8346 2535 5200 6357 8320 10062 4355 299 7982 
7968 7428 7644 9156 5460 3672 8304 4812 5004 7500 4704 6408 6012 1344 840 5976 3804 9504 4716 6624 4956 6996 4752 3408 6312 9900 9000 2772 4500 5172 6156 7404 1536 4536 6516 7356 9276 4404 780 8016 
573 707 101 635 480 431 504 813 657 563 525 327 404 144 812 159 570 310 806 359 693 650 311 327 607 560 369 331 563 738 248 326 545 626 125 572 699 328 350 628 198 362 723 49 295 92 106 106 296 47 473 617 279 497 586 388 528 358 417 712 47 688 547 287 210 523 666 295 219 578 501 379 376 325 639 698 601 407 467 30 
368 756 147 587 432 195 489 856 488 494 529 222 227 381 854 93 430 385 851 364 733 680 543 167 423 396 311 560 661 703 434 540 369 617 355 669 735 322 570 480 312 515 553 257 120 316 168 131 214 205 468 575 385 451 455 474 407 144 488 597 192 588 417 514 439 652 741 75 298 508 354 145 185 258 658 515 626 596 392 209 
507 709 40 607 449 361 483 814 599 528 510 276 341 214 813 90 517 311 808 339 692 646 378 271 545 502 332 397 579 715 293 385 484 610 190 589 697 303 412 574 207 395 665 96 229 153 72 35 248 52 455 590 291 467 536 397 480 289 422 667 30 646 496 352 276 550 676 227 216 543 446 309 310 283 631 637 594 456 429 45 
872 658 443 744 630 785 606 753 907 715 595 588 699 228 756 500 800 395 744 501 663 646 57 688 880 817 572 31 470 809 205 86 816 686 237 478 671 499 50 857 343 266 968 333 612 274 464 461 555 406 575 722 345 640 804 401 746 685 436 891 409 853 770 76 152 385 584 655 384 728 751 736 685 557 654 961 617 180 652 392 
448 525 156 426 271 412 296 629 489 356 321 163 276 289 627 169 389 136 622 151 506 458 394 410 456 396 168 401 412 530 228 352 392 421 241 421 510 119 389 447 83 275 553 174 208 207 260 187 130 231 267 408 138 288 399 225 340 283 243 513 209 485 362 354 298 402 499 324 52 371 331 379 269 136 442 540 405 374 264 211 
609 230 456 295 244 679 180 335 563 303 145 371 478 481 335 472 452 170 328 196 219 185 475 711 573 501 285 463 125 342 302 383 520 220 434 132 225 234 418 496 279 202 609 429 471 424 555 488 356 514 161 273 198 242 440 89 398 534 60 473 495 428 422 435 432 169 195 619 266 311 443 658 497 319 187 625 149 310 297 491 
741 643 300 669 537 641 529 745 790 624 528 462 567 96 746 357 687 307 736 404 640 611 97 546 756 697 461 114 465 750 124 117 692 627 94 474 647 393 133 745 226 240 853 189 474 130 322 317 428 264 496 648 256 549 695 342 636 546 378 795 266 761 659 68 10 397 580 511 268 638 631 592 550 436 612 840 573 223 549 249 
82 653 453 374 296 314 373 726 117 283 423 240 150 676 720 403 116 462 724 362 619 564 797 487 54 48 269 804 657 480 626 751 14 457 632 662 617 344 790 133 484 635 180 543 265 594 527 461 274 543 379 375 501 305 147 516 150 231 504 276 522 289 133 758 699 698 682 387 443 287 91 344 188 271 530 145 517 752 239 536 
632 346 377 400 308 650 267 450 618 385 249 361 478 361 451 406 505 114 442 204 340 311 350 647 612 542 298 339 186 462 176 260 553 339 316 195 347 226 297 557 188 84 671 327 441 311 466 408 336 418 238 378 106 313 500 58 449 512 90 562 403 520 474 310 307 161 292 566 193 396 477 620 486 311 313 678 275 203 346 395 
685 586 265 602 470 604 461 689 727 557 462 403 511 124 690 320 623 240 681 337 581 550 154 528 696 635 396 161 414 684 65 128 632 562 91 423 588 327 159 681 162 190 790 162 425 110 309 288 369 250 429 581 189 482 630 279 571 499 315 729 246 694 594 115 70 353 527 481 204 571 569 557 498 374 549 779 510 206 482 231 
325 531 218 361 203 340 258 628 365 273 298 40 158 408 625 193 268 208 624 143 506 451 520 398 330 271 81 527 462 475 350 475 266 385 362 469 508 104 514 327 207 376 430 282 134 325 318 240 18 310 237 346 236 221 283 285 224 196 288 409 287 387 244 481 424 475 526 295 167 288 206 322 164 27 428 414 397 486 172 296 
718 433 388 517 419 699 383 533 721 499 366 436 554 297 535 430 609 198 524 303 435 413 244 663 708 640 390 229 250 577 111 148 647 453 262 259 443 315 183 663 211 33 777 308 497 272 458 416 407 403 353 495 160 426 607 174 553 572 206 676 393 635 578 207 225 182 366 596 237 511 574 661 555 392 421 779 384 93 452 381 
245 675 226 469 324 190 392 769 350 372 437 119 88 462 765 171 291 351 765 292 648 592 605 283 289 257 214 618 611 587 460 580 232 514 425 618 649 254 616 341 318 510 415 329 33 385 291 228 132 312 377 460 370 341 317 432 272 47 437 461 292 454 280 570 502 621 674 174 288 385 215 177 49 169 566 381 538 611 275 307 
439 294 490 85 87 588 56 372 355 82 83 298 361 610 367 478 253 277 370 194 261 205 656 684 383 315 207 650 329 188 468 576 344 105 560 331 259 225 615 285 375 406 392 515 410 535 595 517 305 573 88 65 328 69 233 265 208 447 233 245 551 201 227 614 588 395 329 578 340 86 273 587 397 261 172 416 160 525 139 554 
438 303 529 40 119 606 103 370 337 72 123 328 378 656 364 514 244 324 369 238 269 216 703 713 374 310 241 697 362 153 515 623 342 102 606 363 265 267 661 267 421 452 367 559 437 580 634 555 338 615 136 24 375 101 219 311 207 468 278 207 592 161 222 661 635 433 348 606 385 68 277 609 416 295 181 398 179 570 160 596 
159 704 315 467 340 170 415 792 283 368 464 170 61 552 788 259 248 417 789 342 674 618 693 322 213 198 251 705 662 583 543 665 166 527 514 669 674 308 701 288 399 583 345 418 123 474 374 316 195 399 407 461 442 355 279 492 247 66 491 422 380 424 246 658 591 682 713 221 366 378 177 185 47 221 588 305 565 690 283 395 
257 509 324 285 145 359 220 597 262 188 269 91 133 516 592 292 160 270 593 172 479 422 619 465 240 173 78 623 480 403 441 566 178 334 469 485 479 152 605 219 303 443 325 391 189 433 420 343 116 417 213 276 311 161 173 327 115 218 317 302 394 285 134 579 527 512 521 357 261 201 106 358 167 92 393 315 370 561 91 404 
899 684 465 774 659 807 636 778 936 744 624 616 725 243 781 523 829 425 769 531 690 673 70 704 908 846 601 52 495 838 234 116 844 715 257 503 698 529 78 886 371 294 997 355 637 295 480 482 582 423 604 752 375 669 833 430 775 710 465 920 428 882 799 99 172 410 609 675 412 758 779 757 711 585 682 989 645 204 681 410 
243 573 267 361 216 290 286 664 294 265 333 42 80 479 661 227 210 285 661 205 544 488 599 388 252 198 115 607 525 479 432 557 188 406 435 531 545 173 595 266 288 456 360 348 113 397 356 282 76 360 274 351 317 233 230 357 178 145 354 369 338 356 191 561 501 546 578 280 250 278 138 284 99 86 461 339 435 568 166 350 
629 525 246 528 396 572 387 629 661 483 389 344 457 182 630 293 555 166 621 264 517 483 222 520 634 571 327 224 362 611 48 171 570 489 136 371 524 256 209 613 97 150 723 163 380 134 313 274 310 258 355 507 115 408 560 210 502 455 245 656 248 621 526 181 144 313 471 459 138 497 505 530 448 310 480 714 441 210 411 236 
757 212 565 409 389 818 319 302 706 439 275 514 624 531 305 591 597 287 293 339 225 228 475 832 720 648 432 455 30 422 341 376 668 316 492 33 234 375 402 638 376 216 748 514 609 493 655 596 496 606 305 390 294 385 582 199 543 675 191 599 591 553 567 442 464 66 133 747 378 445 590 794 641 462 251 768 227 272 444 584 
705 513 326 562 445 654 423 615 727 530 415 419 534 209 616 375 619 210 606 317 511 485 177 597 705 640 392 170 335 634 34 100 642 510 176 344 519 318 140 675 175 109 787 234 461 190 384 352 387 327 391 541 161 455 621 223 564 537 259 706 320 668 588 136 138 270 450 540 212 543 573 612 527 382 488 783 449 130 468 306 
86 651 465 370 298 325 374 723 104 280 424 250 162 687 717 415 110 469 722 368 618 562 807 500 43 42 276 813 659 475 635 760 20 454 643 664 615 351 799 123 493 642 167 555 277 605 540 473 284 556 381 372 509 305 140 522 148 244 508 266 534 281 130 767 710 702 682 400 452 284 95 356 201 280 529 133 517 759 241 548 
249 568 587 268 279 499 336 619 91 214 377 352 310 783 613 546 110 504 620 397 533 483 877 666 163 145 329 878 624 346 692 814 181 367 735 627 528 398 854 56 563 667 99 659 419 701 676 602 382 680 357 279 553 276 95 530 154 404 506 102 657 135 133 836 789 686 617 562 521 208 183 527 354 359 448 139 448 789 246 668 
178 727 304 495 364 141 439 816 311 396 487 184 87 543 812 247 278 428 813 359 698 641 689 293 239 228 271 702 679 612 545 665 194 553 508 686 698 323 701 318 403 591 372 410 117 468 356 302 206 385 429 489 450 380 309 506 276 48 507 452 366 454 276 655 586 696 734 193 371 407 207 155 57 236 612 329 588 695 309 383 
458 985 354 794 647 191 711 1084 614 696 753 436 392 543 1081 315 592 617 1079 593 961 907 716 82 537 540 531 739 893 911 644 735 504 836 534 902 963 552 760 630 538 738 670 447 324 502 306 325 436 364 693 784 614 664 622 706 587 294 721 765 363 766 589 696 619 882 973 160 528 708 520 158 348 480 883 620 852 808 599 380 
550 834 154 719 560 347 601 938 666 634 630 368 404 272 937 167 599 436 932 459 816 769 445 193 604 572 439 469 703 830 400 474 548 728 270 712 821 421 495 653 331 512 732 199 290 243 52 125 347 105 573 703 415 578 622 521 569 326 546 760 116 744 582 428 351 670 801 203 340 649 524 289 364 387 753 696 717 560 533 126 
251 495 490 205 171 459 236 561 150 123 282 255 242 677 555 455 54 393 560 285 460 406 766 603 183 122 219 767 528 310 581 703 158 294 628 531 457 287 742 82 453 556 195 555 338 594 584 508 283 583 252 209 441 171 28 421 52 341 399 139 560 132 44 724 679 584 534 496 411 123 114 476 287 254 372 212 365 678 134 570 
208 659 616 359 357 475 420 710 57 300 464 389 320 828 704 570 158 572 711 464 624 573 934 658 128 153 386 938 710 435 754 878 175 458 782 713 619 459 917 104 618 739 10 699 434 745 697 627 422 709 438 370 617 356 161 606 214 404 584 185 687 223 189 894 842 769 707 559 576 296 214 511 360 407 538 58 538 860 315 700 
683 317 433 418 345 708 293 418 660 416 267 417 533 397 420 464 548 171 410 254 318 297 361 705 660 588 349 345 141 466 207 265 602 345 356 150 326 280 298 597 244 87 712 377 499 355 519 464 393 470 268 396 164 347 541 98 492 570 117 590 456 547 517 324 334 102 254 625 251 426 525 678 542 367 306 721 270 184 388 447 
402 615 90 482 323 322 366 718 475 399 398 146 229 303 716 76 389 234 712 227 594 544 440 312 428 379 203 453 511 594 300 417 365 494 262 519 598 187 452 446 166 367 541 170 132 223 191 113 117 183 340 466 235 341 406 323 349 205 340 536 160 516 367 405 338 501 594 226 147 414 319 284 207 153 525 518 490 458 299 169 
249 807 296 586 449 57 521 899 397 487 567 252 178 534 895 238 372 479 895 426 779 723 693 208 322 319 346 709 744 703 568 682 284 639 506 751 779 387 715 410 434 632 456 407 152 467 320 284 265 360 508 579 494 466 403 563 370 89 569 546 346 548 371 662 589 751 807 123 408 498 301 62 138 303 695 408 669 726 396 364 
358 409 554 109 165 563 196 464 235 78 229 327 341 714 458 527 162 399 464 298 374 323 781 697 284 229 263 778 473 203 592 707 266 208 663 474 369 314 746 167 480 545 258 603 425 633 654 576 348 645 223 120 449 153 131 403 147 438 374 100 621 59 150 739 703 541 459 589 440 65 218 577 384 311 288 293 290 665 165 629 
222 571 295 347 208 295 282 660 267 249 330 67 72 506 656 253 182 302 656 215 541 485 624 406 226 170 120 632 532 464 455 580 162 398 462 538 541 186 619 239 312 474 332 376 134 424 383 309 101 388 273 338 336 224 204 369 153 154 364 344 366 333 165 585 527 558 580 298 272 261 110 295 103 103 456 312 432 588 154 377 
685 472 332 523 410 651 385 574 700 494 375 400 517 243 575 377 590 178 565 285 469 443 218 607 682 615 365 209 296 593 54 134 619 469 206 305 477 290 173 646 163 71 759 250 452 214 400 360 369 344 353 501 131 420 591 182 535 527 218 671 335 632 559 177 178 235 410 543 195 507 548 611 514 360 446 756 407 129 437 323 
226 811 321 582 450 54 523 901 378 483 571 259 173 560 897 262 360 493 898 434 782 726 717 231 302 304 351 733 754 699 589 704 268 639 531 761 782 396 737 395 452 649 435 432 166 491 347 310 275 387 512 576 510 466 391 576 362 96 580 533 373 537 361 686 613 764 814 150 426 494 292 82 138 311 697 387 672 746 395 390 
506 889 215 742 585 271 636 992 639 651 672 378 383 375 990 198 587 499 986 502 869 818 548 91 570 550 463 571 773 857 491 573 521 765 369 782 872 461 595 637 404 596 702 290 279 340 141 183 365 200 612 728 486 603 614 587 566 291 608 756 204 747 576 529 453 749 864 139 404 665 511 214 339 409 799 661 765 653 548 218 
479 412 269 342 203 499 203 516 482 290 217 205 322 353 514 281 372 43 509 71 393 346 414 519 467 399 149 413 306 436 226 347 406 320 303 315 398 74 387 428 119 216 541 265 289 279 371 300 180 337 171 321 86 216 374 122 317 358 133 463 316 427 342 372 335 310 387 428 88 305 333 473 330 156 332 540 295 334 221 316 
510 235 570 66 173 672 123 298 406 144 111 384 444 675 293 561 316 337 297 268 200 149 704 770 446 382 293 695 317 112 519 618 414 34 624 317 195 303 655 336 443 440 432 587 496 603 676 598 391 651 154 54 385 155 290 304 278 532 268 259 629 213 294 663 644 396 287 664 411 140 348 673 481 346 115 465 122 553 223 632 
777 583 366 648 530 705 509 682 808 616 500 492 604 187 684 421 700 296 673 401 585 562 94 625 783 719 473 84 399 718 105 28 718 594 176 407 593 400 60 758 246 180 869 261 523 205 404 388 459 345 477 626 246 541 704 307 647 597 342 791 343 754 671 57 102 323 514 581 286 629 652 658 593 459 567 862 530 134 552 327 
5730 7070 1010 6350 4800 4310 5040 8130 6570 5630 5250 3270 4040 1440 8120 1590 5700 3100 8060 3590 6930 6500 3110 3270 6070 5600 3690 3310 5630 7380 2480 3260 5450 6260 1250 5720 6990 3280 3500 6280 1980 3620 7230 490 2950 920 1060 1060 2960 470 4730 6170 2790 4970 5860 3880 5280 3580 4170 7120 470 6880 5470 2870 2100 5230 6660 2950 2190 5780 5010 3790 3760 3250 6390 6980 6010 4070 4670 300 
2208 4536 882 3522 2592 1170 2934 5136 2928 2964 3174 1332 1362 2286 5124 558 2580 2310 5106 2184 4398 4080 3258 1002 2538 2376 1866 3360 3966 4218 2604 3240 2214 3702 2130 4014 4410 1932 3420 2880 1872 3090 3318 1542 720 1896 1008 786 1284 1230 2808 3450 2310 2706 2730 2844 2442 864 2928 3582 1152 3528 2502 3084 2634 3912 4446 450 1788 3048 2124 870 1110 1548 3948 3090 3756 3576 2352 1254 
4563 6381 360 5463 4041 3249 4347 7326 5391 4752 4590 2484 3069 1926 7317 810 4653 2799 7272 3051 6228 5814 3402 2439 4905 4518 2988 3573 5211 6435 2637 3465 4356 5490 1710 5301 6273 2727 3708 5166 1863 3555 5985 864 2061 1377 648 315 2232 468 4095 5310 2619 4203 4824 3573 4320 2601 3798 6003 270 5814 4464 3168 2484 4950 6084 2043 1944 4887 4014 2781 2790 2547 5679 5733 5346 4104 3861 405 
7848 5922 3987 6696 5670 7065 5454 6777 8163 6435 5355 5292 6291 2052 6804 4500 7200 3555 6696 4509 5967 5814 513 6192 7920 7353 5148 279 4230 7281 1845 774 7344 6174 2133 4302 6039 4491 450 7713 3087 2394 8712 2997 5508 2466 4176 4149 4995 3654 5175 6498 3105 5760 7236 3609 6714 6165 3924 8019 3681 7677 6930 684 1368 3465 5256 5895 3456 6552 6759 6624 6165 5013 5886 8649 5553 1620 5868 3528 
3136 3675 1092 2982 1897 2884 2072 4403 3423 2492 2247 1141 1932 2023 4389 1183 2723 952 4354 1057 3542 3206 2758 2870 3192 2772 1176 2807 2884 3710 1596 2464 2744 2947 1687 2947 3570 833 2723 3129 581 1925 3871 1218 1456 1449 1820 1309 910 1617 1869 2856 966 2016 2793 1575 2380 1981 1701 3591 1463 3395 2534 2478 2086 2814 3493 2268 364 2597 2317 2653 1883 952 3094 3780 2835 2618 1848 1477 
3654 1380 2736 1770 1464 4074 1080 2010 3378 1818 870 2226 2868 2886 2010 2832 2712 1020 1968 1176 1314 1110 2850 4266 3438 3006 1710 2778 750 2052 1812 2298 3120 1320 2604 792 1350 1404 2508 2976 1674 1212 3654 2574 2826 2544 3330 2928 2136 3084 966 1638 1188 1452 2640 534 2388 3204 360 2838 2970 2568 2532 2610 2592 1014 1170 3714 1596 1866 2658 3948 2982 1914 1122 3750 894 1860 1782 2946 
6669 5787 2700 6021 4833 5769 4761 6705 7110 5616 4752 4158 5103 864 6714 3213 6183 2763 6624 3636 5760 5499 873 4914 6804 6273 4149 1026 4185 6750 1116 1053 6228 5643 846 4266 5823 3537 1197 6705 2034 2160 7677 1701 4266 1170 2898 2853 3852 2376 4464 5832 2304 4941 6255 3078 5724 4914 3402 7155 2394 6849 5931 612 90 3573 5220 4599 2412 5742 5679 5328 4950 3924 5508 7560 5157 2007 4941 2241 
656 5224 3624 2992 2368 2512 2984 5808 936 2264 3384 1920 1200 5408 5760 3224 928 3696 5792 2896 4952 4512 6376 3896 432 384 2152 6432 5256 3840 5008 6008 112 3656 5056 5296 4936 2752 6320 1064 3872 5080 1440 4344 2120 4752 4216 3688 2192 4344 3032 3000 4008 2440 1176 4128 1200 1848 4032 2208 4176 2312 1064 6064 5592 5584 5456 3096 3544 2296 728 2752 1504 2168 4240 1160 4136 6016 1912 4288 
6320 3460 3770 4000 3080 6500 2670 4500 6180 3850 2490 3610 4780 3610 4510 4060 5050 1140 4420 2040 3400 3110 3500 6470 6120 5420 2980 3390 1860 4620 1760 2600 5530 3390 3160 1950 3470 2260 2970 5570 1880 840 6710 3270 4410 3110 4660 4080 3360 4180 2380 3780 1060 3130 5000 580 4490 5120 900 5620 4030 5200 4740 3100 3070 1610 2920 5660 1930 3960 4770 6200 4860 3110 3130 6780 2750 2030 3460 3950 
6850 5860 2650 6020 4700 6040 4610 6890 7270 5570 4620 4030 5110 1240 6900 3200 6230 2400 6810 3370 5810 5500 1540 5280 6960 6350 3960 1610 4140 6840 650 1280 6320 5620 910 4230 5880 3270 1590 6810 1620 1900 7900 1620 4250 1100 3090 2880 3690 2500 4290 5810 1890 4820 6300 2790 5710 4990 3150 7290 2460 6940 5940 1150 700 3530 5270 4810 2040 5710 5690 5570 4980 3740 5490 7790 5100 2060 4820 2310 
2925 4779 1962 3249 1827 3060 2322 5652 3285 2457 2682 360 1422 3672 5625 1737 2412 1872 5616 1287 4554 4059 4680 3582 2970 2439 729 4743 4158 4275 3150 4275 2394 3465 3258 4221 4572 936 4626 2943 1863 3384 3870 2538 1206 2925 2862 2160 162 2790 2133 3114 2124 1989 2547 2565 2016 1764 2592 3681 2583 3483 2196 4329 3816 4275 4734 2655 1503 2592 1854 2898 1476 243 3852 3726 3573 4374 1548 2664 
5026 3031 2716 3619 2933 4893 2681 3731 5047 3493 2562 3052 3878 2079 3745 3010 4263 1386 3668 2121 3045 2891 1708 4641 4956 4480 2730 1603 1750 4039 777 1036 4529 3171 1834 1813 3101 2205 1281 4641 1477 231 5439 2156 3479 1904 3206 2912 2849 2821 2471 3465 1120 2982 4249 1218 3871 4004 1442 4732 2751 4445 4046 1449 1575 1274 2562 4172 1659 3577 4018 4627 3885 2744 2947 5453 2688 651 3164 2667 
1225 3375 1130 2345 1620 950 1960 3845 1750 1860 2185 595 440 2310 3825 855 1455 1755 3825 1460 3240 2960 3025 1415 1445 1285 1070 3090 3055 2935 2300 2900 1160 2570 2125 3090 3245 1270 3080 1705 1590 2550 2075 1645 165 1925 1455 1140 660 1560 1885 2300 1850 1705 1585 2160 1360 235 2185 2305 1460 2270 1400 2850 2510 3105 3370 870 1440 1925 1075 885 245 845 2830 1905 2690 3055 1375 1535 
2195 1470 2450 425 435 2940 280 1860 1775 410 415 1490 1805 3050 1835 2390 1265 1385 1850 970 1305 1025 3280 3420 1915 1575 1035 3250 1645 940 2340 2880 1720 525 2800 1655 1295 1125 3075 1425 1875 2030 1960 2575 2050 2675 2975 2585 1525 2865 440 325 1640 345 1165 1325 1040 2235 1165 1225 2755 1005 1135 3070 2940 1975 1645 2890 1700 430 1365 2935 1985 1305 860 2080 800 2625 695 2770 
2190 1515 2645 200 595 3030 515 1850 1685 360 615 1640 1890 3280 1820 2570 1220 1620 1845 1190 1345 1080 3515 3565 1870 1550 1205 3485 1810 765 2575 3115 1710 510 3030 1815 1325 1335 3305 1335 2105 2260 1835 2795 2185 2900 3170 2775 1690 3075 680 120 1875 505 1095 1555 1035 2340 1390 1035 2960 805 1110 3305 3175 2165 1740 3030 1925 340 1385 3045 2080 1475 905 1990 895 2850 800 2980 
795 3520 1575 2335 1700 850 2075 3960 1415 1840 2320 850 305 2760 3940 1295 1240 2085 3945 1710 3370 3090 3465 1610 1065 990 1255 3525 3310 2915 2715 3325 830 2635 2570 3345 3370 1540 3505 1440 1995 2915 1725 2090 615 2370 1870 1580 975 1995 2035 2305 2210 1775 1395 2460 1235 330 2455 2110 1900 2120 1230 3290 2955 3410 3565 1105 1830 1890 885 925 235 1105 2940 1525 2825 3450 1415 1975 
2313 4581 2916 2565 1305 3231 1980 5373 2358 1692 2421 819 1197 4644 5328 2628 1440 2430 5337 1548 4311 3798 5571 4185 2160 1557 702 5607 4320 3627 3969 5094 1602 3006 4221 4365 4311 1368 5445 1971 2727 3987 2925 3519 1701 3897 3780 3087 1044 3753 1917 2484 2799 1449 1557 2943 1035 1962 2853 2718 3546 2565 1206 5211 4743 4608 4689 3213 2349 1809 954 3222 1503 828 3537 2835 3330 5049 819 3636 
4495 3420 2325 3870 3295 4035 3180 3890 4680 3720 3120 3080 3625 1215 3905 2615 4145 2125 3845 2655 3450 3365 350 3520 4540 4230 3005 260 2475 4190 1170 580 4220 3575 1285 2515 3490 2645 390 4430 1855 1470 4985 1775 3185 1475 2400 2410 2910 2115 3020 3760 1875 3345 4165 2150 3875 3550 2325 4600 2140 4410 3995 495 860 2050 3045 3375 2060 3790 3895 3785 3555 2925 3410 4945 3225 1020 3405 2050 
2430 5730 2670 3610 2160 2900 2860 6640 2940 2650 3330 420 800 4790 6610 2270 2100 2850 6610 2050 5440 4880 5990 3880 2520 1980 1150 6070 5250 4790 4320 5570 1880 4060 4350 5310 5450 1730 5950 2660 2880 4560 3600 3480 1130 3970 3560 2820 760 3600 2740 3510 3170 2330 2300 3570 1780 1450 3540 3690 3380 3560 1910 5610 5010 5460 5780 2800 2500 2780 1380 2840 990 860 4610 3390 4350 5680 1660 3500 
5661 4725 2214 4752 3564 5148 3483 5661 5949 4347 3501 3096 4113 1638 5670 2637 4995 1494 5589 2376 4653 4347 1998 4680 5706 5139 2943 2016 3258 5499 432 1539 5130 4401 1224 3339 4716 2304 1881 5517 873 1350 6507 1467 3420 1206 2817 2466 2790 2322 3195 4563 1035 3672 5040 1890 4518 4095 2205 5904 2232 5589 4734 1629 1296 2817 4239 4131 1242 4473 4545 4770 4032 2790 4320 6426 3969 1890 3699 2124 
7570 2120 5650 4090 3890 8180 3190 3020 7060 4390 2750 5140 6240 5310 3050 5910 5970 2870 2930 3390 2250 2280 4750 8320 7200 6480 4320 4550 300 4220 3410 3760 6680 3160 4920 330 2340 3750 4020 6380 3760 2160 7480 5140 6090 4930 6550 5960 4960 6060 3050 3900 2940 3850 5820 1990 5430 6750 1910 5990 5910 5530 5670 4420 4640 660 1330 7470 3780 4450 5900 7940 6410 4620 2510 7680 2270 2720 4440 5840 
4230 3078 1956 3372 2670 3924 2538 3690 4362 3180 2490 2514 3204 1254 3696 2250 3714 1260 3636 1902 3066 2910 1062 3582 4230 3840 2352 1020 2010 3804 204 600 3852 3060 1056 2064 3114 1908 840 4050 1050 654 4722 1404 2766 1140 2304 2112 2322 1962 2346 3246 966 2730 3726 1338 3384 3222 1554 4236 1920 4008 3528 816 828 1620 2700 3240 1272 3258 3438 3672 3162 2292 2928 4698 2694 780 2808 1836 
602 4557 3255 2590 2086 2275 2618 5061 728 1960 2968 1750 1134 4809 5019 2905 770 3283 5054 2576 4326 3934 5649 3500 301 294 1932 5691 4613 3325 4445 5320 140 3178 4501 4648 4305 2457 5593 861 3451 4494 1169 3885 1939 4235 3780 3311 1988 3892 2667 2604 3563 2135 980 3654 1036 1708 3556 1862 3738 1967 910 5369 4970 4914 4774 2800 3164 1988 665 2492 1407 1960 3703 931 3619 5313 1687 3836 
1992 4544 4696 2144 2232 3992 2688 4952 728 1712 3016 2816 2480 6264 4904 4368 880 4032 4960 3176 4264 3864 7016 5328 1304 1160 2632 7024 4992 2768 5536 6512 1448 2936 5880 5016 4224 3184 6832 448 4504 5336 792 5272 3352 5608 5408 4816 3056 5440 2856 2232 4424 2208 760 4240 1232 3232 4048 816 5256 1080 1064 6688 6312 5488 4936 4496 4168 1664 1464 4216 2832 2872 3584 1112 3584 6312 1968 5344 
1068 4362 1824 2970 2184 846 2634 4896 1866 2376 2922 1104 522 3258 4872 1482 1668 2568 4878 2154 4188 3846 4134 1758 1434 1368 1626 4212 4074 3672 3270 3990 1164 3318 3048 4116 4188 1938 4206 1908 2418 3546 2232 2460 702 2808 2136 1812 1236 2310 2574 2934 2700 2280 1854 3036 1656 288 3042 2712 2196 2724 1656 3930 3516 4176 4404 1158 2226 2442 1242 930 342 1416 3672 1974 3528 4170 1854 2298 
2748 5910 2124 4764 3882 1146 4266 6504 3684 4176 4518 2616 2352 3258 6486 1890 3552 3702 6474 3558 5766 5442 4296 492 3222 3240 3186 4434 5358 5466 3864 4410 3024 5016 3204 5412 5778 3312 4560 3780 3228 4428 4020 2682 1944 3012 1836 1950 2616 2184 4158 4704 3684 3984 3732 4236 3522 1764 4326 4590 2178 4596 3534 4176 3714 5292 5838 960 3168 4248 3120 948 2088 2880 5298 3720 5112 4848 3594 2280 
3850 5838 1078 5033 3920 2429 4207 6566 4662 4438 4410 2576 2828 1904 6559 1169 4193 3052 6524 3213 5712 5383 3115 1351 4228 4004 3073 3283 4921 5810 2800 3318 3836 5096 1890 4984 5747 2947 3465 4571 2317 3584 5124 1393 2030 1701 364 875 2429 735 4011 4921 2905 4046 4354 3647 3983 2282 3822 5320 812 5208 4074 2996 2457 4690 5607 1421 2380 4543 3668 2023 2548 2709 5271 4872 5019 3920 3731 882 
1506 2970 2940 1230 1026 2754 1416 3366 900 738 1692 1530 1452 4062 3330 2730 324 2358 3360 1710 2760 2436 4596 3618 1098 732 1314 4602 3168 1860 3486 4218 948 1764 3768 3186 2742 1722 4452 492 2718 3336 1170 3330 2028 3564 3504 3048 1698 3498 1512 1254 2646 1026 168 2526 312 2046 2394 834 3360 792 264 4344 4074 3504 3204 2976 2466 738 684 2856 1722 1524 2232 1272 2190 4068 804 3420 
1248 3954 3696 2154 2142 2850 2520 4260 342 1800 2784 2334 1920 4968 4224 3420 948 3432 4266 2784 3744 3438 5604 3948 768 918 2316 5628 4260 2610 4524 5268 1050 2748 4692 4278 3714 2754 5502 624 3708 4434 60 4194 2604 4470 4182 3762 2532 4254 2628 2220 3702 2136 966 3636 1284 2424 3504 1110 4122 1338 1134 5364 5052 4614 4242 3354 3456 1776 1284 3066 2160 2442 3228 348 3228 5160 1890 4200 
3415 1585 2165 2090 1725 3540 1465 2090 3300 2080 1335 2085 2665 1985 2100 2320 2740 855 2050 1270 1590 1485 1805 3525 3300 2940 1745 1725 705 2330 1035 1325 3010 1725 1780 750 1630 1400 1490 2985 1220 435 3560 1885 2495 1775 2595 2320 1965 2350 1340 1980 820 1735 2705 490 2460 2850 585 2950 2280 2735 2585 1620 1670 510 1270 3125 1255 2130 2625 3390 2710 1835 1530 3605 1350 920 1940 2235 
2010 3075 450 2410 1615 1610 1830 3590 2375 1995 1990 730 1145 1515 3580 380 1945 1170 3560 1135 2970 2720 2200 1560 2140 1895 1015 2265 2555 2970 1500 2085 1825 2470 1310 2595 2990 935 2260 2230 830 1835 2705 850 660 1115 955 565 585 915 1700 2330 1175 1705 2030 1615 1745 1025 1700 2680 800 2580 1835 2025 1690 2505 2970 1130 735 2070 1595 1420 1035 765 2625 2590 2450 2290 1495 845 
1245 4035 1480 2930 2245 285 2605 4495 1985 2435 2835 1260 890 2670 4475 1190 1860 2395 4475 2130 3895 3615 3465 1040 1610 1595 1730 3545 3720 3515 2840 3410 1420 3195 2530 3755 3895 1935 3575 2050 2170 3160 2280 2035 760 2335 1600 1420 1325 1800 2540 2895 2470 2330 2015 2815 1850 445 2845 2730 1730 2740 1855 3310 2945 3755 4035 615 2040 2490 1505 310 690 1515 3475 2040 3345 3630 1980 1820 
2506 2863 3878 763 1155 3941 1372 3248 1645 546 1603 2289 2387 4998 3206 3689 1134 2793 3248 2086 2618 2261 5467 4879 1988 1603 1841 5446 3311 1421 4144 4949 1862 1456 4641 3318 2583 2198 5222 1169 3360 3815 1806 4221 2975 4431 4578 4032 2436 4515 1561 840 3143 1071 917 2821 1029 3066 2618 700 4347 413 1050 5173 4921 3787 3213 4123 3080 455 1526 4039 2688 2177 2016 2051 2030 4655 1155 4403 
1110 2855 1475 1735 1040 1475 1410 3300 1335 1245 1650 335 360 2530 3280 1265 910 1510 3280 1075 2705 2425 3120 2030 1130 850 600 3160 2660 2320 2275 2900 810 1990 2310 2690 2705 930 3095 1195 1560 2370 1660 1880 670 2120 1915 1545 505 1940 1365 1690 1680 1120 1020 1845 765 770 1820 1720 1830 1665 825 2925 2635 2790 2900 1490 1360 1305 550 1475 515 515 2280 1560 2160 2940 770 1885 
6165 4248 2988 4707 3690 5859 3465 5166 6300 4446 3375 3600 4653 2187 5175 3393 5310 1602 5085 2565 4221 3987 1962 5463 6138 5535 3285 1881 2664 5337 486 1206 5571 4221 1854 2745 4293 2610 1557 5814 1467 639 6831 2250 4068 1926 3600 3240 3321 3096 3177 4509 1179 3780 5319 1638 4815 4743 1962 6039 3015 5688 5031 1593 1602 2115 3690 4887 1755 4563 4932 5499 4626 3240 4014 6804 3663 1161 3933 2907 
1808 6488 2568 4656 3600 432 4184 7208 3024 3864 4568 2072 1384 4480 7176 2096 2880 3944 7184 3472 6256 5808 5736 1848 2416 2432 2808 5864 6032 5592 4712 5632 2144 5112 4248 6088 6256 3168 5896 3160 3616 5192 3480 3456 1328 3928 2776 2480 2200 3096 4096 4608 4080 3728 3128 4608 2896 768 4640 4264 2984 4296 2888 5488 4904 6112 6512 1200 3408 3952 2336 656 1104 2488 5576 3096 5376 5968 3160 3120 
2530 4445 1075 3710 2925 1355 3180 4960 3195 3255 3360 1890 1915 1875 4950 990 2935 2495 4930 2510 4345 4090 2740 455 2850 2750 2315 2855 3865 4285 2455 2865 2605 3825 1845 3910 4360 2305 2975 3185 2020 2980 3510 1450 1395 1700 705 915 1825 1000 3060 3640 2430 3015 3070 2935 2830 1455 3040 3780 1020 3735 2880 2645 2265 3745 4320 695 2020 3325 2555 1070 1695 2045 3995 3305 3825 3265 2740 1090 
2874 2472 1614 2052 1218 2994 1218 3096 2892 1740 1302 1230 1932 2118 3084 1686 2232 258 3054 426 2358 2076 2484 3114 2802 2394 894 2478 1836 2616 1356 2082 2436 1920 1818 1890 2388 444 2322 2568 714 1296 3246 1590 1734 1674 2226 1800 1080 2022 1026 1926 516 1296 2244 732 1902 2148 798 2778 1896 2562 2052 2232 2010 1860 2322 2568 528 1830 1998 2838 1980 936 1992 3240 1770 2004 1326 1896 
3060 1410 3420 396 1038 4032 738 1788 2436 864 666 2304 2664 4050 1758 3366 1896 2022 1782 1608 1200 894 4224 4620 2676 2292 1758 4170 1902 672 3114 3708 2484 204 3744 1902 1170 1818 3930 2016 2658 2640 2592 3522 2976 3618 4056 3588 2346 3906 924 324 2310 930 1740 1824 1668 3192 1608 1554 3774 1278 1764 3978 3864 2376 1722 3984 2466 840 2088 4038 2886 2076 690 2790 732 3318 1338 3792 
4662 3498 2196 3888 3180 4230 3054 4092 4848 3696 3000 2952 3624 1122 4104 2526 4200 1776 4038 2406 3510 3372 564 3750 4698 4314 2838 504 2394 4308 630 168 4308 3564 1056 2442 3558 2400 360 4548 1476 1080 5214 1566 3138 1230 2424 2328 2754 2070 2862 3756 1476 3246 4224 1842 3882 3582 2052 4746 2058 4524 4026 342 612 1938 3084 3486 1716 3774 3912 3948 3558 2754 3402 5172 3180 804 3312 1962 
