20 40 100
80 80 80 80 80 80 80 80 80 80 80 80 80 80 80 80 80 80 80 80 
25 16 21 20 7 21 16 11 14 18 24 12 11 9 8 7 14 7 7 14 26 14 26 11 7 8 20 16 7 16 26 17 17 27 24 21 26 8 24 9 24 13 12 8 16 15 22 22 9 15 8 18 12 17 25 20 10 21 9 8 9 10 13 25 25 7 8 22 12 18 19 16 15 26 20 10 17 18 9 7 26 14 9 15 14 20 23 25 17 27 18 27 15 14 16 14 15 19 8 22 
149 331 635 409 534 654 162 583 319 608 495 265 587 492 562 111 315 514 400 129 297 176 327 108 324 469 539 476 480 230 560 599 612 438 695 130 606 537 798 608 
413 413 363 448 521 398 229 338 418 341 227 316 333 231 340 160 85 400 144 363 40 447 377 380 213 334 277 258 315 49 288 335 429 300 423 378 471 296 533 346 
373 581 606 651 764 696 386 649 573 554 516 502 502 534 431 261 287 292 359 385 358 343 568 314 175 634 574 359 306 315 554 627 746 599 677 233 775 610 813 538 
498 196 633 120 81 517 313 434 220 660 485 210 698 448 749 431 525 841 552 422 414 577 164 520 647 179 477 680 754 409 556 515 303 191 652 595 214 402 660 686 
510 324 399 305 315 308 271 222 342 424 249 255 463 212 522 327 327 644 332 435 218 574 275 505 467 81 244 460 546 245 320 288 195 50 424 547 216 180 459 449 
652 520 205 506 503 127 420 64 536 245 91 440 303 55 391 419 301 570 253 585 240 701 471 631 442 252 50 356 461 303 136 88 229 239 223 647 326 39 276 277 
392 77 720 23 154 629 268 544 96 736 564 153 760 531 793 398 545 846 592 322 444 473 86 426 644 295 568 716 773 417 639 614 438 294 749 513 357 505 778 756 
459 156 642 83 99 536 282 451 179 665 490 174 698 454 744 404 511 825 545 383 402 538 125 482 628 197 487 672 742 391 563 528 333 203 665 559 250 416 681 689 
529 267 527 213 181 407 311 324 289 558 384 239 601 345 661 407 456 775 470 451 344 604 222 540 589 70 370 598 681 355 452 406 201 89 543 602 140 293 550 586 
168 470 784 556 690 824 338 757 453 747 657 426 712 659 663 281 450 550 536 225 461 101 479 122 402 650 705 581 553 396 714 764 793 619 848 52 784 712 963 740 
334 410 457 464 559 503 207 443 409 426 330 317 402 337 381 89 130 377 215 297 142 355 384 292 175 409 381 295 317 90 387 439 522 374 521 277 550 401 637 424 
585 487 216 487 507 201 362 145 501 232 59 400 272 36 342 345 220 501 179 522 162 630 440 561 362 263 84 294 394 226 134 143 284 239 257 571 365 110 342 257 
335 288 455 326 411 443 113 368 293 447 301 190 450 288 465 123 209 513 267 270 120 387 252 317 314 269 335 384 437 81 373 394 399 234 506 346 410 321 591 457 
744 549 312 510 465 137 506 98 570 371 247 490 442 212 539 537 452 727 410 671 375 804 500 734 595 238 193 511 617 430 270 181 118 246 294 765 234 123 256 408 
391 361 387 393 466 396 186 328 367 375 239 264 375 233 391 148 141 455 192 333 46 433 323 364 263 288 281 311 371 36 308 340 396 253 442 376 427 283 539 384 
765 567 320 525 475 141 527 114 587 382 264 509 454 231 553 559 472 744 429 692 397 826 518 756 615 254 209 527 634 452 284 192 124 265 298 787 240 143 249 419 
817 642 260 607 564 79 580 118 662 329 251 577 406 229 512 594 476 720 419 747 419 872 593 802 613 334 192 500 609 480 245 150 215 339 224 823 331 164 158 366 
526 542 275 571 631 366 359 333 547 235 188 445 210 215 210 274 62 312 24 483 140 548 503 485 174 417 247 132 210 179 218 295 474 385 344 463 541 303 477 231 
266 508 666 585 708 731 329 673 496 623 555 439 580 565 522 223 333 404 415 289 372 230 503 207 260 614 609 444 407 315 604 665 742 580 734 120 754 630 860 612 
337 266 464 302 386 442 105 364 273 459 308 169 466 292 485 141 232 538 286 269 138 393 229 323 340 249 338 405 461 105 382 396 384 215 512 359 389 317 592 472 
1937 4303 8255 5317 6942 8502 2106 7579 4147 7904 6435 3445 7631 6396 7306 1443 4095 6682 5200 1677 3861 2288 4251 1404 4212 6097 7007 6188 6240 2990 7280 7787 7956 5694 9035 1690 7878 6981 10374 7904 
4956 4956 4356 5376 6252 4776 2748 4056 5016 4092 2724 3792 3996 2772 4080 1920 1020 4800 1728 4356 480 5364 4524 4560 2556 4008 3324 3096 3780 588 3456 4020 5148 3600 5076 4536 5652 3552 6396 4152 
5222 8134 8484 9114 10696 9744 5404 9086 8022 7756 7224 7028 7028 7476 6034 3654 4018 4088 5026 5390 5012 4802 7952 4396 2450 8876 8036 5026 4284 4410 7756 8778 10444 8386 9478 3262 10850 8540 11382 7532 
7470 2940 9495 1800 1215 7755 4695 6510 3300 9900 7275 3150 10470 6720 11235 6465 7875 12615 8280 6330 6210 8655 2460 7800 9705 2685 7155 10200 11310 6135 8340 7725 4545 2865 9780 8925 3210 6030 9900 10290 
7140 4536 5586 4270 4410 4312 3794 3108 4788 5936 3486 3570 6482 2968 7308 4578 4578 9016 4648 6090 3052 8036 3850 7070 6538 1134 3416 6440 7644 3430 4480 4032 2730 700 5936 7658 3024 2520 6426 6286 
7172 5720 2255 5566 5533 1397 4620 704 5896 2695 1001 4840 3333 605 4301 4609 3311 6270 2783 6435 2640 7711 5181 6941 4862 2772 550 3916 5071 3333 1496 968 2519 2629 2453 7117 3586 429 3036 3047 
5096 1001 9360 299 2002 8177 3484 7072 1248 9568 7332 1989 9880 6903 10309 5174 7085 10998 7696 4186 5772 6149 1118 5538 8372 3835 7384 9308 10049 5421 8307 7982 5694 3822 9737 6669 4641 6565 10114 9828 
6885 2340 9630 1245 1485 8040 4230 6765 2685 9975 7350 2610 10470 6810 11160 6060 7665 12375 8175 5745 6030 8070 1875 7230 9420 2955 7305 10080 11130 5865 8445 7920 4995 3045 9975 8385 3750 6240 10215 10335 
5290 2670 5270 2130 1810 4070 3110 3240 2890 5580 3840 2390 6010 3450 6610 4070 4560 7750 4700 4510 3440 6040 2220 5400 5890 700 3700 5980 6810 3550 4520 4060 2010 890 5430 6020 1400 2930 5500 5860 
2520 7050 11760 8340 10350 12360 5070 11355 6795 11205 9855 6390 10680 9885 9945 4215 6750 8250 8040 3375 6915 1515 7185 1830 6030 9750 10575 8715 8295 5940 10710 11460 11895 9285 12720 780 11760 10680 14445 11100 
4008 4920 5484 5568 6708 6036 2484 5316 4908 5112 3960 3804 4824 4044 4572 1068 1560 4524 2580 3564 1704 4260 4608 3504 2100 4908 4572 3540 3804 1080 4644 5268 6264 4488 6252 3324 6600 4812 7644 5088 
8190 6818 3024 6818 7098 2814 5068 2030 7014 3248 826 5600 3808 504 4788 4830 3080 7014 2506 7308 2268 8820 6160 7854 5068 3682 1176 4116 5516 3164 1876 2002 3976 3346 3598 7994 5110 1540 4788 3598 
4690 4032 6370 4564 5754 6202 1582 5152 4102 6258 4214 2660 6300 4032 6510 1722 2926 7182 3738 3780 1680 5418 3528 4438 4396 3766 4690 5376 6118 1134 5222 5516 5586 3276 7084 4844 5740 4494 8274 6398 
10416 7686 4368 7140 6510 1918 7084 1372 7980 5194 3458 6860 6188 2968 7546 7518 6328 10178 5740 9394 5250 11256 7000 10276 8330 3332 2702 7154 8638 6020 3780 2534 1652 3444 4116 10710 3276 1722 3584 5712 
5865 5415 5805 5895 6990 5940 2790 4920 5505 5625 3585 3960 5625 3495 5865 2220 2115 6825 2880 4995 690 6495 4845 5460 3945 4320 4215 4665 5565 540 4620 5100 5940 3795 6630 5640 6405 4245 8085 5760 
7650 5670 3200 5250 4750 1410 5270 1140 5870 3820 2640 5090 4540 2310 5530 5590 4720 7440 4290 6920 3970 8260 5180 7560 6150 2540 2090 5270 6340 4520 2840 1920 1240 2650 2980 7870 2400 1430 2490 4190 
11438 8988 3640 8498 7896 1106 8120 1652 9268 4606 3514 8078 5684 3206 7168 8316 6664 10080 5866 10458 5866 12208 8302 11228 8582 4676 2688 7000 8526 6720 3430 2100 3010 4746 3136 11522 4634 2296 2212 5124 
6838 7046 3575 7423 8203 4758 4667 4329 7111 3055 2444 5785 2730 2795 2730 3562 806 4056 312 6279 1820 7124 6539 6305 2262 5421 3211 1716 2730 2327 2834 3835 6162 5005 4472 6019 7033 3939 6201 3003 
3724 7112 9324 8190 9912 10234 4606 9422 6944 8722 7770 6146 8120 7910 7308 3122 4662 5656 5810 4046 5208 3220 7042 2898 3640 8596 8526 6216 5698 4410 8456 9310 10388 8120 10276 1680 10556 8820 12040 8568 
4381 3458 6032 3926 5018 5746 1365 4732 3549 5967 4004 2197 6058 3796 6305 1833 3016 6994 3718 3497 1794 5109 2977 4199 4420 3237 4394 5265 5993 1365 4966 5148 4992 2795 6656 4667 5057 4121 7696 6136 
909 380 591 376 40 456 591 632 372 680 574 700 496 656 662 640 175 42 646 381 722 715 335 470 638 672 610 588 502 263 344 121 223 372 597 389 637 193 205 353 89 141 242 367 213 699 497 363 400 136 550 400 491 429 370 683 595 448 223 500 638 286 634 413 498 426 370 387 144 252 194 341 554 686 410 452 269 195 770 510 341 66 526 713 369 772 558 544 66 110 600 409 821 424 646 417 753 623 678 342 
772 287 469 405 340 576 642 619 401 505 739 783 641 701 367 495 154 347 442 512 592 680 378 374 501 631 721 582 362 57 36 288 493 144 360 473 341 165 317 295 349 176 496 462 492 657 574 582 296 179 335 98 223 626 151 659 388 132 447 387 513 457 413 298 194 321 296 74 435 409 125 96 594 600 618 630 186 433 659 554 571 328 531 607 60 575 246 672 358 389 563 338 730 117 669 532 734 603 610 303 
199 429 239 403 816 441 292 174 408 279 536 364 483 271 612 237 769 764 355 479 160 95 444 333 225 114 414 211 343 727 681 654 717 563 446 425 614 637 572 439 864 748 687 448 736 93 363 628 414 722 422 651 550 588 554 129 384 723 641 316 203 561 399 408 640 387 428 726 910 561 692 608 289 103 609 549 556 665 97 316 648 839 266 113 677 315 687 449 746 726 178 383 59 659 226 447 125 172 98 444 
746 310 462 448 429 628 676 637 445 475 796 821 697 732 289 477 241 434 405 570 574 688 427 384 485 640 767 604 358 144 61 368 575 146 313 523 262 243 386 328 436 264 575 516 575 665 617 654 314 266 301 50 172 693 157 671 352 47 523 390 502 525 370 312 116 335 325 31 523 477 211 116 627 597 687 693 239 512 645 591 645 416 558 597 41 534 159 723 445 473 576 361 720 48 694 586 745 619 612 342 
715 379 474 531 568 718 738 678 529 449 890 885 789 788 176 471 380 571 371 667 563 714 519 428 482 667 844 651 383 283 197 498 703 225 271 613 152 371 503 408 575 403 701 609 705 690 694 768 376 404 285 147 162 800 236 704 328 100 646 423 505 637 328 369 75 389 398 161 662 591 348 223 690 608 797 795 348 638 637 659 763 555 616 597 172 484 30 809 580 606 613 424 715 121 745 678 773 659 629 425 
139 400 188 441 819 544 426 301 445 134 672 529 601 426 459 141 730 776 212 560 61 257 476 308 140 242 560 319 283 668 603 661 773 489 311 494 467 609 589 425 861 718 747 513 788 240 470 716 381 695 307 560 440 691 482 277 258 619 692 278 142 621 256 369 524 354 409 637 922 607 653 538 405 152 707 657 524 710 86 415 731 835 351 105 592 134 558 579 763 753 263 370 155 561 375 536 303 288 186 437 
680 146 360 210 278 372 451 450 206 442 535 588 437 514 456 405 203 246 407 308 493 523 178 242 406 476 520 409 265 192 208 139 331 163 364 270 434 68 123 128 315 179 324 258 336 504 375 389 165 153 314 235 278 427 156 496 357 311 267 269 408 260 397 177 316 192 141 269 383 212 129 156 405 470 421 428 36 262 547 362 383 289 352 490 224 533 386 469 242 252 404 185 606 260 488 329 571 437 470 126 
225 321 118 381 742 507 410 292 384 55 649 531 569 423 390 62 646 701 134 512 65 273 412 234 67 243 546 298 201 582 517 587 711 403 232 443 394 527 518 350 782 635 686 460 725 251 437 667 302 613 223 474 355 650 396 283 175 535 630 203 82 564 179 289 441 276 332 551 846 544 570 452 380 152 664 620 442 646 138 382 680 756 315 115 507 113 479 555 690 683 239 296 217 476 371 492 328 275 186 363 
790 296 484 407 319 574 646 628 403 524 735 786 638 706 391 512 131 328 463 508 608 690 378 386 517 641 721 590 377 34 60 275 479 161 382 472 365 156 309 301 326 155 483 460 477 668 575 572 306 160 356 122 246 619 168 668 408 152 435 401 529 449 434 310 218 332 304 91 413 401 109 112 598 614 609 624 187 420 674 558 561 306 537 622 83 596 268 671 340 372 572 347 744 141 675 530 743 612 622 308 
269 429 264 377 793 388 230 127 382 329 470 292 423 202 656 278 763 738 401 433 217 39 419 338 264 84 347 169 361 730 692 633 676 576 486 386 656 629 548 433 843 739 645 409 695 56 311 576 417 712 455 668 577 531 566 75 423 744 603 328 238 521 444 413 667 391 425 742 883 527 687 618 235 133 553 491 552 628 164 268 598 818 230 163 691 378 719 386 718 695 156 380 128 678 161 398 53 132 108 434 
285 271 90 271 671 365 260 145 274 184 501 385 424 277 489 119 612 622 242 380 118 152 308 175 104 108 396 148 188 569 523 510 599 406 317 315 487 481 431 285 717 593 572 335 616 127 292 536 256 567 282 496 402 511 396 149 255 570 520 158 77 446 281 250 492 228 272 570 769 436 535 450 231 56 527 478 399 540 141 237 552 691 171 85 520 263 545 406 606 591 89 228 192 505 224 355 211 127 66 291 
698 192 386 308 326 483 544 524 305 437 649 686 550 604 369 418 177 315 384 421 513 586 283 283 422 538 626 486 280 111 93 229 434 83 316 379 345 104 237 197 349 176 431 369 437 564 477 504 203 164 279 122 198 543 84 564 330 195 377 300 432 375 363 207 212 229 200 154 429 328 107 49 497 513 537 543 91 368 577 457 497 324 434 523 108 517 279 579 319 341 468 243 645 147 572 440 639 508 520 206 
348 442 309 363 774 336 171 110 367 393 398 213 361 129 710 335 764 716 459 390 288 72 403 359 321 111 273 151 394 741 712 617 637 598 537 353 707 629 531 439 825 736 604 377 656 95 263 524 433 709 501 694 615 473 588 73 475 773 567 356 293 485 500 432 704 409 434 765 859 497 690 638 190 194 497 432 558 594 242 231 548 802 211 232 713 451 761 320 695 667 167 391 207 707 101 353 30 126 161 436 
287 252 51 275 662 389 296 185 279 146 532 425 451 316 447 78 593 616 200 397 105 193 310 155 64 150 431 183 155 543 493 502 606 375 275 329 445 464 427 271 707 575 580 348 622 168 318 553 235 550 241 462 364 533 366 191 213 535 526 132 38 455 239 227 455 207 256 538 763 440 515 421 263 85 547 502 380 544 149 263 567 681 197 92 488 231 506 437 602 590 125 213 213 471 265 375 252 167 104 280 
460 469 383 358 747 273 120 158 362 483 298 101 279 55 783 419 765 686 542 340 388 175 394 402 405 197 173 179 450 756 741 598 582 634 610 322 778 633 514 457 800 733 548 344 602 193 215 453 465 705 567 732 669 394 623 157 549 814 521 408 378 440 580 468 756 446 457 797 822 462 696 668 163 289 419 351 571 550 350 206 479 778 221 332 746 550 817 231 663 630 224 418 319 748 86 302 141 177 254 449 
668 177 358 122 293 247 349 378 118 466 406 475 309 414 557 414 300 239 452 179 485 461 81 242 409 418 399 335 291 315 338 133 244 278 436 152 537 178 48 138 343 266 227 136 255 445 263 267 196 238 381 361 382 298 269 429 412 440 167 275 403 135 455 211 434 212 158 399 386 91 240 282 307 437 294 298 156 175 525 263 264 318 273 468 354 563 506 343 222 208 346 181 571 386 398 203 500 369 427 119 
507 227 254 97 501 144 145 171 101 380 306 286 213 207 598 312 504 444 404 151 347 257 134 195 302 221 239 128 258 497 489 345 383 391 436 91 586 372 260 205 553 473 353 113 401 246 90 307 229 445 382 489 451 285 380 223 387 572 307 218 283 227 428 237 530 218 210 548 588 229 435 419 98 269 299 255 313 331 362 57 323 530 68 311 497 474 598 214 423 398 158 181 388 508 185 127 290 165 247 194 
688 541 542 392 677 212 219 340 394 661 91 137 155 218 915 593 754 615 704 282 588 394 411 512 579 399 84 332 573 774 787 559 464 701 750 315 904 637 489 514 730 716 432 326 483 405 228 311 546 689 698 797 770 238 690 366 696 880 430 531 554 366 734 555 846 537 522 848 728 407 699 722 255 489 264 203 603 460 566 271 338 713 331 536 799 743 915 115 589 548 390 499 547 818 267 256 372 355 454 498 
431 268 220 172 585 199 108 85 177 341 334 254 256 154 601 272 576 529 381 228 286 171 213 206 259 137 238 42 260 559 540 427 467 433 432 175 593 441 342 258 636 547 436 198 485 161 124 380 265 519 383 531 473 347 422 137 375 613 392 217 236 311 412 268 558 246 256 596 673 315 503 467 67 197 365 312 375 417 289 70 399 613 22 242 544 429 622 239 509 484 83 217 307 547 116 197 205 79 170 252 
844 311 524 330 114 439 559 586 326 608 575 679 488 624 584 571 124 102 571 364 657 666 290 405 571 621 594 543 432 196 272 84 259 294 519 358 560 116 165 288 149 84 270 338 255 648 469 378 331 68 474 325 413 437 292 635 520 378 234 433 572 278 558 343 422 357 303 319 220 236 120 263 517 627 422 454 194 212 708 474 361 123 481 651 296 699 484 532 113 148 548 345 763 350 608 397 708 575 622 279 
483 120 182 80 474 245 245 219 83 302 413 391 317 300 487 241 436 423 310 224 302 291 112 89 234 244 350 180 153 412 391 312 410 286 330 154 475 301 232 110 521 410 385 166 425 272 202 374 119 383 275 384 340 369 275 264 285 467 329 118 223 263 328 126 420 106 107 448 571 244 361 318 196 252 378 347 228 347 339 163 384 496 127 283 396 400 487 324 408 393 172 71 387 402 265 215 339 204 244 106 
954 436 640 406 67 453 601 656 402 737 550 697 481 665 739 692 255 56 709 380 770 742 366 520 690 702 601 613 559 344 425 168 176 447 666 402 714 267 240 405 107 222 203 379 161 728 504 328 456 217 617 479 566 399 443 708 660 529 204 552 686 280 700 470 577 480 423 468 103 259 274 418 567 725 377 429 336 173 812 525 304 102 551 755 450 832 638 532 65 89 632 458 858 504 661 418 775 649 714 391 
722 245 421 372 363 549 605 577 369 455 716 749 616 664 333 446 188 361 393 489 542 635 349 329 451 586 690 541 314 96 27 288 494 94 313 445 307 161 303 257 377 201 493 436 495 612 542 570 252 198 286 66 178 610 103 615 339 129 441 340 465 442 365 254 164 277 256 87 462 394 140 48 557 553 604 611 158 430 610 519 562 355 492 558 42 526 225 645 369 395 519 296 681 90 629 507 690 560 563 268 
885 366 570 340 84 403 544 592 336 667 516 648 440 609 679 622 222 22 639 329 700 677 299 450 620 636 556 549 488 300 374 98 166 384 599 343 655 206 171 335 138 184 183 320 157 663 449 303 386 171 550 425 504 370 380 644 591 481 164 482 616 231 632 400 521 410 353 422 167 202 223 359 508 657 351 394 269 135 743 465 282 120 487 686 398 762 584 488 9 51 565 388 790 450 602 365 713 585 647 321 
624 348 398 195 500 12 155 260 196 524 166 232 68 211 735 456 556 438 550 87 481 343 209 337 444 322 143 228 401 572 585 366 320 502 578 114 721 436 291 317 553 519 286 123 340 341 72 198 356 491 523 597 580 153 491 307 531 679 262 362 424 184 572 366 652 351 328 646 567 217 498 521 146 392 174 116 400 292 483 125 221 534 191 438 598 617 721 86 413 376 279 311 493 619 225 54 353 265 364 300 
475 217 226 360 582 543 522 442 361 204 712 667 615 563 189 220 441 559 132 512 313 468 367 213 231 423 643 422 153 359 279 453 631 182 51 445 179 352 415 256 611 442 616 450 640 444 499 645 201 427 34 227 101 656 181 462 80 280 556 195 254 517 100 188 186 198 238 303 688 480 373 228 477 358 661 640 279 561 387 454 648 586 399 345 264 262 230 623 556 565 376 239 465 225 515 510 528 423 381 276 
240 298 88 320 710 423 317 197 324 137 559 436 483 328 461 83 638 663 205 437 61 183 356 202 70 149 453 205 195 586 532 550 651 415 292 371 461 510 474 318 754 621 625 390 667 160 351 593 281 597 266 499 394 569 406 190 229 568 571 177 47 499 248 272 484 253 303 575 810 486 560 462 290 62 585 537 426 590 103 296 608 728 230 48 526 207 531 465 649 637 147 261 172 505 276 413 241 181 94 327 
474 392 336 273 661 195 34 121 277 448 260 126 216 31 727 380 680 601 498 258 368 180 309 334 367 180 140 120 387 673 662 512 502 558 556 236 720 548 427 377 714 647 469 258 522 188 130 382 390 619 509 656 602 328 547 149 498 739 438 345 340 356 532 395 686 373 378 720 738 376 611 590 78 269 352 287 489 467 347 121 406 692 146 316 668 526 750 176 577 546 177 342 335 674 49 220 173 137 235 368 
580 457 435 316 657 169 110 229 319 552 160 75 150 110 817 484 706 595 597 244 477 286 343 416 470 288 35 222 474 714 716 522 468 621 648 253 807 581 443 434 710 670 435 270 489 295 147 328 459 643 598 719 679 263 610 256 593 802 417 432 445 341 629 466 760 446 440 776 722 373 644 647 151 378 289 221 535 447 455 176 355 691 228 425 725 633 827 98 570 533 281 411 439 738 156 209 269 244 343 421 
549 111 243 42 408 230 274 273 41 357 403 415 303 335 504 300 381 357 356 191 367 351 51 134 295 305 359 231 193 368 361 247 349 267 359 127 488 247 166 80 456 353 326 129 363 333 209 328 121 326 303 364 343 335 256 321 323 447 268 167 286 208 367 133 414 123 90 420 504 183 309 291 226 319 340 320 184 284 406 186 335 431 172 349 370 456 484 321 341 327 233 83 453 384 308 193 395 261 310 65 
237 346 159 330 738 393 262 137 334 222 510 365 444 260 547 169 687 688 292 421 117 99 369 250 155 76 395 161 262 644 599 577 652 481 377 362 547 555 496 358 786 666 623 384 670 77 316 574 332 640 348 570 473 541 472 113 314 643 574 233 130 497 335 325 563 304 346 645 835 492 609 526 246 24 560 505 474 596 95 264 593 760 205 62 595 280 613 418 671 653 113 301 122 579 209 392 155 126 24 363 
180 356 143 379 769 472 353 229 382 146 599 460 528 355 480 116 694 723 224 490 26 191 415 260 108 170 488 246 248 639 582 609 709 465 319 426 484 567 534 377 813 678 682 446 725 171 397 646 338 654 302 545 433 619 457 208 259 610 629 234 96 556 269 328 522 310 361 621 870 544 616 512 332 80 636 585 483 648 51 343 662 787 279 32 574 188 564 506 709 696 190 320 129 549 303 465 242 215 114 386 
371 345 243 465 737 629 568 463 467 139 790 702 699 594 208 199 598 710 81 614 256 459 482 301 213 424 701 457 239 515 431 601 766 340 106 544 219 507 553 383 767 599 748 555 777 436 571 760 326 584 148 375 244 759 338 465 110 412 689 271 241 639 66 311 309 312 364 446 843 607 530 385 530 338 768 736 430 697 326 519 767 741 455 306 413 133 324 695 705 711 401 349 404 367 542 604 517 444 370 403 
474 182 205 325 556 508 491 416 326 203 678 636 581 533 223 208 423 530 139 477 304 446 332 180 218 400 610 394 122 346 271 423 598 165 80 410 211 326 382 221 587 421 583 415 607 422 465 610 166 405 33 224 109 621 162 438 85 285 523 165 238 483 117 153 198 163 203 301 662 446 352 213 445 340 626 605 250 528 376 421 614 561 368 332 258 273 250 589 527 534 350 204 453 226 487 475 506 396 361 242 
131 474 270 465 873 512 363 245 469 278 606 429 554 339 612 253 816 823 357 548 160 166 505 377 244 183 484 280 377 767 715 712 784 597 454 492 617 685 631 489 920 797 754 515 802 164 434 698 459 772 439 680 570 659 588 200 395 747 707 356 227 628 402 451 659 430 477 756 970 626 738 644 359 148 679 620 603 730 86 385 718 895 334 133 708 292 700 520 806 788 243 432 12 685 297 516 187 242 157 496 
891 400 587 334 165 350 504 571 330 695 440 592 373 567 746 643 317 111 677 280 712 659 297 471 638 622 495 529 518 390 458 155 70 451 649 313 723 280 190 363 214 279 93 289 60 648 408 218 419 263 597 504 569 289 445 624 633 566 100 504 631 181 676 434 596 439 383 510 206 172 310 433 475 656 267 319 327 71 747 435 194 203 469 690 481 792 663 425 88 47 555 410 785 530 568 318 687 567 641 346 
487 358 323 499 704 678 642 548 500 245 846 783 750 675 92 293 545 687 170 651 365 557 507 345 307 517 769 536 281 453 363 585 769 297 103 583 104 476 553 397 728 553 756 590 778 533 630 786 342 543 159 302 181 796 299 558 158 321 696 322 334 658 127 328 219 337 379 365 808 621 485 333 600 437 801 778 410 699 437 582 789 703 522 411 341 249 218 754 686 699 483 377 516 288 625 648 616 529 467 417 
268 274 76 339 695 473 387 276 342 54 621 516 538 407 374 17 601 654 117 473 90 271 368 188 27 234 523 275 154 539 476 540 666 360 207 404 375 481 472 303 735 589 643 420 681 247 406 628 255 567 189 435 321 614 353 275 146 499 586 156 53 521 161 242 409 229 285 512 799 500 524 409 354 150 627 585 396 601 164 351 640 709 285 125 466 145 451 526 643 637 217 250 242 438 355 456 329 258 181 317 
23 550 336 577 967 652 511 389 581 280 758 584 700 493 581 294 883 922 353 680 204 317 613 456 292 325 637 419 435 820 754 808 906 641 451 618 592 760 733 574 1010 870 878 639 923 311 575 834 531 847 455 709 585 800 634 349 403 764 826 428 289 751 393 520 667 504 558 786 1068 742 805 689 502 259 819 763 675 846 166 523 852 984 464 220 742 240 694 669 908 895 372 517 164 709 448 651 341 382 283 584 
302 443 291 379 794 372 210 123 384 364 443 258 402 173 687 309 773 738 433 422 253 50 420 356 296 99 318 167 384 744 711 635 667 595 516 380 687 639 550 445 845 747 635 403 687 74 296 561 433 720 483 689 602 512 585 73 454 766 596 348 269 514 476 431 693 408 438 761 882 522 698 637 222 165 535 471 564 622 201 259 584 821 229 198 710 414 746 362 717 692 167 393 161 700 139 386 16 134 137 444 
4545 1900 2955 1880 200 2280 2955 3160 1860 3400 2870 3500 2480 3280 3310 3200 875 210 3230 1905 3610 3575 1675 2350 3190 3360 3050 2940 2510 1315 1720 605 1115 1860 2985 1945 3185 965 1025 1765 445 705 1210 1835 1065 3495 2485 1815 2000 680 2750 2000 2455 2145 1850 3415 2975 2240 1115 2500 3190 1430 3170 2065 2490 2130 1850 1935 720 1260 970 1705 2770 3430 2050 2260 1345 975 3850 2550 1705 330 2630 3565 1845 3860 2790 2720 330 550 3000 2045 4105 2120 3230 2085 3765 3115 3390 1710 
5404 2009 3283 2835 2380 4032 4494 4333 2807 3535 5173 5481 4487 4907 2569 3465 1078 2429 3094 3584 4144 4760 2646 2618 3507 4417 5047 4074 2534 399 252 2016 3451 1008 2520 3311 2387 1155 2219 2065 2443 1232 3472 3234 3444 4599 4018 4074 2072 1253 2345 686 1561 4382 1057 4613 2716 924 3129 2709 3591 3199 2891 2086 1358 2247 2072 518 3045 2863 875 672 4158 4200 4326 4410 1302 3031 4613 3878 3997 2296 3717 4249 420 4025 1722 4704 2506 2723 3941 2366 5110 819 4683 3724 5138 4221 4270 2121 
1791 3861 2151 3627 7344 3969 2628 1566 3672 2511 4824 3276 4347 2439 5508 2133 6921 6876 3195 4311 1440 855 3996 2997 2025 1026 3726 1899 3087 6543 6129 5886 6453 5067 4014 3825 5526 5733 5148 3951 7776 6732 6183 4032 6624 837 3267 5652 3726 6498 3798 5859 4950 5292 4986 1161 3456 6507 5769 2844 1827 5049 3591 3672 5760 3483 3852 6534 8190 5049 6228 5472 2601 927 5481 4941 5004 5985 873 2844 5832 7551 2394 1017 6093 2835 6183 4041 6714 6534 1602 3447 531 5931 2034 4023 1125 1548 882 3996 
5968 2480 3696 3584 3432 5024 5408 5096 3560 3800 6368 6568 5576 5856 2312 3816 1928 3472 3240 4560 4592 5504 3416 3072 3880 5120 6136 4832 2864 1152 488 2944 4600 1168 2504 4184 2096 1944 3088 2624 3488 2112 4600 4128 4600 5320 4936 5232 2512 2128 2408 400 1376 5544 1256 5368 2816 376 4184 3120 4016 4200 2960 2496 928 2680 2600 248 4184 3816 1688 928 5016 4776 5496 5544 1912 4096 5160 4728 5160 3328 4464 4776 328 4272 1272 5784 3560 3784 4608 2888 5760 384 5552 4688 5960 4952 4896 2736 
3575 1895 2370 2655 2840 3590 3690 3390 2645 2245 4450 4425 3945 3940 880 2355 1900 2855 1855 3335 2815 3570 2595 2140 2410 3335 4220 3255 1915 1415 985 2490 3515 1125 1355 3065 760 1855 2515 2040 2875 2015 3505 3045 3525 3450 3470 3840 1880 2020 1425 735 810 4000 1180 3520 1640 500 3230 2115 2525 3185 1640 1845 375 1945 1990 805 3310 2955 1740 1115 3450 3040 3985 3975 1740 3190 3185 3295 3815 2775 3080 2985 860 2420 150 4045 2900 3030 3065 2120 3575 605 3725 3390 3865 3295 3145 2125 
695 2000 940 2205 4095 2720 2130 1505 2225 670 3360 2645 3005 2130 2295 705 3650 3880 1060 2800 305 1285 2380 1540 700 1210 2800 1595 1415 3340 3015 3305 3865 2445 1555 2470 2335 3045 2945 2125 4305 3590 3735 2565 3940 1200 2350 3580 1905 3475 1535 2800 2200 3455 2410 1385 1290 3095 3460 1390 710 3105 1280 1845 2620 1770 2045 3185 4610 3035 3265 2690 2025 760 3535 3285 2620 3550 430 2075 3655 4175 1755 525 2960 670 2790 2895 3815 3765 1315 1850 775 2805 1875 2680 1515 1440 930 2185 
4760 1022 2520 1470 1946 2604 3157 3150 1442 3094 3745 4116 3059 3598 3192 2835 1421 1722 2849 2156 3451 3661 1246 1694 2842 3332 3640 2863 1855 1344 1456 973 2317 1141 2548 1890 3038 476 861 896 2205 1253 2268 1806 2352 3528 2625 2723 1155 1071 2198 1645 1946 2989 1092 3472 2499 2177 1869 1883 2856 1820 2779 1239 2212 1344 987 1883 2681 1484 903 1092 2835 3290 2947 2996 252 1834 3829 2534 2681 2023 2464 3430 1568 3731 2702 3283 1694 1764 2828 1295 4242 1820 3416 2303 3997 3059 3290 882 
1125 1605 590 1905 3710 2535 2050 1460 1920 275 3245 2655 2845 2115 1950 310 3230 3505 670 2560 325 1365 2060 1170 335 1215 2730 1490 1005 2910 2585 2935 3555 2015 1160 2215 1970 2635 2590 1750 3910 3175 3430 2300 3625 1255 2185 3335 1510 3065 1115 2370 1775 3250 1980 1415 875 2675 3150 1015 410 2820 895 1445 2205 1380 1660 2755 4230 2720 2850 2260 1900 760 3320 3100 2210 3230 690 1910 3400 3780 1575 575 2535 565 2395 2775 3450 3415 1195 1480 1085 2380 1855 2460 1640 1375 930 1815 
5530 2072 3388 2849 2233 4018 4522 4396 2821 3668 5145 5502 4466 4942 2737 3584 917 2296 3241 3556 4256 4830 2646 2702 3619 4487 5047 4130 2639 238 420 1925 3353 1127 2674 3304 2555 1092 2163 2107 2282 1085 3381 3220 3339 4676 4025 4004 2142 1120 2492 854 1722 4333 1176 4676 2856 1064 3045 2807 3703 3143 3038 2170 1526 2324 2128 637 2891 2807 763 784 4186 4298 4263 4368 1309 2940 4718 3906 3927 2142 3759 4354 581 4172 1876 4697 2380 2604 4004 2429 5208 987 4725 3710 5201 4284 4354 2156 
2152 3432 2112 3016 6344 3104 1840 1016 3056 2632 3760 2336 3384 1616 5248 2224 6104 5904 3208 3464 1736 312 3352 2704 2112 672 2776 1352 2888 5840 5536 5064 5408 4608 3888 3088 5248 5032 4384 3464 6744 5912 5160 3272 5560 448 2488 4608 3336 5696 3640 5344 4616 4248 4528 600 3384 5952 4824 2624 1904 4168 3552 3304 5336 3128 3400 5936 7064 4216 5496 4944 1880 1064 4424 3928 4416 5024 1312 2144 4784 6544 1840 1304 5528 3024 5752 3088 5744 5560 1248 3040 1024 5424 1288 3184 424 1056 864 3472 
2850 2710 900 2710 6710 3650 2600 1450 2740 1840 5010 3850 4240 2770 4890 1190 6120 6220 2420 3800 1180 1520 3080 1750 1040 1080 3960 1480 1880 5690 5230 5100 5990 4060 3170 3150 4870 4810 4310 2850 7170 5930 5720 3350 6160 1270 2920 5360 2560 5670 2820 4960 4020 5110 3960 1490 2550 5700 5200 1580 770 4460 2810 2500 4920 2280 2720 5700 7690 4360 5350 4500 2310 560 5270 4780 3990 5400 1410 2370 5520 6910 1710 850 5200 2630 5450 4060 6060 5910 890 2280 1920 5050 2240 3550 2110 1270 660 2910 
3490 960 1930 1540 1630 2415 2720 2620 1525 2185 3245 3430 2750 3020 1845 2090 885 1575 1920 2105 2565 2930 1415 1415 2110 2690 3130 2430 1400 555 465 1145 2170 415 1580 1895 1725 520 1185 985 1745 880 2155 1845 2185 2820 2385 2520 1015 820 1395 610 990 2715 420 2820 1650 975 1885 1500 2160 1875 1815 1035 1060 1145 1000 770 2145 1640 535 245 2485 2565 2685 2715 455 1840 2885 2285 2485 1620 2170 2615 540 2585 1395 2895 1595 1705 2340 1215 3225 735 2860 2200 3195 2540 2600 1030 
2784 3536 2472 2904 6192 2688 1368 880 2936 3144 3184 1704 2888 1032 5680 2680 6112 5728 3672 3120 2304 576 3224 2872 2568 888 2184 1208 3152 5928 5696 4936 5096 4784 4296 2824 5656 5032 4248 3512 6600 5888 4832 3016 5248 760 2104 4192 3464 5672 4008 5552 4920 3784 4704 584 3800 6184 4536 2848 2344 3880 4000 3456 5632 3272 3472 6120 6872 3976 5520 5104 1520 1552 3976 3456 4464 4752 1936 1848 4384 6416 1688 1856 5704 3608 6088 2560 5560 5336 1336 3128 1656 5656 808 2824 240 1008 1288 3488 
2583 2268 459 2475 5958 3501 2664 1665 2511 1314 4788 3825 4059 2844 4023 702 5337 5544 1800 3573 945 1737 2790 1395 576 1350 3879 1647 1395 4887 4437 4518 5454 3375 2475 2961 4005 4176 3843 2439 6363 5175 5220 3132 5598 1512 2862 4977 2115 4950 2169 4158 3276 4797 3294 1719 1917 4815 4734 1188 342 4095 2151 2043 4095 1863 2304 4842 6867 3960 4635 3789 2367 765 4923 4518 3420 4896 1341 2367 5103 6129 1773 828 4392 2079 4554 3933 5418 5310 1125 1917 1917 4239 2385 3375 2268 1503 936 2520 
4600 4690 3830 3580 7470 2730 1200 1580 3620 4830 2980 1010 2790 550 7830 4190 7650 6860 5420 3400 3880 1750 3940 4020 4050 1970 1730 1790 4500 7560 7410 5980 5820 6340 6100 3220 7780 6330 5140 4570 8000 7330 5480 3440 6020 1930 2150 4530 4650 7050 5670 7320 6690 3940 6230 1570 5490 8140 5210 4080 3780 4400 5800 4680 7560 4460 4570 7970 8220 4620 6960 6680 1630 2890 4190 3510 5710 5500 3500 2060 4790 7780 2210 3320 7460 5500 8170 2310 6630 6300 2240 4180 3190 7480 860 3020 1410 1770 2540 4490 
4008 1062 2148 732 1758 1482 2094 2268 708 2796 2436 2850 1854 2484 3342 2484 1800 1434 2712 1074 2910 2766 486 1452 2454 2508 2394 2010 1746 1890 2028 798 1464 1668 2616 912 3222 1068 288 828 2058 1596 1362 816 1530 2670 1578 1602 1176 1428 2286 2166 2292 1788 1614 2574 2472 2640 1002 1650 2418 810 2730 1266 2604 1272 948 2394 2316 546 1440 1692 1842 2622 1764 1788 936 1050 3150 1578 1584 1908 1638 2808 2124 3378 3036 2058 1332 1248 2076 1086 3426 2316 2388 1218 3000 2214 2562 714 
3042 1362 1524 582 3006 864 870 1026 606 2280 1836 1716 1278 1242 3588 1872 3024 2664 2424 906 2082 1542 804 1170 1812 1326 1434 768 1548 2982 2934 2070 2298 2346 2616 546 3516 2232 1560 1230 3318 2838 2118 678 2406 1476 540 1842 1374 2670 2292 2934 2706 1710 2280 1338 2322 3432 1842 1308 1698 1362 2568 1422 3180 1308 1260 3288 3528 1374 2610 2514 588 1614 1794 1530 1878 1986 2172 342 1938 3180 408 1866 2982 2844 3588 1284 2538 2388 948 1086 2328 3048 1110 762 1740 990 1482 1164 
5504 4328 4336 3136 5416 1696 1752 2720 3152 5288 728 1096 1240 1744 7320 4744 6032 4920 5632 2256 4704 3152 3288 4096 4632 3192 672 2656 4584 6192 6296 4472 3712 5608 6000 2520 7232 5096 3912 4112 5840 5728 3456 2608 3864 3240 1824 2488 4368 5512 5584 6376 6160 1904 5520 2928 5568 7040 3440 4248 4432 2928 5872 4440 6768 4296 4176 6784 5824 3256 5592 5776 2040 3912 2112 1624 4824 3680 4528 2168 2704 5704 2648 4288 6392 5944 7320 920 4712 4384 3120 3992 4376 6544 2136 2048 2976 2840 3632 3984 
3879 2412 1980 1548 5265 1791 972 765 1593 3069 3006 2286 2304 1386 5409 2448 5184 4761 3429 2052 2574 1539 1917 1854 2331 1233 2142 378 2340 5031 4860 3843 4203 3897 3888 1575 5337 3969 3078 2322 5724 4923 3924 1782 4365 1449 1116 3420 2385 4671 3447 4779 4257 3123 3798 1233 3375 5517 3528 1953 2124 2799 3708 2412 5022 2214 2304 5364 6057 2835 4527 4203 603 1773 3285 2808 3375 3753 2601 630 3591 5517 198 2178 4896 3861 5598 2151 4581 4356 747 1953 2763 4923 1044 1773 1845 711 1530 2268 
8440 3110 5240 3300 1140 4390 5590 5860 3260 6080 5750 6790 4880 6240 5840 5710 1240 1020 5710 3640 6570 6660 2900 4050 5710 6210 5940 5430 4320 1960 2720 840 2590 2940 5190 3580 5600 1160 1650 2880 1490 840 2700 3380 2550 6480 4690 3780 3310 680 4740 3250 4130 4370 2920 6350 5200 3780 2340 4330 5720 2780 5580 3430 4220 3570 3030 3190 2200 2360 1200 2630 5170 6270 4220 4540 1940 2120 7080 4740 3610 1230 4810 6510 2960 6990 4840 5320 1130 1480 5480 3450 7630 3500 6080 3970 7080 5750 6220 2790 
4830 1200 1820 800 4740 2450 2450 2190 830 3020 4130 3910 3170 3000 4870 2410 4360 4230 3100 2240 3020 2910 1120 890 2340 2440 3500 1800 1530 4120 3910 3120 4100 2860 3300 1540 4750 3010 2320 1100 5210 4100 3850 1660 4250 2720 2020 3740 1190 3830 2750 3840 3400 3690 2750 2640 2850 4670 3290 1180 2230 2630 3280 1260 4200 1060 1070 4480 5710 2440 3610 3180 1960 2520 3780 3470 2280 3470 3390 1630 3840 4960 1270 2830 3960 4000 4870 3240 4080 3930 1720 710 3870 4020 2650 2150 3390 2040 2440 1060 
8586 3924 5760 3654 603 4077 5409 5904 3618 6633 4950 6273 4329 5985 6651 6228 2295 504 6381 3420 6930 6678 3294 4680 6210 6318 5409 5517 5031 3096 3825 1512 1584 4023 5994 3618 6426 2403 2160 3645 963 1998 1827 3411 1449 6552 4536 2952 4104 1953 5553 4311 5094 3591 3987 6372 5940 4761 1836 4968 6174 2520 6300 4230 5193 4320 3807 4212 927 2331 2466 3762 5103 6525 3393 3861 3024 1557 7308 4725 2736 918 4959 6795 4050 7488 5742 4788 585 801 5688 4122 7722 4536 5949 3762 6975 5841 6426 3519 
7220 2450 4210 3720 3630 5490 6050 5770 3690 4550 7160 7490 6160 6640 3330 4460 1880 3610 3930 4890 5420 6350 3490 3290 4510 5860 6900 5410 3140 960 270 2880 4940 940 3130 4450 3070 1610 3030 2570 3770 2010 4930 4360 4950 6120 5420 5700 2520 1980 2860 660 1780 6100 1030 6150 3390 1290 4410 3400 4650 4420 3650 2540 1640 2770 2560 870 4620 3940 1400 480 5570 5530 6040 6110 1580 4300 6100 5190 5620 3550 4920 5580 420 5260 2250 6450 3690 3950 5190 2960 6810 900 6290 5070 6900 5600 5630 2680 
8850 3660 5700 3400 840 4030 5440 5920 3360 6670 5160 6480 4400 6090 6790 6220 2220 220 6390 3290 7000 6770 2990 4500 6200 6360 5560 5490 4880 3000 3740 980 1660 3840 5990 3430 6550 2060 1710 3350 1380 1840 1830 3200 1570 6630 4490 3030 3860 1710 5500 4250 5040 3700 3800 6440 5910 4810 1640 4820 6160 2310 6320 4000 5210 4100 3530 4220 1670 2020 2230 3590 5080 6570 3510 3940 2690 1350 7430 4650 2820 1200 4870 6860 3980 7620 5840 4880 90 510 5650 3880 7900 4500 6020 3650 7130 5850 6470 3210 
6240 3480 3980 1950 5000 120 1550 2600 1960 5240 1660 2320 680 2110 7350 4560 5560 4380 5500 870 4810 3430 2090 3370 4440 3220 1430 2280 4010 5720 5850 3660 3200 5020 5780 1140 7210 4360 2910 3170 5530 5190 2860 1230 3400 3410 720 1980 3560 4910 5230 5970 5800 1530 4910 3070 5310 6790 2620 3620 4240 1840 5720 3660 6520 3510 3280 6460 5670 2170 4980 5210 1460 3920 1740 1160 4000 2920 4830 1250 2210 5340 1910 4380 5980 6170 7210 860 4130 3760 2790 3110 4930 6190 2250 540 3530 2650 3640 3000 
2850 1302 1356 2160 3492 3258 3132 2652 2166 1224 4272 4002 3690 3378 1134 1320 2646 3354 792 3072 1878 2808 2202 1278 1386 2538 3858 2532 918 2154 1674 2718 3786 1092 306 2670 1074 2112 2490 1536 3666 2652 3696 2700 3840 2664 2994 3870 1206 2562 204 1362 606 3936 1086 2772 480 1680 3336 1170 1524 3102 600 1128 1116 1188 1428 1818 4128 2880 2238 1368 2862 2148 3966 3840 1674 3366 2322 2724 3888 3516 2394 2070 1584 1572 1380 3738 3336 3390 2256 1434 2790 1350 3090 3060 3168 2538 2286 1656 
1680 2086 616 2240 4970 2961 2219 1379 2268 959 3913 3052 3381 2296 3227 581 4466 4641 1435 3059 427 1281 2492 1414 490 1043 3171 1435 1365 4102 3724 3850 4557 2905 2044 2597 3227 3570 3318 2226 5278 4347 4375 2730 4669 1120 2457 4151 1967 4179 1862 3493 2758 3983 2842 1330 1603 3976 3997 1239 329 3493 1736 1904 3388 1771 2121 4025 5670 3402 3920 3234 2030 434 4095 3759 2982 4130 721 2072 4256 5096 1610 336 3682 1449 3717 3255 4543 4459 1029 1827 1204 3535 1932 2891 1687 1267 658 2289 
2370 1960 1680 1365 3305 975 170 605 1385 2240 1300 630 1080 155 3635 1900 3400 3005 2490 1290 1840 900 1545 1670 1835 900 700 600 1935 3365 3310 2560 2510 2790 2780 1180 3600 2740 2135 1885 3570 3235 2345 1290 2610 940 650 1910 1950 3095 2545 3280 3010 1640 2735 745 2490 3695 2190 1725 1700 1780 2660 1975 3430 1865 1890 3600 3690 1880 3055 2950 390 1345 1760 1435 2445 2335 1735 605 2030 3460 730 1580 3340 2630 3750 880 2885 2730 885 1710 1675 3370 245 1100 865 685 1175 1840 
2900 2285 2175 1580 3285 845 550 1145 1595 2760 800 375 750 550 4085 2420 3530 2975 2985 1220 2385 1430 1715 2080 2350 1440 175 1110 2370 3570 3580 2610 2340 3105 3240 1265 4035 2905 2215 2170 3550 3350 2175 1350 2445 1475 735 1640 2295 3215 2990 3595 3395 1315 3050 1280 2965 4010 2085 2160 2225 1705 3145 2330 3800 2230 2200 3880 3610 1865 3220 3235 755 1890 1445 1105 2675 2235 2275 880 1775 3455 1140 2125 3625 3165 4135 490 2850 2665 1405 2055 2195 3690 780 1045 1345 1220 1715 2105 
3843 777 1701 294 2856 1610 1918 1911 287 2499 2821 2905 2121 2345 3528 2100 2667 2499 2492 1337 2569 2457 357 938 2065 2135 2513 1617 1351 2576 2527 1729 2443 1869 2513 889 3416 1729 1162 560 3192 2471 2282 903 2541 2331 1463 2296 847 2282 2121 2548 2401 2345 1792 2247 2261 3129 1876 1169 2002 1456 2569 931 2898 861 630 2940 3528 1281 2163 2037 1582 2233 2380 2240 1288 1988 2842 1302 2345 3017 1204 2443 2590 3192 3388 2247 2387 2289 1631 581 3171 2688 2156 1351 2765 1827 2170 455 
1422 2076 954 1980 4428 2358 1572 822 2004 1332 3060 2190 2664 1560 3282 1014 4122 4128 1752 2526 702 594 2214 1500 930 456 2370 966 1572 3864 3594 3462 3912 2886 2262 2172 3282 3330 2976 2148 4716 3996 3738 2304 4020 462 1896 3444 1992 3840 2088 3420 2838 3246 2832 678 1884 3858 3444 1398 780 2982 2010 1950 3378 1824 2076 3870 5010 2952 3654 3156 1476 144 3360 3030 2844 3576 570 1584 3558 4560 1230 372 3570 1680 3678 2508 4026 3918 678 1806 732 3474 1254 2352 930 756 144 2178 
1800 3560 1430 3790 7690 4720 3530 2290 3820 1460 5990 4600 5280 3550 4800 1160 6940 7230 2240 4900 260 1910 4150 2600 1080 1700 4880 2460 2480 6390 5820 6090 7090 4650 3190 4260 4840 5670 5340 3770 8130 6780 6820 4460 7250 1710 3970 6460 3380 6540 3020 5450 4330 6190 4570 2080 2590 6100 6290 2340 960 5560 2690 3280 5220 3100 3610 6210 8700 5440 6160 5120 3320 800 6360 5850 4830 6480 510 3430 6620 7870 2790 320 5740 1880 5640 5060 7090 6960 1900 3200 1290 5490 3030 4650 2420 2150 1140 3860 
2226 2070 1458 2790 4422 3774 3408 2778 2802 834 4740 4212 4194 3564 1248 1194 3588 4260 486 3684 1536 2754 2892 1806 1278 2544 4206 2742 1434 3090 2586 3606 4596 2040 636 3264 1314 3042 3318 2298 4602 3594 4488 3330 4662 2616 3426 4560 1956 3504 888 2250 1464 4554 2028 2790 660 2472 4134 1626 1446 3834 396 1866 1854 1872 2184 2676 5058 3642 3180 2310 3180 2028 4608 4416 2580 4182 1956 3114 4602 4446 2730 1836 2478 798 1944 4170 4230 4266 2406 2094 2424 2202 3252 3624 3102 2664 2220 2418 
3792 1456 1640 2600 4448 4064 3928 3328 2608 1624 5424 5088 4648 4264 1784 1664 3384 4240 1112 3816 2432 3568 2656 1440 1744 3200 4880 3152 976 2768 2168 3384 4784 1320 640 3280 1688 2608 3056 1768 4696 3368 4664 3320 4856 3376 3720 4880 1328 3240 264 1792 872 4968 1296 3504 680 2280 4184 1320 1904 3864 936 1224 1584 1304 1624 2408 5296 3568 2816 1704 3560 2720 5008 4840 2000 4224 3008 3368 4912 4488 2944 2656 2064 2184 2000 4712 4216 4272 2800 1632 3624 1808 3896 3800 4048 3168 2888 1936 
655 2370 1350 2325 4365 2560 1815 1225 2345 1390 3030 2145 2770 1695 3060 1265 4080 4115 1785 2740 800 830 2525 1885 1220 915 2420 1400 1885 3835 3575 3560 3920 2985 2270 2460 3085 3425 3155 2445 4600 3985 3770 2575 4010 820 2170 3490 2295 3860 2195 3400 2850 3295 2940 1000 1975 3735 3535 1780 1135 3140 2010 2255 3295 2150 2385 3780 4850 3130 3690 3220 1795 740 3395 3100 3015 3650 430 1925 3590 4475 1670 665 3540 1460 3500 2600 4030 3940 1215 2160 60 3425 1485 2580 935 1210 785 2480 
7128 3200 4696 2672 1320 2800 4032 4568 2640 5560 3520 4736 2984 4536 5968 5144 2536 888 5416 2240 5696 5272 2376 3768 5104 4976 3960 4232 4144 3120 3664 1240 560 3608 5192 2504 5784 2240 1520 2904 1712 2232 744 2312 480 5184 3264 1744 3352 2104 4776 4032 4552 2312 3560 4992 5064 4528 800 4032 5048 1448 5408 3472 4768 3512 3064 4080 1648 1376 2480 3464 3800 5248 2136 2552 2616 568 5976 3480 1552 1624 3752 5520 3848 6336 5304 3400 704 376 4440 3280 6280 4240 4544 2544 5496 4536 5128 2768 
2922 2148 1938 2994 4224 4068 3852 3288 3000 1470 5076 4698 4500 4050 552 1758 3270 4122 1020 3906 2190 3342 3042 2070 1842 3102 4614 3216 1686 2718 2178 3510 4614 1782 618 3498 624 2856 3318 2382 4368 3318 4536 3540 4668 3198 3780 4716 2052 3258 954 1812 1086 4776 1794 3348 948 1926 4176 1932 2004 3948 762 1968 1314 2022 2274 2190 4848 3726 2910 1998 3600 2622 4806 4668 2460 4194 2622 3492 4734 4218 3132 2466 2046 1494 1308 4524 4116 4194 2898 2262 3096 1728 3750 3888 3696 3174 2802 2502 
2412 2466 684 3051 6255 4257 3483 2484 3078 486 5589 4644 4842 3663 3366 153 5409 5886 1053 4257 810 2439 3312 1692 243 2106 4707 2475 1386 4851 4284 4860 5994 3240 1863 3636 3375 4329 4248 2727 6615 5301 5787 3780 6129 2223 3654 5652 2295 5103 1701 3915 2889 5526 3177 2475 1314 4491 5274 1404 477 4689 1449 2178 3681 2061 2565 4608 7191 4500 4716 3681 3186 1350 5643 5265 3564 5409 1476 3159 5760 6381 2565 1125 4194 1305 4059 4734 5787 5733 1953 2250 2178 3942 3195 4104 2961 2322 1629 2853 
115 2750 1680 2885 4835 3260 2555 1945 2905 1400 3790 2920 3500 2465 2905 1470 4415 4610 1765 3400 1020 1585 3065 2280 1460 1625 3185 2095 2175 4100 3770 4040 4530 3205 2255 3090 2960 3800 3665 2870 5050 4350 4390 3195 4615 1555 2875 4170 2655 4235 2275 3545 2925 4000 3170 1745 2015 3820 4130 2140 1445 3755 1965 2600 3335 2520 2790 3930 5340 3710 4025 3445 2510 1295 4095 3815 3375 4230 830 2615 4260 4920 2320 1100 3710 1200 3470 3345 4540 4475 1860 2585 820 3545 2240 3255 1705 1910 1415 2920 
2416 3544 2328 3032 6352 2976 1680 984 3072 2912 3544 2064 3216 1384 5496 2472 6184 5904 3464 3376 2024 400 3360 2848 2368 792 2544 1336 3072 5952 5688 5080 5336 4760 4128 3040 5496 5112 4400 3560 6760 5976 5080 3224 5496 592 2368 4488 3464 5760 3864 5512 4816 4096 4680 584 3632 6128 4768 2784 2152 4112 3808 3448 5544 3264 3504 6088 7056 4176 5584 5096 1776 1320 4280 3768 4512 4976 1608 2072 4672 6568 1832 1584 5680 3312 5968 2896 5736 5536 1336 3144 1288 5600 1112 3088 128 1072 1096 3552 
