6 15 30
80 80 80 80 80 80 
23 24 25 6 15 15 22 9 17 12 10 10 11 11 8 23 9 7 10 12 17 22 18 23 23 27 21 12 14 24 
491 551 351 423 372 609 591 403 39 679 453 672 713 237 422 
643 244 734 273 119 279 638 452 397 834 62 805 672 573 678 
531 424 495 329 214 479 593 387 127 730 300 714 686 351 507 
276 357 630 270 623 382 149 197 601 379 491 338 132 498 418 
585 58 777 188 310 88 535 391 514 755 130 720 529 610 662 
195 395 551 276 618 428 93 141 553 319 504 280 169 424 336 
7365 8265 5265 6345 5580 9135 8865 6045 585 10185 6795 10080 10695 3555 6330 
7073 2684 8074 3003 1309 3069 7018 4972 4367 9174 682 8855 7392 6303 7458 
6903 5512 6435 4277 2782 6227 7709 5031 1651 9490 3900 9282 8918 4563 6591 
3864 4998 8820 3780 8722 5348 2086 2758 8414 5306 6874 4732 1848 6972 5852 
7020 696 9324 2256 3720 1056 6420 4692 6168 9060 1560 8640 6348 7320 7944 
2730 5530 7714 3864 8652 5992 1302 1974 7742 4466 7056 3920 2366 5936 4704 
241 26 405 358 668 309 230 195 639 460 254 52 336 285 610 573 652 457 403 235 515 164 521 145 647 205 328 196 563 234 
420 566 395 614 262 254 328 654 374 92 320 591 572 694 67 277 247 396 527 315 277 465 214 603 290 437 476 582 339 382 
614 401 773 174 968 606 472 545 646 679 462 407 722 638 808 636 951 450 296 523 582 545 830 241 962 341 711 211 586 392 
324 417 364 458 381 149 170 529 341 73 156 444 495 584 215 243 364 278 382 174 208 346 271 440 390 272 408 418 278 217 
674 706 714 532 612 503 470 851 62 358 437 733 848 919 328 113 599 260 410 507 167 682 569 655 646 487 763 602 125 448 
445 607 398 672 214 289 377 686 419 145 372 632 586 719 73 326 201 453 585 357 331 497 197 654 249 491 489 636 390 436 
95 148 256 491 552 235 234 165 671 410 270 157 192 217 554 588 538 519 507 197 536 23 406 298 523 291 172 339 597 292 
214 216 341 348 516 149 34 348 468 267 65 243 381 418 416 390 499 314 328 66 335 190 375 251 506 124 322 248 393 97 
625 539 736 226 786 509 396 707 273 470 361 562 791 795 543 300 769 136 117 458 266 594 684 423 801 316 733 356 234 316 
320 173 461 525 779 459 416 85 838 628 445 147 302 154 777 769 766 656 590 403 712 253 635 293 747 403 352 360 762 433 
548 635 559 567 432 372 384 756 206 202 359 662 715 812 148 127 419 303 457 400 161 574 395 626 466 449 624 586 196 397 
278 156 418 526 736 421 388 43 816 593 419 133 261 126 740 744 723 639 583 369 687 213 592 295 704 387 308 360 740 412 
96 305 123 636 459 252 326 257 737 417 363 311 97 249 541 644 448 616 636 268 600 152 327 456 419 422 14 493 668 407 
494 323 643 60 809 455 318 489 498 514 303 339 628 582 641 477 792 296 157 375 421 435 676 171 807 186 599 106 433 232 
391 165 554 252 793 425 310 312 639 545 317 170 485 406 690 593 777 438 335 341 534 317 648 36 778 213 482 96 566 265 
1928 208 3240 2864 5344 2472 1840 1560 5112 3680 2032 416 2688 2280 4880 4584 5216 3656 3224 1880 4120 1312 4168 1160 5176 1640 2624 1568 4504 1872 
4200 5660 3950 6140 2620 2540 3280 6540 3740 920 3200 5910 5720 6940 670 2770 2470 3960 5270 3150 2770 4650 2140 6030 2900 4370 4760 5820 3390 3820 
5526 3609 6957 1566 8712 5454 4248 4905 5814 6111 4158 3663 6498 5742 7272 5724 8559 4050 2664 4707 5238 4905 7470 2169 8658 3069 6399 1899 5274 3528 
2916 3753 3276 4122 3429 1341 1530 4761 3069 657 1404 3996 4455 5256 1935 2187 3276 2502 3438 1566 1872 3114 2439 3960 3510 2448 3672 3762 2502 1953 
5392 5648 5712 4256 4896 4024 3760 6808 496 2864 3496 5864 6784 7352 2624 904 4792 2080 3280 4056 1336 5456 4552 5240 5168 3896 6104 4816 1000 3584 
4005 5463 3582 6048 1926 2601 3393 6174 3771 1305 3348 5688 5274 6471 657 2934 1809 4077 5265 3213 2979 4473 1773 5886 2241 4419 4401 5724 3510 3924 
570 888 1536 2946 3312 1410 1404 990 4026 2460 1620 942 1152 1302 3324 3528 3228 3114 3042 1182 3216 138 2436 1788 3138 1746 1032 2034 3582 1752 
2140 2160 3410 3480 5160 1490 340 3480 4680 2670 650 2430 3810 4180 4160 3900 4990 3140 3280 660 3350 1900 3750 2510 5060 1240 3220 2480 3930 970 
3750 3234 4416 1356 4716 3054 2376 4242 1638 2820 2166 3372 4746 4770 3258 1800 4614 816 702 2748 1596 3564 4104 2538 4806 1896 4398 2136 1404 1896 
1920 1038 2766 3150 4674 2754 2496 510 5028 3768 2670 882 1812 924 4662 4614 4596 3936 3540 2418 4272 1518 3810 1758 4482 2418 2112 2160 4572 2598 
3836 4445 3913 3969 3024 2604 2688 5292 1442 1414 2513 4634 5005 5684 1036 889 2933 2121 3199 2800 1127 4018 2765 4382 3262 3143 4368 4102 1372 2779 
2224 1248 3344 4208 5888 3368 3104 344 6528 4744 3352 1064 2088 1008 5920 5952 5784 5112 4664 2952 5496 1704 4736 2360 5632 3096 2464 2880 5920 3296 
768 2440 984 5088 3672 2016 2608 2056 5896 3336 2904 2488 776 1992 4328 5152 3584 4928 5088 2144 4800 1216 2616 3648 3352 3376 112 3944 5344 3256 
2964 1938 3858 360 4854 2730 1908 2934 2988 3084 1818 2034 3768 3492 3846 2862 4752 1776 942 2250 2526 2610 4056 1026 4842 1116 3594 636 2598 1392 
2737 1155 3878 1764 5551 2975 2170 2184 4473 3815 2219 1190 3395 2842 4830 4151 5439 3066 2345 2387 3738 2219 4536 252 5446 1491 3374 672 3962 1855 
