14 28 56
80 80 80 80 80 80 80 80 80 80 80 80 80 80 
21 26 23 24 23 18 16 17 19 24 28 19 17 22 14 17 10 9 22 14 27 29 19 13 27 22 26 16 11 24 29 25 29 28 24 10 26 17 28 26 24 16 14 10 11 14 26 28 24 25 11 12 25 10 22 9 
314 501 261 754 124 580 121 478 395 123 644 271 166 740 418 385 588 228 178 280 64 76 247 609 751 313 361 329 
407 296 639 226 668 507 719 507 263 736 101 396 569 212 526 510 352 624 820 766 633 721 611 94 222 581 583 639 
369 551 203 884 270 567 43 635 504 34 728 364 324 869 576 543 616 382 82 149 137 177 209 725 881 280 323 482 
121 269 118 694 392 291 262 602 310 282 468 187 361 678 561 524 325 453 371 246 227 364 93 515 691 65 97 542 
592 549 816 76 702 773 836 387 402 849 385 538 601 83 436 441 626 616 919 928 742 784 785 222 78 777 793 584 
400 588 298 848 162 646 114 548 491 100 739 365 241 835 485 455 669 278 98 272 135 61 294 705 845 365 412 374 
146 82 310 580 533 179 454 622 257 475 298 228 470 564 599 565 132 559 564 437 402 532 289 397 576 234 221 629 
380 566 246 864 214 604 59 591 494 41 731 359 279 850 530 498 640 329 66 209 121 118 246 712 861 318 364 428 
256 241 275 748 605 92 458 768 418 478 451 349 566 732 737 701 214 658 560 380 439 576 271 566 744 199 155 742 
363 210 586 344 683 402 692 587 274 711 18 380 590 330 595 573 243 658 800 715 616 721 560 197 340 519 512 690 
211 299 134 773 489 233 319 710 401 339 514 291 467 757 670 633 319 558 419 242 312 447 133 590 769 63 15 650 
306 480 120 847 305 485 74 640 460 89 667 317 336 832 584 548 540 408 164 99 132 228 128 680 843 198 240 509 
475 633 248 1030 448 583 215 812 641 212 834 499 502 1014 754 720 673 561 206 119 305 351 273 860 1026 322 347 661 
284 216 343 722 654 23 522 783 421 542 411 376 607 706 758 724 160 698 626 451 495 632 336 543 718 264 224 776 
3140 5010 2610 7540 1240 5800 1210 4780 3950 1230 6440 2710 1660 7400 4180 3850 5880 2280 1780 2800 640 760 2470 6090 7510 3130 3610 3290 
6105 4440 9585 3390 10020 7605 10785 7605 3945 11040 1515 5940 8535 3180 7890 7650 5280 9360 12300 11490 9495 10815 9165 1410 3330 8715 8745 9585 
5166 7714 2842 12376 3780 7938 602 8890 7056 476 10192 5096 4536 12166 8064 7602 8624 5348 1148 2086 1918 2478 2926 10150 12334 3920 4522 6748 
1452 3228 1416 8328 4704 3492 3144 7224 3720 3384 5616 2244 4332 8136 6732 6288 3900 5436 4452 2952 2724 4368 1116 6180 8292 780 1164 6504 
8880 8235 12240 1140 10530 11595 12540 5805 6030 12735 5775 8070 9015 1245 6540 6615 9390 9240 13785 13920 11130 11760 11775 3330 1170 11655 11895 8760 
6000 8820 4470 12720 2430 9690 1710 8220 7365 1500 11085 5475 3615 12525 7275 6825 10035 4170 1470 4080 2025 915 4410 10575 12675 5475 6180 5610 
1606 902 3410 6380 5863 1969 4994 6842 2827 5225 3278 2508 5170 6204 6589 6215 1452 6149 6204 4807 4422 5852 3179 4367 6336 2574 2431 6919 
4560 6792 2952 10368 2568 7248 708 7092 5928 492 8772 4308 3348 10200 6360 5976 7680 3948 792 2508 1452 1416 2952 8544 10332 3816 4368 5136 
2560 2410 2750 7480 6050 920 4580 7680 4180 4780 4510 3490 5660 7320 7370 7010 2140 6580 5600 3800 4390 5760 2710 5660 7440 1990 1550 7420 
3630 2100 5860 3440 6830 4020 6920 5870 2740 7110 180 3800 5900 3300 5950 5730 2430 6580 8000 7150 6160 7210 5600 1970 3400 5190 5120 6900 
2954 4186 1876 10822 6846 3262 4466 9940 5614 4746 7196 4074 6538 10598 9380 8862 4466 7812 5866 3388 4368 6258 1862 8260 10766 882 210 9100 
3366 5280 1320 9317 3355 5335 814 7040 5060 979 7337 3487 3696 9152 6424 6028 5940 4488 1804 1089 1452 2508 1408 7480 9273 2178 2640 5599 
6175 8229 3224 13390 5824 7579 2795 10556 8333 2756 10842 6487 6526 13182 9802 9360 8749 7293 2678 1547 3965 4563 3549 11180 13338 4186 4511 8593 
4260 3240 5145 10830 9810 345 7830 11745 6315 8130 6165 5640 9105 10590 11370 10860 2400 10470 9390 6765 7425 9480 5040 8145 10770 3960 3360 11640 
455 568 576 128 399 322 259 230 371 263 167 398 396 414 380 586 218 363 243 191 264 145 335 296 338 256 396 31 127 250 458 247 227 578 185 464 460 325 224 469 72 283 259 355 265 295 375 316 537 582 387 64 204 467 572 479 
614 731 543 59 585 316 363 168 197 329 289 258 512 253 499 527 221 202 300 255 78 221 349 459 508 444 549 158 99 365 427 184 380 743 238 476 632 144 386 639 131 355 88 542 170 462 505 363 655 550 331 124 89 642 510 658 
229 587 796 334 261 545 105 315 517 170 348 496 524 536 509 814 446 493 449 403 462 363 550 364 373 210 464 247 357 85 682 321 6 589 403 670 463 529 323 259 303 472 424 299 360 86 488 517 644 803 618 283 429 459 800 454 
1009 771 103 519 881 263 829 676 606 816 479 710 492 671 494 26 357 639 372 407 479 441 274 607 658 727 618 568 468 823 137 691 796 791 403 224 746 442 570 1005 511 381 558 776 672 850 527 329 564 107 186 540 421 765 13 798 
432 204 671 507 221 484 485 605 756 540 301 783 260 801 250 725 447 750 378 374 633 375 459 124 69 173 134 418 475 466 589 620 378 207 390 518 80 682 187 386 433 350 644 100 645 341 215 399 315 675 584 444 543 82 717 93 
568 869 769 241 620 540 286 76 193 220 464 134 696 184 682 749 440 156 507 457 252 414 570 600 637 519 702 279 304 300 654 58 364 877 442 700 755 305 530 615 299 559 172 623 56 452 679 577 839 776 556 271 315 759 732 766 
197 434 810 458 75 577 290 487 677 357 361 672 456 706 442 846 499 659 468 436 594 411 568 280 261 116 357 358 457 270 707 496 186 432 444 667 312 656 280 169 402 469 574 141 532 114 412 520 546 816 667 395 534 303 835 289 
794 351 352 564 602 319 739 727 783 765 345 856 141 846 156 427 380 797 298 345 630 387 277 316 340 488 255 532 502 724 329 745 656 371 361 222 370 643 339 761 501 243 684 477 750 663 184 239 125 353 391 531 525 390 428 426 
621 540 384 195 512 131 450 365 416 451 111 485 292 477 280 399 38 427 72 37 265 52 145 288 344 355 355 195 132 441 268 383 408 555 20 276 462 294 225 621 146 129 314 427 383 461 293 140 432 391 207 178 160 476 386 500 
195 427 823 478 55 592 308 507 698 376 376 692 461 726 448 860 515 679 482 451 614 427 582 286 264 127 358 378 476 288 721 516 205 423 460 678 306 676 291 160 421 481 595 137 552 130 417 532 546 828 683 415 553 296 849 280 
814 799 391 254 750 250 578 374 279 545 372 383 533 344 525 351 229 312 313 301 162 299 293 551 607 596 615 341 233 577 295 387 581 815 283 383 725 115 486 831 289 363 241 680 360 656 544 340 661 398 196 304 157 740 334 764 
478 487 518 191 378 269 330 320 441 346 78 482 303 491 287 540 178 440 171 125 315 90 271 214 261 222 309 117 157 317 405 338 271 498 128 393 385 365 140 479 116 200 329 308 353 319 282 241 444 525 350 133 229 395 527 412 
483 243 570 435 292 382 477 554 685 522 210 724 172 736 160 623 351 684 278 278 553 285 356 30 34 184 81 355 394 459 487 570 378 254 296 418 146 597 103 449 360 247 573 168 591 364 127 296 264 575 481 376 457 160 615 186 
994 762 106 503 867 248 813 660 592 800 464 696 482 657 483 38 341 624 358 392 463 426 260 594 646 713 607 552 451 806 124 676 781 782 387 216 735 428 557 990 495 367 543 763 657 834 516 316 557 110 170 524 405 754 21 787 
735 293 401 544 540 330 695 701 774 725 314 841 89 835 105 474 373 785 286 327 622 365 288 259 279 431 192 502 485 679 364 719 607 313 345 261 305 642 290 700 477 229 671 415 728 609 127 239 84 403 412 505 517 326 473 362 
701 287 407 511 509 311 658 667 744 689 278 809 52 805 68 475 346 755 258 296 594 332 270 224 247 396 164 467 453 642 358 685 570 307 315 260 285 616 253 668 444 201 640 384 694 573 92 217 104 409 398 471 488 305 473 341 
656 835 626 157 658 415 383 137 94 331 397 151 621 144 608 598 327 93 408 365 97 330 450 562 609 528 655 244 208 390 514 144 427 846 347 574 732 146 489 691 233 464 21 630 109 515 613 470 764 633 414 217 185 741 581 755 
544 157 583 521 337 428 565 645 771 612 287 813 161 823 156 644 416 771 334 346 634 361 396 120 94 261 32 445 477 546 515 661 463 171 365 431 97 674 191 501 446 292 659 213 681 440 122 335 199 587 527 464 535 118 639 152 
195 422 892 568 48 669 381 593 786 451 455 778 510 813 497 933 598 767 558 532 704 510 656 340 306 205 393 468 564 362 794 602 285 415 542 744 313 766 360 134 510 551 684 169 638 201 464 603 576 897 762 504 642 298 923 272 
101 598 907 464 216 659 186 432 637 256 452 606 596 651 580 930 565 611 558 515 590 479 660 423 415 251 511 375 484 172 795 436 134 596 518 773 476 657 402 143 430 573 550 305 476 75 554 621 699 913 738 411 558 467 917 452 
286 389 716 394 140 485 301 452 628 360 269 637 367 664 353 752 411 615 375 345 530 323 474 192 185 21 280 295 383 282 614 465 194 390 355 572 265 589 186 263 331 374 520 106 496 162 325 425 468 721 577 329 460 261 742 258 
336 279 754 517 122 549 431 588 759 493 347 772 355 797 344 803 496 748 440 424 650 415 529 196 152 137 234 420 497 411 665 601 322 276 438 603 160 706 236 287 448 421 649 34 632 267 309 472 416 759 647 452 571 148 794 133 
253 570 766 310 262 514 119 303 501 177 317 487 497 524 481 784 416 479 419 372 439 333 519 339 352 192 441 220 329 100 651 311 23 573 373 639 446 506 296 278 275 442 406 287 348 101 462 487 619 772 588 256 403 444 770 441 
840 691 221 336 730 121 647 495 448 633 324 547 410 515 406 200 184 477 226 246 308 272 155 480 535 573 517 387 285 642 116 511 620 709 237 209 640 284 429 842 330 257 385 637 495 679 433 215 520 228 23 357 239 657 184 687 
1006 770 105 515 878 260 825 672 602 812 476 706 490 667 492 29 353 635 369 404 475 438 271 604 656 724 616 564 464 819 134 687 793 790 399 223 744 438 568 1002 507 378 554 774 668 846 525 327 563 108 183 536 417 764 15 796 
304 630 761 267 334 507 77 234 437 114 329 416 531 456 515 771 403 412 422 371 388 327 518 385 405 255 489 191 298 65 644 241 78 633 368 644 507 456 332 339 248 453 346 354 279 166 499 493 660 767 571 223 366 507 757 506 
330 677 778 263 379 525 61 201 406 68 359 378 569 420 553 784 419 380 446 394 374 349 539 429 451 303 533 202 303 63 660 205 119 681 389 668 555 441 373 371 258 482 324 402 245 205 539 519 701 785 583 229 365 554 769 554 
644 143 550 584 435 439 660 722 830 704 344 882 145 886 150 619 451 835 363 388 687 413 400 206 194 361 102 519 534 642 501 739 560 163 408 404 167 719 269 599 511 312 721 313 755 541 132 342 107 553 532 533 583 187 617 222 
2730 3408 3456 768 2394 1932 1554 1380 2226 1578 1002 2388 2376 2484 2280 3516 1308 2178 1458 1146 1584 870 2010 1776 2028 1536 2376 186 762 1500 2748 1482 1362 3468 1110 2784 2760 1950 1344 2814 432 1698 1554 2130 1590 1770 2250 1896 3222 3492 2322 384 1224 2802 3432 2874 
3684 4386 3258 354 3510 1896 2178 1008 1182 1974 1734 1548 3072 1518 2994 3162 1326 1212 1800 1530 468 1326 2094 2754 3048 2664 3294 948 594 2190 2562 1104 2280 4458 1428 2856 3792 864 2316 3834 786 2130 528 3252 1020 2772 3030 2178 3930 3300 1986 744 534 3852 3060 3948 
1832 4696 6368 2672 2088 4360 840 2520 4136 1360 2784 3968 4192 4288 4072 6512 3568 3944 3592 3224 3696 2904 4400 2912 2984 1680 3712 1976 2856 680 5456 2568 48 4712 3224 5360 3704 4232 2584 2072 2424 3776 3392 2392 2880 688 3904 4136 5152 6424 4944 2264 3432 3672 6400 3632 
6054 4626 618 3114 5286 1578 4974 4056 3636 4896 2874 4260 2952 4026 2964 156 2142 3834 2232 2442 2874 2646 1644 3642 3948 4362 3708 3408 2808 4938 822 4146 4776 4746 2418 1344 4476 2652 3420 6030 3066 2286 3348 4656 4032 5100 3162 1974 3384 642 1116 3240 2526 4590 78 4788 
3456 1632 5368 4056 1768 3872 3880 4840 6048 4320 2408 6264 2080 6408 2000 5800 3576 6000 3024 2992 5064 3000 3672 992 552 1384 1072 3344 3800 3728 4712 4960 3024 1656 3120 4144 640 5456 1496 3088 3464 2800 5152 800 5160 2728 1720 3192 2520 5400 4672 3552 4344 656 5736 744 
3976 6083 5383 1687 4340 3780 2002 532 1351 1540 3248 938 4872 1288 4774 5243 3080 1092 3549 3199 1764 2898 3990 4200 4459 3633 4914 1953 2128 2100 4578 406 2548 6139 3094 4900 5285 2135 3710 4305 2093 3913 1204 4361 392 3164 4753 4039 5873 5432 3892 1897 2205 5313 5124 5362 
1182 2604 4860 2748 450 3462 1740 2922 4062 2142 2166 4032 2736 4236 2652 5076 2994 3954 2808 2616 3564 2466 3408 1680 1566 696 2142 2148 2742 1620 4242 2976 1116 2592 2664 4002 1872 3936 1680 1014 2412 2814 3444 846 3192 684 2472 3120 3276 4896 4002 2370 3204 1818 5010 1734 
7940 3510 3520 5640 6020 3190 7390 7270 7830 7650 3450 8560 1410 8460 1560 4270 3800 7970 2980 3450 6300 3870 2770 3160 3400 4880 2550 5320 5020 7240 3290 7450 6560 3710 3610 2220 3700 6430 3390 7610 5010 2430 6840 4770 7500 6630 1840 2390 1250 3530 3910 5310 5250 3900 4280 4260 
3105 2700 1920 975 2560 655 2250 1825 2080 2255 555 2425 1460 2385 1400 1995 190 2135 360 185 1325 260 725 1440 1720 1775 1775 975 660 2205 1340 1915 2040 2775 100 1380 2310 1470 1125 3105 730 645 1570 2135 1915 2305 1465 700 2160 1955 1035 890 800 2380 1930 2500 
1560 3416 6584 3824 440 4736 2464 4056 5584 3008 3008 5536 3688 5808 3584 6880 4120 5432 3856 3608 4912 3416 4656 2288 2112 1016 2864 3024 3808 2304 5768 4128 1640 3384 3680 5424 2448 5408 2328 1280 3368 3848 4760 1096 4416 1040 3336 4256 4368 6624 5464 3320 4424 2368 6792 2240 
8140 7990 3910 2540 7500 2500 5780 3740 2790 5450 3720 3830 5330 3440 5250 3510 2290 3120 3130 3010 1620 2990 2930 5510 6070 5960 6150 3410 2330 5770 2950 3870 5810 8150 2830 3830 7250 1150 4860 8310 2890 3630 2410 6800 3600 6560 5440 3400 6610 3980 1960 3040 1570 7400 3340 7640 
3346 3409 3626 1337 2646 1883 2310 2240 3087 2422 546 3374 2121 3437 2009 3780 1246 3080 1197 875 2205 630 1897 1498 1827 1554 2163 819 1099 2219 2835 2366 1897 3486 896 2751 2695 2555 980 3353 812 1400 2303 2156 2471 2233 1974 1687 3108 3675 2450 931 1603 2765 3689 2884 
2898 1458 3420 2610 1752 2292 2862 3324 4110 3132 1260 4344 1032 4416 960 3738 2106 4104 1668 1668 3318 1710 2136 180 204 1104 486 2130 2364 2754 2922 3420 2268 1524 1776 2508 876 3582 618 2694 2160 1482 3438 1008 3546 2184 762 1776 1584 3450 2886 2256 2742 960 3690 1116 
6958 5334 742 3521 6069 1736 5691 4620 4144 5600 3248 4872 3374 4599 3381 266 2387 4368 2506 2744 3241 2982 1820 4158 4522 4991 4249 3864 3157 5642 868 4732 5467 5474 2709 1512 5145 2996 3899 6930 3465 2569 3801 5341 4599 5838 3612 2212 3899 770 1190 3668 2835 5278 147 5509 
3675 1465 2005 2720 2700 1650 3475 3505 3870 3625 1570 4205 445 4175 525 2370 1865 3925 1430 1635 3110 1825 1440 1295 1395 2155 960 2510 2425 3395 1820 3595 3035 1565 1725 1305 1525 3210 1450 3500 2385 1145 3355 2075 3640 3045 635 1195 420 2015 2060 2525 2585 1630 2365 1810 
3505 1435 2035 2555 2545 1555 3290 3335 3720 3445 1390 4045 260 4025 340 2375 1730 3775 1290 1480 2970 1660 1350 1120 1235 1980 820 2335 2265 3210 1790 3425 2850 1535 1575 1300 1425 3080 1265 3340 2220 1005 3200 1920 3470 2865 460 1085 520 2045 1990 2355 2440 1525 2365 1705 
5248 6680 5008 1256 5264 3320 3064 1096 752 2648 3176 1208 4968 1152 4864 4784 2616 744 3264 2920 776 2640 3600 4496 4872 4224 5240 1952 1664 3120 4112 1152 3416 6768 2776 4592 5856 1168 3912 5528 1864 3712 168 5040 872 4120 4904 3760 6112 5064 3312 1736 1480 5928 4648 6040 
3808 1099 4081 3647 2359 2996 3955 4515 5397 4284 2009 5691 1127 5761 1092 4508 2912 5397 2338 2422 4438 2527 2772 840 658 1827 224 3115 3339 3822 3605 4627 3241 1197 2555 3017 679 4718 1337 3507 3122 2044 4613 1491 4767 3080 854 2345 1393 4109 3689 3248 3745 826 4473 1064 
1365 2954 6244 3976 336 4683 2667 4151 5502 3157 3185 5446 3570 5691 3479 6531 4186 5369 3906 3724 4928 3570 4592 2380 2142 1435 2751 3276 3948 2534 5558 4214 1995 2905 3794 5208 2191 5362 2520 938 3570 3857 4788 1183 4466 1407 3248 4221 4032 6279 5334 3528 4494 2086 6461 1904 
505 2990 4535 2320 1080 3295 930 2160 3185 1280 2260 3030 2980 3255 2900 4650 2825 3055 2790 2575 2950 2395 3300 2115 2075 1255 2555 1875 2420 860 3975 2180 670 2980 2590 3865 2380 3285 2010 715 2150 2865 2750 1525 2380 375 2770 3105 3495 4565 3690 2055 2790 2335 4585 2260 
2002 2723 5012 2758 980 3395 2107 3164 4396 2520 1883 4459 2569 4648 2471 5264 2877 4305 2625 2415 3710 2261 3318 1344 1295 147 1960 2065 2681 1974 4298 3255 1358 2730 2485 4004 1855 4123 1302 1841 2317 2618 3640 742 3472 1134 2275 2975 3276 5047 4039 2303 3220 1827 5194 1806 
2352 1953 5278 3619 854 3843 3017 4116 5313 3451 2429 5404 2485 5579 2408 5621 3472 5236 3080 2968 4550 2905 3703 1372 1064 959 1638 2940 3479 2877 4655 4207 2254 1932 3066 4221 1120 4942 1652 2009 3136 2947 4543 238 4424 1869 2163 3304 2912 5313 4529 3164 3997 1036 5558 931 
2277 5130 6894 2790 2358 4626 1071 2727 4509 1593 2853 4383 4473 4716 4329 7056 3744 4311 3771 3348 3951 2997 4671 3051 3168 1728 3969 1980 2961 900 5859 2799 207 5157 3357 5751 4014 4554 2664 2502 2475 3978 3654 2583 3132 909 4158 4383 5571 6948 5292 2304 3627 3996 6930 3969 
8400 6910 2210 3360 7300 1210 6470 4950 4480 6330 3240 5470 4100 5150 4060 2000 1840 4770 2260 2460 3080 2720 1550 4800 5350 5730 5170 3870 2850 6420 1160 5110 6200 7090 2370 2090 6400 2840 4290 8420 3300 2570 3850 6370 4950 6790 4330 2150 5200 2280 230 3570 2390 6570 1840 6870 
10060 7700 1050 5150 8780 2600 8250 6720 6020 8120 4760 7060 4900 6670 4920 290 3530 6350 3690 4040 4750 4380 2710 6040 6560 7240 6160 5640 4640 8190 1340 6870 7930 7900 3990 2230 7440 4380 5680 10020 5070 3780 5540 7740 6680 8460 5250 3270 5630 1080 1830 5360 4170 7640 150 7960 
1824 3780 4566 1602 2004 3042 462 1404 2622 684 1974 2496 3186 2736 3090 4626 2418 2472 2532 2226 2328 1962 3108 2310 2430 1530 2934 1146 1788 390 3864 1446 468 3798 2208 3864 3042 2736 1992 2034 1488 2718 2076 2124 1674 996 2994 2958 3960 4602 3426 1338 2196 3042 4542 3036 
2310 4739 5446 1841 2653 3675 427 1407 2842 476 2513 2646 3983 2940 3871 5488 2933 2660 3122 2758 2618 2443 3773 3003 3157 2121 3731 1414 2121 441 4620 1435 833 4767 2723 4676 3885 3087 2611 2597 1806 3374 2268 2814 1715 1435 3773 3633 4907 5495 4081 1603 2555 3878 5383 3878 
6440 1430 5500 5840 4350 4390 6600 7220 8300 7040 3440 8820 1450 8860 1500 6190 4510 8350 3630 3880 6870 4130 4000 2060 1940 3610 1020 5190 5340 6420 5010 7390 5600 1630 4080 4040 1670 7190 2690 5990 5110 3120 7210 3130 7550 5410 1320 3420 1070 5530 5320 5330 5830 1870 6170 2220 
