12 24 60
80 80 80 80 80 80 80 80 80 80 80 80 
15 10 24 21 23 16 16 20 8 11 17 23 8 16 21 5 16 19 7 6 5 15 22 8 17 12 16 10 25 12 10 17 8 19 22 16 23 16 8 20 23 26 25 15 11 14 16 23 24 16 17 12 12 26 26 22 11 11 17 10 
454 560 863 676 562 627 635 227 935 285 542 605 706 935 305 393 634 621 450 220 730 918 381 452 
50 242 506 322 566 583 195 223 553 503 503 165 278 540 206 128 347 279 213 308 284 541 517 109 
155 165 459 268 461 478 224 229 521 423 397 244 284 516 259 36 453 384 309 340 332 506 425 28 
520 259 385 297 182 144 474 527 479 405 124 559 457 504 599 357 814 738 674 645 573 456 321 360 
440 305 556 404 195 246 492 356 645 190 156 538 518 659 449 266 732 672 561 464 604 624 140 308 
488 589 891 705 572 640 668 261 965 287 556 639 738 965 337 424 665 653 481 249 764 947 386 484 
556 314 16 203 565 513 375 701 97 751 508 487 292 131 721 493 776 687 718 811 404 75 687 445 
478 256 68 140 566 523 291 634 119 720 503 403 208 127 648 429 691 602 637 741 321 102 666 377 
500 403 659 506 224 293 580 369 748 91 215 614 613 762 471 336 780 729 599 462 692 726 59 386 
467 177 229 156 341 300 362 543 322 525 280 465 324 345 591 341 743 659 633 661 447 300 457 316 
115 400 657 478 690 717 316 203 695 564 632 231 406 678 116 259 236 203 59 222 370 686 604 262 
24 306 565 384 618 639 234 207 607 528 557 173 323 591 162 179 293 234 149 270 307 596 554 171 
6810 8400 12945 10140 8430 9405 9525 3405 14025 4275 8130 9075 10590 14025 4575 5895 9510 9315 6750 3300 10950 13770 5715 6780 
500 2420 5060 3220 5660 5830 1950 2230 5530 5030 5030 1650 2780 5400 2060 1280 3470 2790 2130 3080 2840 5410 5170 1090 
2325 2475 6885 4020 6915 7170 3360 3435 7815 6345 5955 3660 4260 7740 3885 540 6795 5760 4635 5100 4980 7590 6375 420 
7800 3885 5775 4455 2730 2160 7110 7905 7185 6075 1860 8385 6855 7560 8985 5355 12210 11070 10110 9675 8595 6840 4815 5400 
4400 3050 5560 4040 1950 2460 4920 3560 6450 1900 1560 5380 5180 6590 4490 2660 7320 6720 5610 4640 6040 6240 1400 3080 
6344 7657 11583 9165 7436 8320 8684 3393 12545 3731 7228 8307 9594 12545 4381 5512 8645 8489 6253 3237 9932 12311 5018 6292 
5560 3140 160 2030 5650 5130 3750 7010 970 7510 5080 4870 2920 1310 7210 4930 7760 6870 7180 8110 4040 750 6870 4450 
5258 2816 748 1540 6226 5753 3201 6974 1309 7920 5533 4433 2288 1397 7128 4719 7601 6622 7007 8151 3531 1122 7326 4147 
6500 5239 8567 6578 2912 3809 7540 4797 9724 1183 2795 7982 7969 9906 6123 4368 10140 9477 7787 6006 8996 9438 767 5018 
6071 2301 2977 2028 4433 3900 4706 7059 4186 6825 3640 6045 4212 4485 7683 4433 9659 8567 8229 8593 5811 3900 5941 4108 
1725 6000 9855 7170 10350 10755 4740 3045 10425 8460 9480 3465 6090 10170 1740 3885 3540 3045 885 3330 5550 10290 9060 3930 
312 3978 7345 4992 8034 8307 3042 2691 7891 6864 7241 2249 4199 7683 2106 2327 3809 3042 1937 3510 3991 7748 7202 2223 
149 438 280 134 131 260 460 679 361 406 252 615 516 496 439 426 418 115 553 398 581 626 391 215 262 442 735 494 210 314 237 490 261 162 443 195 66 108 512 235 179 551 23 538 292 526 203 476 123 471 621 27 465 488 439 247 667 574 228 614 
142 179 175 355 417 277 177 452 182 239 522 389 227 225 224 283 306 405 287 164 366 348 186 359 317 155 506 518 498 48 474 506 310 156 367 467 223 190 583 103 187 547 303 355 155 312 362 442 279 385 398 317 193 398 502 132 447 399 159 419 
403 356 272 544 647 579 170 573 186 488 714 527 244 106 438 536 223 653 382 147 76 377 427 491 620 268 612 810 747 257 639 795 614 451 638 670 483 435 881 309 488 828 546 121 446 56 661 721 571 648 540 566 129 657 801 434 580 156 319 592 
217 235 137 392 478 393 115 500 89 336 565 442 205 133 303 383 216 477 313 48 250 351 276 365 432 165 550 633 572 67 501 620 426 260 475 515 300 255 699 129 297 659 370 240 268 196 470 553 380 490 453 388 105 502 618 248 500 285 160 489 
509 235 579 725 741 398 404 77 559 208 867 48 323 462 185 200 686 707 187 503 643 232 231 754 432 312 126 433 781 434 843 416 426 456 261 810 560 555 529 509 436 404 636 673 323 610 539 326 524 242 38 639 446 234 477 370 57 716 565 32 
515 217 562 734 763 439 362 58 531 239 885 31 272 414 193 245 655 733 135 469 592 160 242 753 476 278 109 503 812 416 854 485 470 471 323 828 574 562 598 500 459 478 654 628 342 563 581 394 554 308 38 659 403 302 543 386 64 669 555 108 
139 395 87 185 291 382 330 667 173 435 356 604 413 342 435 473 208 305 499 231 385 552 391 150 405 356 721 640 396 204 287 632 401 221 532 311 173 127 680 112 268 685 205 334 325 332 389 591 292 556 613 227 318 572 601 280 662 367 58 630 
299 459 465 353 281 157 562 627 530 359 403 570 582 615 420 352 616 230 563 543 744 647 380 441 119 505 678 289 262 433 430 289 125 238 312 357 243 290 289 393 202 353 246 716 289 688 28 307 126 340 571 228 583 356 224 272 609 757 413 539 
455 448 303 564 675 652 262 666 223 576 727 621 338 199 528 624 204 688 476 211 19 468 515 497 692 360 705 891 780 327 646 877 685 513 724 689 529 480 959 359 554 912 583 60 526 63 722 806 628 736 634 605 220 746 878 508 674 72 355 686 
504 396 643 670 636 277 578 370 664 258 765 342 534 643 314 210 786 589 432 634 820 505 320 735 279 482 404 142 634 526 773 127 278 424 113 713 510 532 236 557 381 104 561 826 328 774 375 65 417 98 335 553 617 89 205 366 347 872 606 271 
442 168 510 659 681 349 342 127 492 151 805 64 267 402 117 154 619 649 139 437 585 203 164 686 386 247 182 423 726 365 778 405 380 392 238 748 496 488 517 440 375 405 574 611 260 549 491 314 468 225 69 577 384 222 458 306 115 655 496 86 
179 478 200 73 189 388 438 743 286 489 243 679 516 454 504 520 301 214 588 344 494 648 457 71 399 453 799 636 298 302 177 630 397 245 560 198 154 136 661 206 284 689 134 438 373 442 353 606 266 587 687 155 429 603 586 324 735 466 165 694 
200 386 42 271 381 439 280 658 97 454 438 597 372 277 440 497 121 396 477 166 296 518 403 215 468 329 710 698 487 186 362 687 464 279 571 396 255 205 746 126 326 737 295 243 356 244 466 637 369 592 608 317 258 606 665 317 656 276 84 634 
446 467 287 539 653 653 283 695 213 590 700 648 366 224 546 638 171 669 504 215 60 501 529 468 691 380 736 897 760 330 617 884 685 509 736 663 516 466 962 351 551 922 566 28 532 76 715 816 620 749 661 587 241 759 881 511 702 32 340 711 
305 525 460 288 193 244 600 717 535 443 307 658 635 647 498 443 603 143 635 561 755 717 454 384 215 557 770 389 158 461 345 390 219 268 413 265 230 280 376 400 248 454 197 718 355 699 106 411 146 442 661 175 615 458 319 327 700 755 406 634 
120 279 281 295 303 122 354 504 333 230 428 441 384 406 267 251 434 273 392 337 540 471 219 348 151 306 560 381 356 225 410 372 146 39 283 371 128 144 428 199 8 425 198 518 118 484 181 333 105 309 446 200 374 326 347 78 492 560 234 438 
428 732 490 220 170 537 723 977 575 703 47 913 794 743 737 720 571 212 847 634 776 916 688 274 523 725 1032 723 184 581 126 724 525 459 721 103 357 379 708 488 475 788 277 714 590 727 426 736 395 750 919 272 717 767 654 545 964 737 453 910 
350 655 401 134 125 486 637 908 486 637 46 843 711 656 667 659 483 176 769 546 687 836 618 186 479 643 963 695 191 497 44 694 480 389 671 50 285 301 691 402 411 757 209 626 522 637 392 695 343 700 850 210 630 717 630 475 897 649 365 846 
315 594 434 192 71 359 627 818 519 541 161 756 682 662 585 551 556 51 709 562 737 785 537 289 340 606 873 535 44 481 210 536 343 317 540 124 232 273 522 399 319 600 158 688 436 683 239 549 224 570 761 140 632 586 466 396 804 719 385 743 
399 578 561 398 296 274 678 735 632 474 397 681 701 729 537 463 707 247 681 652 850 765 498 494 232 623 785 333 233 545 446 339 239 348 408 363 331 381 296 495 318 401 307 817 408 794 143 383 228 434 681 285 697 448 258 390 716 856 507 644 
249 497 155 201 323 489 404 770 220 546 347 708 496 400 543 585 182 353 595 290 391 640 501 115 509 448 824 746 432 299 263 738 506 330 644 316 266 228 781 217 376 793 270 327 437 346 480 701 386 668 718 292 382 683 703 392 766 348 161 738 
442 426 294 559 668 635 240 644 212 555 724 599 316 177 507 603 205 679 454 194 8 446 494 495 674 338 683 871 772 310 644 857 668 498 704 684 518 468 940 346 538 892 574 69 507 47 707 786 614 715 611 595 198 725 860 490 652 91 345 664 
497 328 616 686 670 302 514 267 624 207 800 241 459 579 247 161 750 627 344 585 760 411 266 739 318 417 301 242 684 487 796 226 315 423 118 745 520 533 337 533 386 207 582 774 306 717 425 143 445 89 234 578 555 72 297 351 244 819 586 168 
60 278 220 260 291 183 320 525 275 261 408 461 363 366 284 290 373 270 393 286 487 466 235 300 212 286 581 443 361 180 378 433 207 22 336 352 97 93 489 139 69 485 178 461 144 431 228 391 138 361 468 186 334 377 409 95 515 503 172 468 
1043 3066 1960 938 917 1820 3220 4753 2527 2842 1764 4305 3612 3472 3073 2982 2926 805 3871 2786 4067 4382 2737 1505 1834 3094 5145 3458 1470 2198 1659 3430 1827 1134 3101 1365 462 756 3584 1645 1253 3857 161 3766 2044 3682 1421 3332 861 3297 4347 189 3255 3416 3073 1729 4669 4018 1596 4298 
1136 1432 1400 2840 3336 2216 1416 3616 1456 1912 4176 3112 1816 1800 1792 2264 2448 3240 2296 1312 2928 2784 1488 2872 2536 1240 4048 4144 3984 384 3792 4048 2480 1248 2936 3736 1784 1520 4664 824 1496 4376 2424 2840 1240 2496 2896 3536 2232 3080 3184 2536 1544 3184 4016 1056 3576 3192 1272 3352 
2015 1780 1360 2720 3235 2895 850 2865 930 2440 3570 2635 1220 530 2190 2680 1115 3265 1910 735 380 1885 2135 2455 3100 1340 3060 4050 3735 1285 3195 3975 3070 2255 3190 3350 2415 2175 4405 1545 2440 4140 2730 605 2230 280 3305 3605 2855 3240 2700 2830 645 3285 4005 2170 2900 780 1595 2960 
1302 1410 822 2352 2868 2358 690 3000 534 2016 3390 2652 1230 798 1818 2298 1296 2862 1878 288 1500 2106 1656 2190 2592 990 3300 3798 3432 402 3006 3720 2556 1560 2850 3090 1800 1530 4194 774 1782 3954 2220 1440 1608 1176 2820 3318 2280 2940 2718 2328 630 3012 3708 1488 3000 1710 960 2934 
5090 2350 5790 7250 7410 3980 4040 770 5590 2080 8670 480 3230 4620 1850 2000 6860 7070 1870 5030 6430 2320 2310 7540 4320 3120 1260 4330 7810 4340 8430 4160 4260 4560 2610 8100 5600 5550 5290 5090 4360 4040 6360 6730 3230 6100 5390 3260 5240 2420 380 6390 4460 2340 4770 3700 570 7160 5650 320 
3605 1519 3934 5138 5341 3073 2534 406 3717 1673 6195 217 1904 2898 1351 1715 4585 5131 945 3283 4144 1120 1694 5271 3332 1946 763 3521 5684 2912 5978 3395 3290 3297 2261 5796 4018 3934 4186 3500 3213 3346 4578 4396 2394 3941 4067 2758 3878 2156 266 4613 2821 2114 3801 2702 448 4683 3885 756 
973 2765 609 1295 2037 2674 2310 4669 1211 3045 2492 4228 2891 2394 3045 3311 1456 2135 3493 1617 2695 3864 2737 1050 2835 2492 5047 4480 2772 1428 2009 4424 2807 1547 3724 2177 1211 889 4760 784 1876 4795 1435 2338 2275 2324 2723 4137 2044 3892 4291 1589 2226 4004 4207 1960 4634 2569 406 4410 
1495 2295 2325 1765 1405 785 2810 3135 2650 1795 2015 2850 2910 3075 2100 1760 3080 1150 2815 2715 3720 3235 1900 2205 595 2525 3390 1445 1310 2165 2150 1445 625 1190 1560 1785 1215 1450 1445 1965 1010 1765 1230 3580 1445 3440 140 1535 630 1700 2855 1140 2915 1780 1120 1360 3045 3785 2065 2695 
4550 4480 3030 5640 6750 6520 2620 6660 2230 5760 7270 6210 3380 1990 5280 6240 2040 6880 4760 2110 190 4680 5150 4970 6920 3600 7050 8910 7800 3270 6460 8770 6850 5130 7240 6890 5290 4800 9590 3590 5540 9120 5830 600 5260 630 7220 8060 6280 7360 6340 6050 2200 7460 8780 5080 6740 720 3550 6860 
5040 3960 6430 6700 6360 2770 5780 3700 6640 2580 7650 3420 5340 6430 3140 2100 7860 5890 4320 6340 8200 5050 3200 7350 2790 4820 4040 1420 6340 5260 7730 1270 2780 4240 1130 7130 5100 5320 2360 5570 3810 1040 5610 8260 3280 7740 3750 650 4170 980 3350 5530 6170 890 2050 3660 3470 8720 6060 2710 
3978 1512 4590 5931 6129 3141 3078 1143 4428 1359 7245 576 2403 3618 1053 1386 5571 5841 1251 3933 5265 1827 1476 6174 3474 2223 1638 3807 6534 3285 7002 3645 3420 3528 2142 6732 4464 4392 4653 3960 3375 3645 5166 5499 2340 4941 4419 2826 4212 2025 621 5193 3456 1998 4122 2754 1035 5895 4464 774 
1253 3346 1400 511 1323 2716 3066 5201 2002 3423 1701 4753 3612 3178 3528 3640 2107 1498 4116 2408 3458 4536 3199 497 2793 3171 5593 4452 2086 2114 1239 4410 2779 1715 3920 1386 1078 952 4627 1442 1988 4823 938 3066 2611 3094 2471 4242 1862 4109 4809 1085 3003 4221 4102 2268 5145 3262 1155 4858 
1000 1930 210 1355 1905 2195 1400 3290 485 2270 2190 2985 1860 1385 2200 2485 605 1980 2385 830 1480 2590 2015 1075 2340 1645 3550 3490 2435 930 1810 3435 2320 1395 2855 1980 1275 1025 3730 630 1630 3685 1475 1215 1780 1220 2330 3185 1845 2960 3040 1585 1290 3030 3325 1585 3280 1380 420 3170 
2230 2335 1435 2695 3265 3265 1415 3475 1065 2950 3500 3240 1830 1120 2730 3190 855 3345 2520 1075 300 2505 2645 2340 3455 1900 3680 4485 3800 1650 3085 4420 3425 2545 3680 3315 2580 2330 4810 1755 2755 4610 2830 140 2660 380 3575 4080 3100 3745 3305 2935 1205 3795 4405 2555 3510 160 1700 3555 
1830 3150 2760 1728 1158 1464 3600 4302 3210 2658 1842 3948 3810 3882 2988 2658 3618 858 3810 3366 4530 4302 2724 2304 1290 3342 4620 2334 948 2766 2070 2340 1314 1608 2478 1590 1380 1680 2256 2400 1488 2724 1182 4308 2130 4194 636 2466 876 2652 3966 1050 3690 2748 1914 1962 4200 4530 2436 3804 
720 1674 1686 1770 1818 732 2124 3024 1998 1380 2568 2646 2304 2436 1602 1506 2604 1638 2352 2022 3240 2826 1314 2088 906 1836 3360 2286 2136 1350 2460 2232 876 234 1698 2226 768 864 2568 1194 48 2550 1188 3108 708 2904 1086 1998 630 1854 2676 1200 2244 1956 2082 468 2952 3360 1404 2628 
2568 4392 2940 1320 1020 3222 4338 5862 3450 4218 282 5478 4764 4458 4422 4320 3426 1272 5082 3804 4656 5496 4128 1644 3138 4350 6192 4338 1104 3486 756 4344 3150 2754 4326 618 2142 2274 4248 2928 2850 4728 1662 4284 3540 4362 2556 4416 2370 4500 5514 1632 4302 4602 3924 3270 5784 4422 2718 5460 
3150 5895 3609 1206 1125 4374 5733 8172 4374 5733 414 7587 6399 5904 6003 5931 4347 1584 6921 4914 6183 7524 5562 1674 4311 5787 8667 6255 1719 4473 396 6246 4320 3501 6039 450 2565 2709 6219 3618 3699 6813 1881 5634 4698 5733 3528 6255 3087 6300 7650 1890 5670 6453 5670 4275 8073 5841 3285 7614 
3150 5940 4340 1920 710 3590 6270 8180 5190 5410 1610 7560 6820 6620 5850 5510 5560 510 7090 5620 7370 7850 5370 2890 3400 6060 8730 5350 440 4810 2100 5360 3430 3170 5400 1240 2320 2730 5220 3990 3190 6000 1580 6880 4360 6830 2390 5490 2240 5700 7610 1400 6320 5860 4660 3960 8040 7190 3850 7430 
3591 5202 5049 3582 2664 2466 6102 6615 5688 4266 3573 6129 6309 6561 4833 4167 6363 2223 6129 5868 7650 6885 4482 4446 2088 5607 7065 2997 2097 4905 4014 3051 2151 3132 3672 3267 2979 3429 2664 4455 2862 3609 2763 7353 3672 7146 1287 3447 2052 3906 6129 2565 6273 4032 2322 3510 6444 7704 4563 5796 
1494 2982 930 1206 1938 2934 2424 4620 1320 3276 2082 4248 2976 2400 3258 3510 1092 2118 3570 1740 2346 3840 3006 690 3054 2688 4944 4476 2592 1794 1578 4428 3036 1980 3864 1896 1596 1368 4686 1302 2256 4758 1620 1962 2622 2076 2880 4206 2316 4008 4308 1752 2292 4098 4218 2352 4596 2088 966 4428 
3536 3408 2352 4472 5344 5080 1920 5152 1696 4440 5792 4792 2528 1416 4056 4824 1640 5432 3632 1552 64 3568 3952 3960 5392 2704 5464 6968 6176 2480 5152 6856 5344 3984 5632 5472 4144 3744 7520 2768 4304 7136 4592 552 4056 376 5656 6288 4912 5720 4888 4760 1584 5800 6880 3920 5216 728 2760 5312 
2982 1968 3696 4116 4020 1812 3084 1602 3744 1242 4800 1446 2754 3474 1482 966 4500 3762 2064 3510 4560 2466 1596 4434 1908 2502 1806 1452 4104 2922 4776 1356 1890 2538 708 4470 3120 3198 2022 3198 2316 1242 3492 4644 1836 4302 2550 858 2670 534 1404 3468 3330 432 1782 2106 1464 4914 3516 1008 
420 1946 1540 1820 2037 1281 2240 3675 1925 1827 2856 3227 2541 2562 1988 2030 2611 1890 2751 2002 3409 3262 1645 2100 1484 2002 4067 3101 2527 1260 2646 3031 1449 154 2352 2464 679 651 3423 973 483 3395 1246 3227 1008 3017 1596 2737 966 2527 3276 1302 2338 2639 2863 665 3605 3521 1204 3276 
