10 25 50
80 80 80 80 80 80 80 80 80 80 
14 22 20 12 23 19 17 19 7 13 7 16 14 14 7 11 19 16 14 10 11 7 17 20 21 9 16 23 7 25 15 19 19 25 24 20 5 24 21 6 25 14 24 7 5 14 21 24 20 18 
355 620 396 309 309 429 173 180 662 559 495 208 71 126 108 62 460 678 644 454 484 360 266 509 426 
499 673 416 380 392 513 320 202 776 587 485 339 195 217 253 96 355 767 777 584 397 399 402 554 336 
732 235 330 449 473 415 779 550 591 183 249 872 670 607 712 696 547 430 733 638 474 372 657 257 505 
188 352 355 230 196 158 347 383 230 393 470 437 363 334 339 458 685 288 243 73 657 303 182 317 629 
422 596 348 296 307 428 261 126 689 518 432 303 117 130 184 33 366 682 692 499 392 323 321 478 334 
64 586 528 381 346 376 238 452 399 611 653 290 354 365 290 450 787 511 301 183 781 471 172 535 738 
562 173 148 266 292 257 595 370 498 43 116 688 485 423 527 517 442 369 616 488 379 187 479 101 390 
563 249 105 249 282 281 566 315 550 122 40 655 442 380 492 461 362 436 655 509 300 160 469 153 309 
458 138 133 186 203 147 513 333 398 91 191 609 424 364 454 475 491 290 508 378 438 136 383 20 435 
694 208 291 410 434 379 739 512 566 144 216 833 630 568 672 658 523 409 704 604 451 333 618 219 478 
4260 7440 4752 3708 3708 5148 2076 2160 7944 6708 5940 2496 852 1512 1296 744 5520 8136 7728 5448 5808 4320 3192 6108 5112 
5988 8076 4992 4560 4704 6156 3840 2424 9312 7044 5820 4068 2340 2604 3036 1152 4260 9204 9324 7008 4764 4788 4824 6648 4032 
8052 2585 3630 4939 5203 4565 8569 6050 6501 2013 2739 9592 7370 6677 7832 7656 6017 4730 8063 7018 5214 4092 7227 2827 5555 
2820 5280 5325 3450 2940 2370 5205 5745 3450 5895 7050 6555 5445 5010 5085 6870 10275 4320 3645 1095 9855 4545 2730 4755 9435 
5908 8344 4872 4144 4298 5992 3654 1764 9646 7252 6048 4242 1638 1820 2576 462 5124 9548 9688 6986 5488 4522 4494 6692 4676 
960 8790 7920 5715 5190 5640 3570 6780 5985 9165 9795 4350 5310 5475 4350 6750 11805 7665 4515 2745 11715 7065 2580 8025 11070 
6744 2076 1776 3192 3504 3084 7140 4440 5976 516 1392 8256 5820 5076 6324 6204 5304 4428 7392 5856 4548 2244 5748 1212 4680 
6756 2988 1260 2988 3384 3372 6792 3780 6600 1464 480 7860 5304 4560 5904 5532 4344 5232 7860 6108 3600 1920 5628 1836 3708 
5954 1794 1729 2418 2639 1911 6669 4329 5174 1183 2483 7917 5512 4732 5902 6175 6383 3770 6604 4914 5694 1768 4979 260 5655 
10410 3120 4365 6150 6510 5685 11085 7680 8490 2160 3240 12495 9450 8520 10080 9870 7845 6135 10560 9060 6765 4995 9270 3285 7170 
350 621 297 465 108 403 300 107 250 286 240 346 188 635 721 567 98 95 617 335 105 305 234 203 578 142 151 87 255 415 340 62 128 359 354 352 718 374 85 552 251 192 95 406 675 286 629 356 773 259 
543 163 415 152 522 136 248 446 628 289 681 521 592 659 189 59 493 483 112 544 491 297 488 377 370 414 420 465 422 139 761 585 511 179 357 509 644 523 613 552 519 441 571 455 544 484 474 689 674 433 
313 221 512 364 400 193 198 428 446 370 516 290 433 391 403 248 478 465 378 319 479 397 307 414 136 322 428 438 242 301 573 526 510 276 135 276 389 283 524 283 328 478 455 202 298 278 229 475 427 248 
235 335 407 344 255 183 102 289 325 278 387 213 300 423 485 318 338 326 422 234 340 308 181 294 265 175 298 297 113 274 456 379 373 224 68 203 462 221 377 316 210 353 311 175 392 172 334 377 511 123 
240 358 375 334 226 185 86 252 310 250 367 220 279 450 499 333 301 289 427 237 303 282 168 260 302 140 261 260 103 265 442 344 336 211 98 212 495 232 344 344 199 318 281 198 428 170 370 371 544 115 
362 307 300 213 301 86 35 247 416 159 463 341 375 554 409 250 297 286 320 358 297 187 281 208 348 194 234 263 222 143 547 375 324 90 202 333 582 353 396 445 314 276 350 310 501 291 436 487 626 234 
209 665 499 604 124 488 376 301 45 450 57 219 32 487 808 642 307 302 728 194 314 476 153 388 534 225 344 286 219 541 143 235 339 481 325 232 592 246 176 430 136 396 115 315 578 190 551 148 649 212 
98 443 568 524 293 356 283 412 264 451 342 80 277 255 623 463 451 440 583 110 455 482 163 448 249 277 435 412 143 454 374 449 489 406 118 65 325 63 419 160 162 496 340 23 289 111 257 264 380 136 
615 514 96 210 445 319 323 274 599 145 611 600 540 846 504 415 289 287 375 607 283 114 505 181 639 361 229 292 470 227 711 400 278 228 491 595 879 618 459 738 537 192 466 595 798 537 732 696 924 481 
477 70 501 270 514 160 250 484 593 361 655 455 568 548 232 86 534 523 221 482 534 378 449 435 246 416 469 500 381 233 723 609 559 244 290 441 522 451 624 444 476 503 568 372 420 432 350 636 549 390 
412 167 613 419 525 271 311 548 561 469 634 392 553 410 362 244 599 586 379 422 600 493 426 525 96 447 545 560 364 369 683 651 630 362 254 376 367 378 649 315 444 591 580 291 263 392 195 578 390 369 
271 759 578 700 215 585 474 381 103 541 44 286 130 522 905 739 379 376 825 257 386 566 244 474 613 320 426 364 312 638 60 288 406 577 414 301 638 309 221 483 222 473 189 389 637 273 618 143 694 304 
52 558 543 570 196 423 322 358 123 453 201 63 147 338 724 558 385 376 663 36 390 484 87 421 390 234 392 351 136 502 235 351 422 445 208 77 437 89 308 273 57 453 229 165 421 68 396 137 494 124 
56 496 518 520 205 366 271 344 176 416 252 41 184 326 663 497 378 367 605 51 383 448 75 396 334 212 373 341 89 450 296 363 416 396 145 42 411 65 329 244 68 435 249 114 382 24 350 199 467 78 
125 598 509 573 140 440 331 315 59 436 133 134 74 409 753 586 335 327 682 110 341 466 86 391 452 208 354 305 154 506 188 287 371 447 251 147 510 161 239 346 59 413 163 231 493 110 466 127 567 144 
72 590 640 646 295 488 398 457 190 544 262 91 233 255 769 606 484 475 722 78 490 575 184 518 383 331 491 450 217 576 259 447 521 523 253 101 367 87 399 215 157 552 323 168 372 148 363 138 424 205 
407 490 860 726 629 558 544 733 579 724 656 399 605 177 681 570 777 765 706 422 781 753 499 749 240 602 749 737 472 666 657 785 814 640 391 388 57 371 755 186 494 807 676 321 66 447 136 535 64 468 
614 368 254 56 506 225 289 368 646 186 677 595 595 797 333 264 402 395 204 610 397 171 524 275 543 402 328 389 471 118 771 511 405 164 452 587 807 607 558 687 558 320 542 561 714 541 644 729 844 483 
616 645 83 362 401 427 390 224 554 224 546 606 492 879 659 554 209 214 532 605 202 205 497 178 723 352 191 234 483 360 645 303 180 339 538 605 934 629 369 779 524 129 402 628 866 541 805 658 984 492 
423 535 156 326 220 307 230 44 375 143 382 412 315 687 603 462 77 69 489 412 73 156 304 53 556 159 3 63 290 288 482 183 93 239 354 412 748 436 234 589 332 64 236 438 686 347 629 476 799 299 
421 422 827 673 627 510 509 714 595 687 673 409 614 234 611 507 760 748 641 436 763 715 499 720 186 587 725 720 463 616 684 778 797 595 370 397 130 383 755 210 499 781 676 319 53 449 93 563 133 460 
278 259 467 346 344 173 149 372 399 328 466 256 381 400 428 265 422 410 386 282 424 356 257 364 184 265 375 382 191 279 527 469 455 245 91 242 415 253 467 290 280 427 400 181 332 234 267 436 458 197 
246 543 345 442 44 342 230 153 189 285 214 240 133 528 666 504 178 169 575 233 184 311 127 229 472 63 191 144 145 381 308 169 216 321 248 244 607 267 157 441 149 249 94 295 564 177 519 287 662 148 
429 146 432 227 443 86 174 407 531 290 590 407 502 539 279 113 458 446 232 432 457 309 387 361 261 342 393 423 319 176 662 533 483 175 241 394 531 407 550 431 416 428 496 336 434 376 364 581 564 329 
367 441 804 669 581 501 487 680 540 667 618 357 563 176 635 518 724 712 653 382 728 696 452 693 186 550 694 684 421 609 627 736 761 583 337 345 92 330 709 152 450 752 629 272 13 400 82 505 119 418 
2100 3726 1782 2790 648 2418 1800 642 1500 1716 1440 2076 1128 3810 4326 3402 588 570 3702 2010 630 1830 1404 1218 3468 852 906 522 1530 2490 2040 372 768 2154 2124 2112 4308 2244 510 3312 1506 1152 570 2436 4050 1716 3774 2136 4638 1554 
4344 1304 3320 1216 4176 1088 1984 3568 5024 2312 5448 4168 4736 5272 1512 472 3944 3864 896 4352 3928 2376 3904 3016 2960 3312 3360 3720 3376 1112 6088 4680 4088 1432 2856 4072 5152 4184 4904 4416 4152 3528 4568 3640 4352 3872 3792 5512 5392 3464 
1565 1105 2560 1820 2000 965 990 2140 2230 1850 2580 1450 2165 1955 2015 1240 2390 2325 1890 1595 2395 1985 1535 2070 680 1610 2140 2190 1210 1505 2865 2630 2550 1380 675 1380 1945 1415 2620 1415 1640 2390 2275 1010 1490 1390 1145 2375 2135 1240 
1880 2680 3256 2752 2040 1464 816 2312 2600 2224 3096 1704 2400 3384 3880 2544 2704 2608 3376 1872 2720 2464 1448 2352 2120 1400 2384 2376 904 2192 3648 3032 2984 1792 544 1624 3696 1768 3016 2528 1680 2824 2488 1400 3136 1376 2672 3016 4088 984 
1680 2506 2625 2338 1582 1295 602 1764 2170 1750 2569 1540 1953 3150 3493 2331 2107 2023 2989 1659 2121 1974 1176 1820 2114 980 1827 1820 721 1855 3094 2408 2352 1477 686 1484 3465 1624 2408 2408 1393 2226 1967 1386 2996 1190 2590 2597 3808 805 
3620 3070 3000 2130 3010 860 350 2470 4160 1590 4630 3410 3750 5540 4090 2500 2970 2860 3200 3580 2970 1870 2810 2080 3480 1940 2340 2630 2220 1430 5470 3750 3240 900 2020 3330 5820 3530 3960 4450 3140 2760 3500 3100 5010 2910 4360 4870 6260 2340 
1672 5320 3992 4832 992 3904 3008 2408 360 3600 456 1752 256 3896 6464 5136 2456 2416 5824 1552 2512 3808 1224 3104 4272 1800 2752 2288 1752 4328 1144 1880 2712 3848 2600 1856 4736 1968 1408 3440 1088 3168 920 2520 4624 1520 4408 1184 5192 1696 
588 2658 3408 3144 1758 2136 1698 2472 1584 2706 2052 480 1662 1530 3738 2778 2706 2640 3498 660 2730 2892 978 2688 1494 1662 2610 2472 858 2724 2244 2694 2934 2436 708 390 1950 378 2514 960 972 2976 2040 138 1734 666 1542 1584 2280 816 
6150 5140 960 2100 4450 3190 3230 2740 5990 1450 6110 6000 5400 8460 5040 4150 2890 2870 3750 6070 2830 1140 5050 1810 6390 3610 2290 2920 4700 2270 7110 4000 2780 2280 4910 5950 8790 6180 4590 7380 5370 1920 4660 5950 7980 5370 7320 6960 9240 4810 
3339 490 3507 1890 3598 1120 1750 3388 4151 2527 4585 3185 3976 3836 1624 602 3738 3661 1547 3374 3738 2646 3143 3045 1722 2912 3283 3500 2667 1631 5061 4263 3913 1708 2030 3087 3654 3157 4368 3108 3332 3521 3976 2604 2940 3024 2450 4452 3843 2730 
2060 835 3065 2095 2625 1355 1555 2740 2805 2345 3170 1960 2765 2050 1810 1220 2995 2930 1895 2110 3000 2465 2130 2625 480 2235 2725 2800 1820 1845 3415 3255 3150 1810 1270 1880 1835 1890 3245 1575 2220 2955 2900 1455 1315 1960 975 2890 1950 1845 
1626 4554 3468 4200 1290 3510 2844 2286 618 3246 264 1716 780 3132 5430 4434 2274 2256 4950 1542 2316 3396 1464 2844 3678 1920 2556 2184 1872 3828 360 1728 2436 3462 2484 1806 3828 1854 1326 2898 1332 2838 1134 2334 3822 1638 3708 858 4164 1824 
416 4464 4344 4560 1568 3384 2576 2864 984 3624 1608 504 1176 2704 5792 4464 3080 3008 5304 288 3120 3872 696 3368 3120 1872 3136 2808 1088 4016 1880 2808 3376 3560 1664 616 3496 712 2464 2184 456 3624 1832 1320 3368 544 3168 1096 3952 992 
280 2480 2590 2600 1025 1830 1355 1720 880 2080 1260 205 920 1630 3315 2485 1890 1835 3025 255 1915 2240 375 1980 1670 1060 1865 1705 445 2250 1480 1815 2080 1980 725 210 2055 325 1645 1220 340 2175 1245 570 1910 120 1750 995 2335 390 
750 3588 3054 3438 840 2640 1986 1890 354 2616 798 804 444 2454 4518 3516 2010 1962 4092 660 2046 2796 516 2346 2712 1248 2124 1830 924 3036 1128 1722 2226 2682 1506 882 3060 966 1434 2076 354 2478 978 1386 2958 660 2796 762 3402 864 
720 5900 6400 6460 2950 4880 3980 4570 1900 5440 2620 910 2330 2550 7690 6060 4840 4750 7220 780 4900 5750 1840 5180 3830 3310 4910 4500 2170 5760 2590 4470 5210 5230 2530 1010 3670 870 3990 2150 1570 5520 3230 1680 3720 1480 3630 1380 4240 2050 
2849 3430 6020 5082 4403 3906 3808 5131 4053 5068 4592 2793 4235 1239 4767 3990 5439 5355 4942 2954 5467 5271 3493 5243 1680 4214 5243 5159 3304 4662 4599 5495 5698 4480 2737 2716 399 2597 5285 1302 3458 5649 4732 2247 462 3129 952 3745 448 3276 
5526 3312 2286 504 4554 2025 2601 3312 5814 1674 6093 5355 5355 7173 2997 2376 3618 3555 1836 5490 3573 1539 4716 2475 4887 3618 2952 3501 4239 1062 6939 4599 3645 1476 4068 5283 7263 5463 5022 6183 5022 2880 4878 5049 6426 4869 5796 6561 7596 4347 
3080 3225 415 1810 2005 2135 1950 1120 2770 1120 2730 3030 2460 4395 3295 2770 1045 1070 2660 3025 1010 1025 2485 890 3615 1760 955 1170 2415 1800 3225 1515 900 1695 2690 3025 4670 3145 1845 3895 2620 645 2010 3140 4330 2705 4025 3290 4920 2460 
3384 4280 1248 2608 1760 2456 1840 352 3000 1144 3056 3296 2520 5496 4824 3696 616 552 3912 3296 584 1248 2432 424 4448 1272 24 504 2320 2304 3856 1464 744 1912 2832 3296 5984 3488 1872 4712 2656 512 1888 3504 5488 2776 5032 3808 6392 2392 
2526 2532 4962 4038 3762 3060 3054 4284 3570 4122 4038 2454 3684 1404 3666 3042 4560 4488 3846 2616 4578 4290 2994 4320 1116 3522 4350 4320 2778 3696 4104 4668 4782 3570 2220 2382 780 2298 4530 1260 2994 4686 4056 1914 318 2694 558 3378 798 2760 
2780 2590 4670 3460 3440 1730 1490 3720 3990 3280 4660 2560 3810 4000 4280 2650 4220 4100 3860 2820 4240 3560 2570 3640 1840 2650 3750 3820 1910 2790 5270 4690 4550 2450 910 2420 4150 2530 4670 2900 2800 4270 4000 1810 3320 2340 2670 4360 4580 1970 
2460 5430 3450 4420 440 3420 2300 1530 1890 2850 2140 2400 1330 5280 6660 5040 1780 1690 5750 2330 1840 3110 1270 2290 4720 630 1910 1440 1450 3810 3080 1690 2160 3210 2480 2440 6070 2670 1570 4410 1490 2490 940 2950 5640 1770 5190 2870 6620 1480 
3432 1168 3456 1816 3544 688 1392 3256 4248 2320 4720 3256 4016 4312 2232 904 3664 3568 1856 3456 3656 2472 3096 2888 2088 2736 3144 3384 2552 1408 5296 4264 3864 1400 1928 3152 4248 3256 4400 3448 3328 3424 3968 2688 3472 3008 2912 4648 4512 2632 
3303 3969 7236 6021 5229 4509 4383 6120 4860 6003 5562 3213 5067 1584 5715 4662 6516 6408 5877 3438 6552 6264 4068 6237 1674 4950 6246 6156 3789 5481 5643 6624 6849 5247 3033 3105 828 2970 6381 1368 4050 6768 5661 2448 117 3600 738 4545 1071 3762 
