12 24 48
80 80 80 80 80 80 80 80 80 80 80 80 
15 21 28 31 21 18 20 13 24 22 13 16 31 29 19 16 30 18 14 23 22 16 32 23 16 12 12 14 19 19 25 22 15 16 18 22 17 14 16 22 23 17 22 27 19 15 24 19 
237 543 352 655 440 142 77 683 210 367 382 275 600 540 68 551 485 682 390 715 733 882 523 762 
142 216 261 583 389 206 330 465 126 64 331 115 283 307 270 369 180 644 119 386 562 615 203 550 
13 336 337 674 464 106 225 589 125 134 401 181 408 431 180 484 241 726 244 485 678 746 286 674 
352 235 137 371 220 376 480 249 256 277 189 179 233 97 410 141 342 441 110 414 335 439 324 333 
664 671 344 183 219 623 653 453 538 668 273 494 656 452 600 366 763 143 522 843 385 669 756 476 
225 131 272 564 392 292 416 406 203 96 342 164 197 252 355 330 152 632 90 309 514 538 149 490 
476 186 542 754 638 564 687 496 496 332 604 461 200 407 635 501 227 832 364 35 626 493 177 556 
837 564 577 421 533 868 970 243 749 729 569 672 488 398 900 374 733 483 583 610 224 161 685 164 
561 229 566 730 646 643 768 449 562 414 622 515 199 396 710 485 325 810 405 76 578 404 269 497 
227 248 139 462 267 247 356 378 128 185 210 53 286 223 287 264 285 521 70 436 459 559 289 462 
381 316 81 307 139 386 475 257 268 333 112 196 312 139 406 124 413 371 172 494 313 471 400 335 
531 325 267 287 261 555 655 71 435 440 275 358 275 94 585 70 477 367 280 455 169 289 442 154 
2370 5430 3520 6550 4400 1420 770 6830 2100 3670 3820 2750 6000 5400 680 5510 4850 6820 3900 7150 7330 8820 5230 7620 
1704 2592 3132 6996 4668 2472 3960 5580 1512 768 3972 1380 3396 3684 3240 4428 2160 7728 1428 4632 6744 7380 2436 6600 
130 3360 3370 6740 4640 1060 2250 5890 1250 1340 4010 1810 4080 4310 1800 4840 2410 7260 2440 4850 6780 7460 2860 6740 
4224 2820 1644 4452 2640 4512 5760 2988 3072 3324 2268 2148 2796 1164 4920 1692 4104 5292 1320 4968 4020 5268 3888 3996 
9960 10065 5160 2745 3285 9345 9795 6795 8070 10020 4095 7410 9840 6780 9000 5490 11445 2145 7830 12645 5775 10035 11340 7140 
2700 1572 3264 6768 4704 3504 4992 4872 2436 1152 4104 1968 2364 3024 4260 3960 1824 7584 1080 3708 6168 6456 1788 5880 
6664 2604 7588 10556 8932 7896 9618 6944 6944 4648 8456 6454 2800 5698 8890 7014 3178 11648 5096 490 8764 6902 2478 7784 
10881 7332 7501 5473 6929 11284 12610 3159 9737 9477 7397 8736 6344 5174 11700 4862 9529 6279 7579 7930 2912 2093 8905 2132 
7293 2977 7358 9490 8398 8359 9984 5837 7306 5382 8086 6695 2587 5148 9230 6305 4225 10530 5265 988 7514 5252 3497 6461 
2270 2480 1390 4620 2670 2470 3560 3780 1280 1850 2100 530 2860 2230 2870 2640 2850 5210 700 4360 4590 5590 2890 4620 
4953 4108 1053 3991 1807 5018 6175 3341 3484 4329 1456 2548 4056 1807 5278 1612 5369 4823 2236 6422 4069 6123 5200 4355 
7965 4875 4005 4305 3915 8325 9825 1065 6525 6600 4125 5370 4125 1410 8775 1050 7155 5505 4200 6825 2535 4335 6630 2310 
479 451 624 287 367 597 100 370 639 374 667 683 757 427 686 770 483 523 250 157 148 567 644 204 259 483 569 251 384 106 281 751 127 457 172 756 734 581 103 634 255 631 502 392 521 689 616 482 
319 235 604 380 48 263 273 557 303 97 717 358 585 384 594 458 312 352 140 263 217 479 645 230 155 430 364 528 57 397 445 785 229 179 325 793 426 415 246 549 536 676 153 43 228 589 656 184 
198 237 291 77 402 464 255 242 502 287 372 515 435 90 346 563 210 234 230 195 247 230 320 170 208 144 293 305 336 279 156 448 338 534 169 454 529 275 293 294 315 331 446 377 583 350 312 540 
270 360 127 401 635 534 589 469 551 492 271 522 171 251 8 502 278 243 515 528 570 115 167 492 491 194 262 601 543 613 452 283 660 756 507 293 481 194 621 44 610 249 598 587 785 21 235 747 
198 276 162 184 503 502 384 272 534 371 263 531 344 71 227 555 212 212 346 325 376 128 195 298 322 55 269 387 424 396 236 330 467 634 295 338 524 222 423 176 397 222 517 468 677 233 201 634 
495 485 591 260 446 656 151 296 699 431 614 737 760 418 670 816 502 538 305 185 207 557 605 236 307 471 590 161 450 48 227 699 216 546 163 703 780 591 179 618 164 580 572 464 610 675 568 569 
591 593 634 329 571 775 274 292 818 551 628 854 839 494 731 928 600 633 426 301 330 628 639 350 426 541 688 132 573 154 269 712 338 668 263 714 892 680 304 682 126 599 696 589 733 738 590 693 
138 150 380 413 404 238 498 570 254 274 531 228 227 271 298 237 128 107 362 445 455 233 429 395 345 263 48 640 310 580 493 568 526 503 465 577 207 110 509 275 650 497 322 348 518 287 477 486 
376 366 498 161 366 547 77 266 590 324 544 624 644 306 563 699 383 419 201 73 120 447 518 120 198 362 471 195 351 75 164 627 177 481 47 632 664 473 126 511 203 506 476 372 542 568 491 499 
402 351 614 303 219 461 102 444 503 247 690 552 689 395 648 645 403 446 139 139 78 526 644 153 159 451 481 366 246 219 335 769 26 314 199 775 611 509 55 597 372 650 358 247 378 648 632 337 
207 269 222 120 466 499 323 231 534 343 302 539 398 68 290 575 221 233 299 264 318 184 249 241 276 99 292 330 394 332 177 377 408 598 231 384 542 258 363 239 340 261 497 436 645 296 242 601 
300 290 446 123 324 479 98 277 521 260 511 553 572 241 500 625 306 343 146 41 103 381 472 56 136 298 394 248 293 152 164 592 189 449 42 597 589 399 140 448 257 472 418 321 507 503 454 463 
285 193 586 406 102 182 337 589 223 80 711 277 530 377 558 378 275 311 188 316 281 450 630 275 194 415 311 579 38 458 479 773 306 203 373 781 345 369 317 517 588 670 86 45 232 552 649 193 
77 21 381 283 287 250 340 459 287 145 513 298 350 188 353 354 70 110 206 288 296 242 426 238 188 214 135 502 194 427 366 570 370 408 314 578 319 173 351 310 512 473 264 239 440 347 452 400 
521 523 577 263 513 709 213 251 751 485 582 786 772 427 668 859 530 563 360 234 268 562 585 282 359 475 618 98 509 89 208 667 288 617 193 670 823 611 249 618 97 551 633 527 681 675 541 640 
17 107 293 279 381 315 392 433 345 239 432 340 271 136 258 369 26 33 281 334 357 149 340 287 259 140 91 507 289 459 358 484 440 502 342 492 337 91 412 216 517 394 352 333 533 253 373 494 
454 384 704 415 155 428 225 565 467 253 794 524 735 480 720 627 452 494 200 255 191 599 739 255 224 534 518 488 226 339 455 870 131 206 319 877 595 558 177 671 493 753 305 205 271 718 734 235 
347 438 120 445 711 614 644 482 632 568 228 601 225 309 79 575 356 323 583 584 630 185 137 552 559 252 343 627 620 656 485 220 721 833 557 229 556 274 680 115 635 218 678 664 864 90 209 825 
236 197 462 200 223 364 154 378 407 144 556 442 522 238 484 520 238 280 45 110 109 362 497 62 24 292 320 365 179 257 266 630 189 354 159 637 485 342 163 433 374 515 302 210 407 483 496 363 
471 380 773 568 146 274 442 745 297 261 896 363 701 561 743 471 462 495 328 444 390 637 817 417 344 601 488 706 208 567 632 960 371 57 509 968 447 550 404 703 713 855 152 165 45 736 834 23 
207 262 318 459 531 360 587 587 368 396 471 328 97 296 204 296 204 163 467 529 550 195 365 482 447 263 128 685 436 651 532 490 630 633 535 499 277 107 605 202 695 443 452 475 648 190 425 616 
357 325 598 624 463 191 660 791 163 385 751 97 364 496 495 12 344 333 507 618 608 456 647 567 498 491 276 845 392 763 706 779 659 509 653 788 23 333 656 485 855 719 323 409 495 481 700 480 
427 350 693 423 99 374 254 584 412 214 792 471 702 469 698 574 423 465 190 272 211 579 730 262 214 520 482 521 180 376 472 866 172 158 339 873 543 528 211 651 527 751 249 153 222 695 731 184 
217 235 407 490 477 272 583 638 275 353 560 230 185 339 301 199 207 178 446 530 540 270 455 479 430 320 120 718 385 663 569 585 611 566 547 594 178 152 593 292 728 530 378 420 573 288 511 545 
2395 2255 3120 1435 1835 2985 500 1850 3195 1870 3335 3415 3785 2135 3430 3850 2415 2615 1250 785 740 2835 3220 1020 1295 2415 2845 1255 1920 530 1405 3755 635 2285 860 3780 3670 2905 515 3170 1275 3155 2510 1960 2605 3445 3080 2410 
2552 1880 4832 3040 384 2104 2184 4456 2424 776 5736 2864 4680 3072 4752 3664 2496 2816 1120 2104 1736 3832 5160 1840 1240 3440 2912 4224 456 3176 3560 6280 1832 1432 2600 6344 3408 3320 1968 4392 4288 5408 1224 344 1824 4712 5248 1472 
1188 1422 1746 462 2412 2784 1530 1452 3012 1722 2232 3090 2610 540 2076 3378 1260 1404 1380 1170 1482 1380 1920 1020 1248 864 1758 1830 2016 1674 936 2688 2028 3204 1014 2724 3174 1650 1758 1764 1890 1986 2676 2262 3498 2100 1872 3240 
2430 3240 1143 3609 5715 4806 5301 4221 4959 4428 2439 4698 1539 2259 72 4518 2502 2187 4635 4752 5130 1035 1503 4428 4419 1746 2358 5409 4887 5517 4068 2547 5940 6804 4563 2637 4329 1746 5589 396 5490 2241 5382 5283 7065 189 2115 6723 
1386 1932 1134 1288 3521 3514 2688 1904 3738 2597 1841 3717 2408 497 1589 3885 1484 1484 2422 2275 2632 896 1365 2086 2254 385 1883 2709 2968 2772 1652 2310 3269 4438 2065 2366 3668 1554 2961 1232 2779 1554 3619 3276 4739 1631 1407 4438 
4950 4850 5910 2600 4460 6560 1510 2960 6990 4310 6140 7370 7600 4180 6700 8160 5020 5380 3050 1850 2070 5570 6050 2360 3070 4710 5900 1610 4500 480 2270 6990 2160 5460 1630 7030 7800 5910 1790 6180 1640 5800 5720 4640 6100 6750 5680 5690 
3546 3558 3804 1974 3426 4650 1644 1752 4908 3306 3768 5124 5034 2964 4386 5568 3600 3798 2556 1806 1980 3768 3834 2100 2556 3246 4128 792 3438 924 1614 4272 2028 4008 1578 4284 5352 4080 1824 4092 756 3594 4176 3534 4398 4428 3540 4158 
690 750 1900 2065 2020 1190 2490 2850 1270 1370 2655 1140 1135 1355 1490 1185 640 535 1810 2225 2275 1165 2145 1975 1725 1315 240 3200 1550 2900 2465 2840 2630 2515 2325 2885 1035 550 2545 1375 3250 2485 1610 1740 2590 1435 2385 2430 
2632 2562 3486 1127 2562 3829 539 1862 4130 2268 3808 4368 4508 2142 3941 4893 2681 2933 1407 511 840 3129 3626 840 1386 2534 3297 1365 2457 525 1148 4389 1239 3367 329 4424 4648 3311 882 3577 1421 3542 3332 2604 3794 3976 3437 3493 
2412 2106 3684 1818 1314 2766 612 2664 3018 1482 4140 3312 4134 2370 3888 3870 2418 2676 834 834 468 3156 3864 918 954 2706 2886 2196 1476 1314 2010 4614 156 1884 1194 4650 3666 3054 330 3582 2232 3900 2148 1482 2268 3888 3792 2022 
1035 1345 1110 600 2330 2495 1615 1155 2670 1715 1510 2695 1990 340 1450 2875 1105 1165 1495 1320 1590 920 1245 1205 1380 495 1460 1650 1970 1660 885 1885 2040 2990 1155 1920 2710 1290 1815 1195 1700 1305 2485 2180 3225 1480 1210 3005 
1500 1450 2230 615 1620 2395 490 1385 2605 1300 2555 2765 2860 1205 2500 3125 1530 1715 730 205 515 1905 2360 280 680 1490 1970 1240 1465 760 820 2960 945 2245 210 2985 2945 1995 700 2240 1285 2360 2090 1605 2535 2515 2270 2315 
1995 1351 4102 2842 714 1274 2359 4123 1561 560 4977 1939 3710 2639 3906 2646 1925 2177 1316 2212 1967 3150 4410 1925 1358 2905 2177 4053 266 3206 3353 5411 2142 1421 2611 5467 2415 2583 2219 3619 4116 4690 602 315 1624 3864 4543 1351 
616 168 3048 2264 2296 2000 2720 3672 2296 1160 4104 2384 2800 1504 2824 2832 560 880 1648 2304 2368 1936 3408 1904 1504 1712 1080 4016 1552 3416 2928 4560 2960 3264 2512 4624 2552 1384 2808 2480 4096 3784 2112 1912 3520 2776 3616 3200 
3647 3661 4039 1841 3591 4963 1491 1757 5257 3395 4074 5502 5404 2989 4676 6013 3710 3941 2520 1638 1876 3934 4095 1974 2513 3325 4326 686 3563 623 1456 4669 2016 4319 1351 4690 5761 4277 1743 4326 679 3857 4431 3689 4767 4725 3787 4480 
119 749 2051 1953 2667 2205 2744 3031 2415 1673 3024 2380 1897 952 1806 2583 182 231 1967 2338 2499 1043 2380 2009 1813 980 637 3549 2023 3213 2506 3388 3080 3514 2394 3444 2359 637 2884 1512 3619 2758 2464 2331 3731 1771 2611 3458 
2270 1920 3520 2075 775 2140 1125 2825 2335 1265 3970 2620 3675 2400 3600 3135 2260 2470 1000 1275 955 2995 3695 1275 1120 2670 2590 2440 1130 1695 2275 4350 655 1030 1595 4385 2975 2790 885 3355 2465 3765 1525 1025 1355 3590 3670 1175 
2776 3504 960 3560 5688 4912 5152 3856 5056 4544 1824 4808 1800 2472 632 4600 2848 2584 4664 4672 5040 1480 1096 4416 4472 2016 2744 5016 4960 5248 3880 1760 5768 6664 4456 1832 4448 2192 5440 920 5080 1744 5424 5312 6912 720 1672 6600 
1416 1182 2772 1200 1338 2184 924 2268 2442 864 3336 2652 3132 1428 2904 3120 1428 1680 270 660 654 2172 2982 372 144 1752 1920 2190 1074 1542 1596 3780 1134 2124 954 3822 2910 2052 978 2598 2244 3090 1812 1260 2442 2898 2976 2178 
3297 2660 5411 3976 1022 1918 3094 5215 2079 1827 6272 2541 4907 3927 5201 3297 3234 3465 2296 3108 2730 4459 5719 2919 2408 4207 3416 4942 1456 3969 4424 6720 2597 399 3563 6776 3129 3850 2828 4921 4991 5985 1064 1155 315 5152 5838 161 
2070 2620 3180 4590 5310 3600 5870 5870 3680 3960 4710 3280 970 2960 2040 2960 2040 1630 4670 5290 5500 1950 3650 4820 4470 2630 1280 6850 4360 6510 5320 4900 6300 6330 5350 4990 2770 1070 6050 2020 6950 4430 4520 4750 6480 1900 4250 6160 
3570 3250 5980 6240 4630 1910 6600 7910 1630 3850 7510 970 3640 4960 4950 120 3440 3330 5070 6180 6080 4560 6470 5670 4980 4910 2760 8450 3920 7630 7060 7790 6590 5090 6530 7880 230 3330 6560 4850 8550 7190 3230 4090 4950 4810 7000 4800 
3416 2800 5544 3384 792 2992 2032 4672 3296 1712 6336 3768 5616 3752 5584 4592 3384 3720 1520 2176 1688 4632 5840 2096 1712 4160 3856 4168 1440 3008 3776 6928 1376 1264 2712 6984 4344 4224 1688 5208 4216 6008 1992 1224 1776 5560 5848 1472 
1302 1410 2442 2940 2862 1632 3498 3828 1650 2118 3360 1380 1110 2034 1806 1194 1242 1068 2676 3180 3240 1620 2730 2874 2580 1920 720 4308 2310 3978 3414 3510 3666 3396 3282 3564 1068 912 3558 1752 4368 3180 2268 2520 3438 1728 3066 3270 
