6 12 30
80 80 80 80 80 80 
18 14 19 10 22 23 8 7 24 20 22 13 16 15 9 23 13 25 7 24 26 10 18 11 23 11 11 14 7 17 
583 741 286 184 327 504 552 495 134 352 633 147 
225 557 830 570 404 663 413 386 725 713 715 742 
185 512 817 559 386 631 375 352 718 691 677 735 
171 214 771 558 388 453 193 231 728 593 444 742 
236 161 785 588 427 442 209 259 755 599 415 768 
696 724 14 260 434 406 587 549 143 211 523 130 
5830 7410 2860 1840 3270 5040 5520 4950 1340 3520 6330 1470 
2250 5570 8300 5700 4040 6630 4130 3860 7250 7130 7150 7420 
2590 7168 11438 7826 5404 8834 5250 4928 10052 9674 9478 10290 
2394 2996 10794 7812 5432 6342 2702 3234 10192 8302 6216 10388 
3068 2093 10205 7644 5551 5746 2717 3367 9815 7787 5395 9984 
8352 8688 168 3120 5208 4872 7044 6588 1716 2532 6276 1560 
380 73 128 561 343 452 484 340 418 685 572 517 253 195 238 634 378 274 424 474 126 661 713 224 461 236 92 183 474 236 
544 279 468 708 467 547 761 224 711 643 617 244 491 144 578 537 38 69 372 278 294 661 743 252 400 555 406 518 710 289 
352 647 729 263 353 248 569 489 598 132 120 591 942 690 759 255 718 713 341 483 576 61 31 515 316 644 637 694 456 483 
93 417 472 148 109 24 356 353 365 308 144 530 693 494 499 342 578 539 244 420 347 250 274 319 250 384 384 434 249 281 
119 240 298 300 78 185 343 274 312 447 311 482 512 338 346 433 461 397 249 389 174 409 450 184 278 243 205 273 276 149 
364 385 551 467 286 303 646 128 627 310 317 209 695 357 633 206 331 351 82 96 331 336 425 229 83 550 452 558 555 225 
347 117 307 521 277 372 554 152 506 542 467 330 421 113 407 469 237 164 263 284 94 536 605 64 299 361 222 338 504 100 
288 111 276 465 222 323 493 173 446 519 427 371 424 168 368 459 298 226 249 309 52 504 567 50 286 309 181 295 442 62 
246 588 633 113 279 174 422 494 458 264 119 641 860 660 646 359 726 699 359 528 518 184 146 482 348 528 550 587 310 445 
288 485 604 316 242 185 565 293 569 144 132 398 794 505 659 133 520 520 145 287 416 144 230 338 117 554 505 586 458 311 
484 419 606 596 403 431 759 159 733 411 444 81 711 347 700 287 256 313 209 33 383 451 542 283 212 632 513 627 674 295 
263 603 650 128 294 188 437 504 474 257 122 647 876 673 663 357 736 711 367 534 533 177 132 495 355 546 567 604 326 458 
3040 584 1024 4488 2744 3616 3872 2720 3344 5480 4576 4136 2024 1560 1904 5072 3024 2192 3392 3792 1008 5288 5704 1792 3688 1888 736 1464 3792 1888 
4352 2232 3744 5664 3736 4376 6088 1792 5688 5144 4936 1952 3928 1152 4624 4296 304 552 2976 2224 2352 5288 5944 2016 3200 4440 3248 4144 5680 2312 
2112 3882 4374 1578 2118 1488 3414 2934 3588 792 720 3546 5652 4140 4554 1530 4308 4278 2046 2898 3456 366 186 3090 1896 3864 3822 4164 2736 2898 
744 3336 3776 1184 872 192 2848 2824 2920 2464 1152 4240 5544 3952 3992 2736 4624 4312 1952 3360 2776 2000 2192 2552 2000 3072 3072 3472 1992 2248 
1071 2160 2682 2700 702 1665 3087 2466 2808 4023 2799 4338 4608 3042 3114 3897 4149 3573 2241 3501 1566 3681 4050 1656 2502 2187 1845 2457 2484 1341 
3640 3850 5510 4670 2860 3030 6460 1280 6270 3100 3170 2090 6950 3570 6330 2060 3310 3510 820 960 3310 3360 4250 2290 830 5500 4520 5580 5550 2250 
3470 1170 3070 5210 2770 3720 5540 1520 5060 5420 4670 3300 4210 1130 4070 4690 2370 1640 2630 2840 940 5360 6050 640 2990 3610 2220 3380 5040 1000 
2016 777 1932 3255 1554 2261 3451 1211 3122 3633 2989 2597 2968 1176 2576 3213 2086 1582 1743 2163 364 3528 3969 350 2002 2163 1267 2065 3094 434 
1230 2940 3165 565 1395 870 2110 2470 2290 1320 595 3205 4300 3300 3230 1795 3630 3495 1795 2640 2590 920 730 2410 1740 2640 2750 2935 1550 2225 
2304 3880 4832 2528 1936 1480 4520 2344 4552 1152 1056 3184 6352 4040 5272 1064 4160 4160 1160 2296 3328 1152 1840 2704 936 4432 4040 4688 3664 2488 
4840 4190 6060 5960 4030 4310 7590 1590 7330 4110 4440 810 7110 3470 7000 2870 2560 3130 2090 330 3830 4510 5420 2830 2120 6320 5130 6270 6740 2950 
1315 3015 3250 640 1470 940 2185 2520 2370 1285 610 3235 4380 3365 3315 1785 3680 3555 1835 2670 2665 885 660 2475 1775 2730 2835 3020 1630 2290 
