4 10 20
80 80 80 80 
22 21 10 21 14 8 17 6 19 12 16 13 18 14 17 5 24 25 15 23 
21 305 336 459 431 487 443 366 48 232 
230 473 536 674 529 649 671 544 206 478 
380 193 106 482 340 240 79 161 395 276 
580 550 471 281 706 594 354 528 606 331 
315 4575 5040 6885 6465 7305 6645 5490 720 3480 
3450 7095 8040 10110 7935 9735 10065 8160 3090 7170 
5700 2895 1590 7230 5100 3600 1185 2415 5925 4140 
8120 7700 6594 3934 9884 8316 4956 7392 8484 4634 
161 426 402 277 453 496 672 191 327 327 502 164 544 168 298 545 550 367 522 301 
462 534 139 335 459 621 538 498 78 502 321 307 377 476 273 237 284 175 210 163 
506 484 212 292 391 571 448 520 166 473 230 378 287 499 361 250 210 89 211 253 
548 71 743 269 215 18 483 434 672 157 487 641 478 439 753 804 637 488 762 706 
558 702 29 503 624 789 665 622 107 665 447 361 503 599 251 157 354 324 167 151 
646 648 176 462 537 734 514 678 201 644 307 480 359 657 407 88 183 231 43 293 
620 445 357 295 312 526 291 604 325 477 72 525 129 587 522 328 124 93 282 415 
529 545 157 351 451 632 492 556 128 529 272 379 329 534 337 194 214 145 158 224 
151 454 395 304 480 524 695 201 322 354 520 137 563 178 276 543 561 382 522 288 
374 191 491 44 203 274 456 306 417 151 344 404 365 297 501 572 457 275 533 449 
1288 3408 3216 2216 3624 3968 5376 1528 2616 2616 4016 1312 4352 1344 2384 4360 4400 2936 4176 2408 
3696 4272 1112 2680 3672 4968 4304 3984 624 4016 2568 2456 3016 3808 2184 1896 2272 1400 1680 1304 
3036 2904 1272 1752 2346 3426 2688 3120 996 2838 1380 2268 1722 2994 2166 1500 1260 534 1266 1518 
4932 639 6687 2421 1935 162 4347 3906 6048 1413 4383 5769 4302 3951 6777 7236 5733 4392 6858 6354 
5022 6318 261 4527 5616 7101 5985 5598 963 5985 4023 3249 4527 5391 2259 1413 3186 2916 1503 1359 
5168 5184 1408 3696 4296 5872 4112 5424 1608 5152 2456 3840 2872 5256 3256 704 1464 1848 344 2344 
5580 4005 3213 2655 2808 4734 2619 5436 2925 4293 648 4725 1161 5283 4698 2952 1116 837 2538 3735 
2645 2725 785 1755 2255 3160 2460 2780 640 2645 1360 1895 1645 2670 1685 970 1070 725 790 1120 
1359 4086 3555 2736 4320 4716 6255 1809 2898 3186 4680 1233 5067 1602 2484 4887 5049 3438 4698 2592 
2618 1337 3437 308 1421 1918 3192 2142 2919 1057 2408 2828 2555 2079 3507 4004 3199 1925 3731 3143 
