8 20 40
80 80 80 80 80 80 80 80 
25 6 8 11 15 10 16 25 21 8 25 24 6 23 14 13 17 23 10 8 6 23 19 6 21 22 8 23 15 22 23 10 10 10 23 22 11 26 14 18 
469 51 508 701 495 251 511 451 496 149 568 800 652 46 704 138 519 578 540 653 
262 187 367 504 362 107 373 320 389 335 361 594 465 176 512 342 397 458 339 523 
355 768 558 310 580 565 466 493 645 922 276 51 379 766 350 932 612 633 270 626 
447 793 687 469 707 582 403 447 771 968 395 116 531 807 509 969 743 772 295 774 
71 510 313 223 331 331 378 369 394 645 54 303 229 496 249 661 369 408 150 429 
370 305 580 614 582 144 161 101 621 504 445 547 605 353 636 486 621 679 300 734 
64 473 328 266 343 289 340 328 404 616 97 320 268 463 291 629 383 426 125 454 
451 370 671 688 674 235 148 109 714 569 519 578 686 426 713 544 713 771 354 824 
6566 714 7112 9814 6930 3514 7154 6314 6944 2086 7952 11200 9128 644 9856 1932 7266 8092 7560 9142 
3930 2805 5505 7560 5430 1605 5595 4800 5835 5025 5415 8910 6975 2640 7680 5130 5955 6870 5085 7845 
3550 7680 5580 3100 5800 5650 4660 4930 6450 9220 2760 510 3790 7660 3500 9320 6120 6330 2700 6260 
6258 11102 9618 6566 9898 8148 5642 6258 10794 13552 5530 1624 7434 11298 7126 13566 10402 10808 4130 10836 
852 6120 3756 2676 3972 3972 4536 4428 4728 7740 648 3636 2748 5952 2988 7932 4428 4896 1800 5148 
5180 4270 8120 8596 8148 2016 2254 1414 8694 7056 6230 7658 8470 4942 8904 6804 8694 9506 4200 10276 
768 5676 3936 3192 4116 3468 4080 3936 4848 7392 1164 3840 3216 5556 3492 7548 4596 5112 1500 5448 
5863 4810 8723 8944 8762 3055 1924 1417 9282 7397 6747 7514 8918 5538 9269 7072 9269 10023 4602 10712 
523 196 45 442 517 205 457 529 484 274 473 285 296 201 129 265 176 387 286 358 109 259 374 378 186 456 209 52 379 430 313 247 364 294 114 11 127 169 160 221 
79 441 405 791 389 398 71 525 49 681 332 700 547 488 476 295 317 88 590 479 475 215 605 820 582 192 444 482 689 456 167 409 464 647 444 439 357 580 570 614 
564 88 277 681 731 456 485 776 564 494 677 255 562 467 137 221 389 495 79 615 158 418 640 526 168 415 79 226 635 675 455 108 618 152 379 268 211 190 402 461 
758 298 298 462 755 432 685 739 728 279 717 71 453 382 227 444 428 635 241 558 220 512 515 243 130 655 305 210 458 645 565 362 570 180 329 264 335 118 250 285 
551 93 288 701 733 466 471 783 553 515 678 280 576 481 154 210 394 489 99 625 175 417 655 550 192 397 81 243 653 682 452 96 627 174 392 282 215 214 421 481 
290 364 242 580 285 187 255 373 226 480 228 567 336 279 361 279 119 125 510 281 352 35 397 630 457 329 373 332 478 284 43 365 270 547 247 276 245 446 375 412 
537 553 363 405 202 182 521 144 459 400 202 649 173 213 510 525 258 376 670 43 492 296 179 571 569 605 566 438 295 53 313 581 25 679 276 380 435 548 351 345 
477 520 336 448 174 161 461 170 398 421 158 640 203 217 484 478 219 316 644 85 467 242 227 592 552 547 531 418 338 70 255 541 66 660 263 358 398 532 357 361 
550 146 344 766 770 518 471 829 562 580 714 334 635 539 217 221 440 507 144 677 238 451 714 613 255 383 133 306 716 729 480 120 678 220 449 341 261 277 485 545 
140 499 537 965 584 576 141 723 220 835 529 780 730 661 560 345 484 284 630 674 567 390 794 955 664 136 497 595 869 655 353 447 660 700 602 567 459 669 720 771 
623 246 144 389 586 263 556 575 583 204 548 218 304 221 163 350 264 485 284 396 143 355 375 282 154 551 258 84 348 480 409 308 406 265 160 110 217 128 113 170 
846 550 402 109 638 376 795 550 787 100 627 427 266 283 467 639 450 685 570 394 448 552 273 173 435 820 562 384 161 488 602 611 414 527 326 381 500 409 214 158 
709 230 276 524 752 434 634 752 687 336 709 54 481 400 170 382 411 599 160 574 170 484 550 322 64 593 235 184 508 655 535 291 584 105 332 245 289 68 283 329 
103 392 388 804 452 414 26 580 121 680 394 662 568 500 437 240 323 134 538 515 439 228 632 808 544 119 394 456 707 504 193 354 503 599 444 420 324 544 565 614 
761 287 313 502 780 458 686 769 735 318 740 31 487 414 223 438 446 645 212 589 220 525 551 279 118 649 292 222 497 675 578 348 601 146 355 280 338 115 285 323 
110 532 552 967 553 575 140 698 191 845 500 811 727 663 588 376 487 271 668 662 593 389 787 972 694 176 531 617 867 635 346 483 647 736 610 584 482 697 731 780 
574 133 329 737 771 506 495 823 581 550 716 294 616 521 192 237 434 521 103 665 214 454 695 576 219 413 121 282 691 722 488 127 668 179 432 322 255 242 458 517 
632 189 379 766 830 558 553 878 641 577 775 288 661 567 236 298 490 581 103 717 256 514 739 586 237 467 178 322 727 777 548 187 720 168 479 368 311 263 493 550 
585 382 189 292 420 116 537 384 524 187 394 412 110 29 315 419 190 423 466 203 295 290 187 351 347 575 395 229 205 293 340 428 216 459 83 186 289 323 110 120 
708 244 419 768 885 599 629 923 714 579 833 257 688 597 271 370 540 650 112 756 290 574 764 565 240 545 236 350 740 822 612 257 761 142 512 403 366 266 507 561 
3661 1372 315 3094 3619 1435 3199 3703 3388 1918 3311 1995 2072 1407 903 1855 1232 2709 2002 2506 763 1813 2618 2646 1302 3192 1463 364 2653 3010 2191 1729 2548 2058 798 77 889 1183 1120 1547 
790 4410 4050 7910 3890 3980 710 5250 490 6810 3320 7000 5470 4880 4760 2950 3170 880 5900 4790 4750 2150 6050 8200 5820 1920 4440 4820 6890 4560 1670 4090 4640 6470 4440 4390 3570 5800 5700 6140 
5076 792 2493 6129 6579 4104 4365 6984 5076 4446 6093 2295 5058 4203 1233 1989 3501 4455 711 5535 1422 3762 5760 4734 1512 3735 711 2034 5715 6075 4095 972 5562 1368 3411 2412 1899 1710 3618 4149 
5306 2086 2086 3234 5285 3024 4795 5173 5096 1953 5019 497 3171 2674 1589 3108 2996 4445 1687 3906 1540 3584 3605 1701 910 4585 2135 1470 3206 4515 3955 2534 3990 1260 2303 1848 2345 826 1750 1995 
3306 558 1728 4206 4398 2796 2826 4698 3318 3090 4068 1680 3456 2886 924 1260 2364 2934 594 3750 1050 2502 3930 3300 1152 2382 486 1458 3918 4092 2712 576 3762 1044 2352 1692 1290 1284 2526 2886 
2900 3640 2420 5800 2850 1870 2550 3730 2260 4800 2280 5670 3360 2790 3610 2790 1190 1250 5100 2810 3520 350 3970 6300 4570 3290 3730 3320 4780 2840 430 3650 2700 5470 2470 2760 2450 4460 3750 4120 
4833 4977 3267 3645 1818 1638 4689 1296 4131 3600 1818 5841 1557 1917 4590 4725 2322 3384 6030 387 4428 2664 1611 5139 5121 5445 5094 3942 2655 477 2817 5229 225 6111 2484 3420 3915 4932 3159 3105 
2862 3120 2016 2688 1044 966 2766 1020 2388 2526 948 3840 1218 1302 2904 2868 1314 1896 3864 510 2802 1452 1362 3552 3312 3282 3186 2508 2028 420 1530 3246 396 3960 1578 2148 2388 3192 2142 2166 
4400 1168 2752 6128 6160 4144 3768 6632 4496 4640 5712 2672 5080 4312 1736 1768 3520 4056 1152 5416 1904 3608 5712 4904 2040 3064 1064 2448 5728 5832 3840 960 5424 1760 3592 2728 2088 2216 3880 4360 
1400 4990 5370 9650 5840 5760 1410 7230 2200 8350 5290 7800 7300 6610 5600 3450 4840 2840 6300 6740 5670 3900 7940 9550 6640 1360 4970 5950 8690 6550 3530 4470 6600 7000 6020 5670 4590 6690 7200 7710 
5607 2214 1296 3501 5274 2367 5004 5175 5247 1836 4932 1962 2736 1989 1467 3150 2376 4365 2556 3564 1287 3195 3375 2538 1386 4959 2322 756 3132 4320 3681 2772 3654 2385 1440 990 1953 1152 1017 1530 
8460 5500 4020 1090 6380 3760 7950 5500 7870 1000 6270 4270 2660 2830 4670 6390 4500 6850 5700 3940 4480 5520 2730 1730 4350 8200 5620 3840 1610 4880 6020 6110 4140 5270 3260 3810 5000 4090 2140 1580 
7090 2300 2760 5240 7520 4340 6340 7520 6870 3360 7090 540 4810 4000 1700 3820 4110 5990 1600 5740 1700 4840 5500 3220 640 5930 2350 1840 5080 6550 5350 2910 5840 1050 3320 2450 2890 680 2830 3290 
618 2352 2328 4824 2712 2484 156 3480 726 4080 2364 3972 3408 3000 2622 1440 1938 804 3228 3090 2634 1368 3792 4848 3264 714 2364 2736 4242 3024 1158 2124 3018 3594 2664 2520 1944 3264 3390 3684 
7610 2870 3130 5020 7800 4580 6860 7690 7350 3180 7400 310 4870 4140 2230 4380 4460 6450 2120 5890 2200 5250 5510 2790 1180 6490 2920 2220 4970 6750 5780 3480 6010 1460 3550 2800 3380 1150 2850 3230 
990 4788 4968 8703 4977 5175 1260 6282 1719 7605 4500 7299 6543 5967 5292 3384 4383 2439 6012 5958 5337 3501 7083 8748 6246 1584 4779 5553 7803 5715 3114 4347 5823 6624 5490 5256 4338 6273 6579 7020 
5166 1197 2961 6633 6939 4554 4455 7407 5229 4950 6444 2646 5544 4689 1728 2133 3906 4689 927 5985 1926 4086 6255 5184 1971 3717 1089 2538 6219 6498 4392 1143 6012 1611 3888 2898 2295 2178 4122 4653 
4424 1323 2653 5362 5810 3906 3871 6146 4487 4039 5425 2016 4627 3969 1652 2086 3430 4067 721 5019 1792 3598 5173 4102 1659 3269 1246 2254 5089 5439 3836 1309 5040 1176 3353 2576 2177 1841 3451 3850 
5850 3820 1890 2920 4200 1160 5370 3840 5240 1870 3940 4120 1100 290 3150 4190 1900 4230 4660 2030 2950 2900 1870 3510 3470 5750 3950 2290 2050 2930 3400 4280 2160 4590 830 1860 2890 3230 1100 1200 
4956 1708 2933 5376 6195 4193 4403 6461 4998 4053 5831 1799 4816 4179 1897 2590 3780 4550 784 5292 2030 4018 5348 3955 1680 3815 1652 2450 5180 5754 4284 1799 5327 994 3584 2821 2562 1862 3549 3927 
