8 16 40
80 80 80 80 80 80 80 80 
6 8 10 17 8 7 24 7 23 22 19 20 12 18 23 19 23 20 6 25 12 10 12 14 25 23 8 21 26 15 24 27 10 7 10 9 25 24 10 11 
539 79 154 496 109 403 18 816 115 691 516 717 634 582 413 824 
122 449 429 289 595 208 509 382 454 523 66 345 120 383 227 340 
161 325 343 162 477 34 366 436 289 413 234 345 313 272 290 445 
287 426 479 112 559 181 431 444 334 244 432 323 482 140 497 503 
83 394 397 177 546 89 442 374 371 424 173 299 231 281 278 368 
180 557 531 363 701 308 619 348 565 569 125 348 19 440 296 275 
369 846 845 458 998 508 892 127 813 500 475 248 374 449 650 88 
466 541 469 621 638 511 617 688 615 864 278 679 323 723 219 607 
7007 1027 2002 6448 1417 5239 234 10608 1495 8983 6708 9321 8242 7566 5369 10712 
1342 4939 4719 3179 6545 2288 5599 4202 4994 5753 726 3795 1320 4213 2497 3740 
1610 3250 3430 1620 4770 340 3660 4360 2890 4130 2340 3450 3130 2720 2900 4450 
3157 4686 5269 1232 6149 1991 4741 4884 3674 2684 4752 3553 5302 1540 5467 5533 
913 4334 4367 1947 6006 979 4862 4114 4081 4664 1903 3289 2541 3091 3058 4048 
2520 7798 7434 5082 9814 4312 8666 4872 7910 7966 1750 4872 266 6160 4144 3850 
5166 11844 11830 6412 13972 7112 12488 1778 11382 7000 6650 3472 5236 6286 9100 1232 
6058 7033 6097 8073 8294 6643 8021 8944 7995 11232 3614 8827 4199 9399 2847 7891 
255 424 443 43 587 336 313 487 129 482 341 173 354 406 96 510 457 264 350 146 252 69 193 570 327 520 442 117 449 60 311 311 505 226 168 660 455 130 102 457 
732 406 220 501 138 810 261 89 607 213 220 304 612 426 563 626 333 735 828 333 592 427 665 121 792 632 344 453 33 501 174 177 591 703 632 183 72 459 578 52 
729 479 140 496 108 816 214 7 606 127 170 312 561 356 556 695 413 743 825 343 629 421 658 195 804 560 266 477 73 493 170 215 662 702 621 216 155 485 576 44 
365 258 507 225 588 401 396 498 259 538 406 205 533 540 263 329 313 326 448 178 137 220 333 516 367 685 548 65 437 243 331 279 323 338 325 623 409 52 250 455 
883 510 308 652 100 962 390 172 758 281 347 456 738 528 714 732 424 886 979 485 736 578 816 111 943 727 431 603 180 652 322 327 694 855 782 40 193 608 730 179 
399 292 379 191 475 464 268 380 275 411 278 77 454 422 249 429 310 388 492 54 261 144 344 430 442 583 421 104 327 202 207 174 413 370 321 528 316 112 253 341 
779 385 295 552 166 851 335 157 654 284 294 352 684 503 614 607 301 775 875 378 611 481 716 48 829 708 420 486 107 554 236 214 570 751 685 145 70 489 627 127 
114 587 734 287 878 58 603 779 179 774 634 460 514 661 241 557 655 31 129 430 264 358 174 843 36 713 718 317 736 297 602 587 575 116 213 941 730 316 211 746 
703 293 318 482 249 769 317 204 579 320 283 284 653 501 544 515 216 692 797 306 517 415 644 130 743 704 433 399 129 487 199 143 478 674 616 241 46 401 554 158 
458 321 754 436 808 427 648 728 409 784 656 457 752 790 446 193 414 376 503 431 153 457 469 701 372 922 800 302 659 456 574 506 221 440 483 815 610 288 420 681 
361 544 321 167 513 468 197 414 262 363 239 205 203 223 200 675 548 409 451 206 439 129 284 555 477 337 279 287 407 150 270 325 663 340 242 618 448 302 230 402 
192 465 670 243 792 181 542 695 167 708 567 376 529 632 222 441 535 115 246 345 142 301 210 740 139 719 674 214 645 260 519 491 456 174 233 843 629 210 190 658 
268 611 442 157 636 380 320 537 201 483 362 297 163 308 146 708 630 334 349 286 436 177 193 672 401 353 385 315 527 137 387 431 703 252 152 739 562 328 177 523 
379 268 616 303 686 383 506 600 300 647 516 315 619 647 324 257 347 315 446 288 62 317 368 597 337 783 657 160 535 323 438 378 263 355 373 709 497 145 303 555 
536 573 158 325 369 641 80 280 431 198 115 247 286 109 370 746 547 578 626 269 564 263 459 455 646 307 109 398 301 312 204 292 725 513 417 492 367 411 398 286 
30 650 701 262 867 99 570 765 155 742 606 458 420 596 202 651 706 101 66 431 348 337 103 855 142 621 666 349 733 265 592 596 664 59 144 945 740 353 183 739 
1785 2968 3101 301 4109 2352 2191 3409 903 3374 2387 1211 2478 2842 672 3570 3199 1848 2450 1022 1764 483 1351 3990 2289 3640 3094 819 3143 420 2177 2177 3535 1582 1176 4620 3185 910 714 3199 
4392 2436 1320 3006 828 4860 1566 534 3642 1278 1320 1824 3672 2556 3378 3756 1998 4410 4968 1998 3552 2562 3990 726 4752 3792 2064 2718 198 3006 1044 1062 3546 4218 3792 1098 432 2754 3468 312 
5832 3832 1120 3968 864 6528 1712 56 4848 1016 1360 2496 4488 2848 4448 5560 3304 5944 6600 2744 5032 3368 5264 1560 6432 4480 2128 3816 584 3944 1360 1720 5296 5616 4968 1728 1240 3880 4608 352 
3650 2580 5070 2250 5880 4010 3960 4980 2590 5380 4060 2050 5330 5400 2630 3290 3130 3260 4480 1780 1370 2200 3330 5160 3670 6850 5480 650 4370 2430 3310 2790 3230 3380 3250 6230 4090 520 2500 4550 
8830 5100 3080 6520 1000 9620 3900 1720 7580 2810 3470 4560 7380 5280 7140 7320 4240 8860 9790 4850 7360 5780 8160 1110 9430 7270 4310 6030 1800 6520 3220 3270 6940 8550 7820 400 1930 6080 7300 1790 
2793 2044 2653 1337 3325 3248 1876 2660 1925 2877 1946 539 3178 2954 1743 3003 2170 2716 3444 378 1827 1008 2408 3010 3094 4081 2947 728 2289 1414 1449 1218 2891 2590 2247 3696 2212 784 1771 2387 
4674 2310 1770 3312 996 5106 2010 942 3924 1704 1764 2112 4104 3018 3684 3642 1806 4650 5250 2268 3666 2886 4296 288 4974 4248 2520 2916 642 3324 1416 1284 3420 4506 4110 870 420 2934 3762 762 
798 4109 5138 2009 6146 406 4221 5453 1253 5418 4438 3220 3598 4627 1687 3899 4585 217 903 3010 1848 2506 1218 5901 252 4991 5026 2219 5152 2079 4214 4109 4025 812 1491 6587 5110 2212 1477 5222 
6327 2637 2862 4338 2241 6921 2853 1836 5211 2880 2547 2556 5877 4509 4896 4635 1944 6228 7173 2754 4653 3735 5796 1170 6687 6336 3897 3591 1161 4383 1791 1287 4302 6066 5544 2169 414 3609 4986 1422 
2748 1926 4524 2616 4848 2562 3888 4368 2454 4704 3936 2742 4512 4740 2676 1158 2484 2256 3018 2586 918 2742 2814 4206 2232 5532 4800 1812 3954 2736 3444 3036 1326 2640 2898 4890 3660 1728 2520 4086 
2888 4352 2568 1336 4104 3744 1576 3312 2096 2904 1912 1640 1624 1784 1600 5400 4384 3272 3608 1648 3512 1032 2272 4440 3816 2696 2232 2296 3256 1200 2160 2600 5304 2720 1936 4944 3584 2416 1840 3216 
1728 4185 6030 2187 7128 1629 4878 6255 1503 6372 5103 3384 4761 5688 1998 3969 4815 1035 2214 3105 1278 2709 1890 6660 1251 6471 6066 1926 5805 2340 4671 4419 4104 1566 2097 7587 5661 1890 1710 5922 
2412 5499 3978 1413 5724 3420 2880 4833 1809 4347 3258 2673 1467 2772 1314 6372 5670 3006 3141 2574 3924 1593 1737 6048 3609 3177 3465 2835 4743 1233 3483 3879 6327 2268 1368 6651 5058 2952 1593 4707 
2653 1876 4312 2121 4802 2681 3542 4200 2100 4529 3612 2205 4333 4529 2268 1799 2429 2205 3122 2016 434 2219 2576 4179 2359 5481 4599 1120 3745 2261 3066 2646 1841 2485 2611 4963 3479 1015 2121 3885 
2680 2865 790 1625 1845 3205 400 1400 2155 990 575 1235 1430 545 1850 3730 2735 2890 3130 1345 2820 1315 2295 2275 3230 1535 545 1990 1505 1560 1020 1460 3625 2565 2085 2460 1835 2055 1990 1430 
240 5200 5608 2096 6936 792 4560 6120 1240 5936 4848 3664 3360 4768 1616 5208 5648 808 528 3448 2784 2696 824 6840 1136 4968 5328 2792 5864 2120 4736 4768 5312 472 1152 7560 5920 2824 1464 5912 
