6 12 24
80 80 80 80 80 80 
18 14 28 31 22 21 21 19 14 16 20 17 16 26 22 21 25 12 17 28 15 23 21 13 
127 366 292 36 685 528 424 689 207 460 681 566 
272 159 225 243 663 320 278 480 287 250 480 393 
168 478 537 304 411 553 623 710 77 529 655 486 
728 459 711 773 620 274 628 241 669 367 126 176 
445 207 64 350 885 393 98 513 489 299 562 543 
557 264 514 585 605 101 444 199 513 180 136 100 
1270 3660 2920 360 6850 5280 4240 6890 2070 4600 6810 5660 
4080 2385 3375 3645 9945 4800 4170 7200 4305 3750 7200 5895 
2520 7170 8055 4560 6165 8295 9345 10650 1155 7935 9825 7290 
7280 4590 7110 7730 6200 2740 6280 2410 6690 3670 1260 1760 
4895 2277 704 3850 9735 4323 1078 5643 5379 3289 6182 5973 
7798 3696 7196 8190 8470 1414 6216 2786 7182 2520 1904 1400 
663 174 586 74 427 360 182 574 247 538 400 560 136 356 538 271 281 281 536 313 454 170 539 559 
434 503 695 410 588 519 514 275 232 474 239 661 565 78 158 175 149 438 207 239 303 565 345 208 
683 556 866 436 731 656 566 174 360 689 14 834 536 209 407 304 228 563 459 412 526 580 584 459 
717 313 712 200 556 485 321 476 290 628 295 685 239 318 534 283 254 398 550 365 513 303 595 567 
546 410 69 510 157 232 406 993 529 331 872 91 572 710 702 589 662 325 642 494 464 473 489 672 
266 580 640 518 574 521 590 426 317 380 432 608 686 260 36 289 309 464 49 272 227 660 219 23 
616 646 889 534 773 701 657 76 400 673 161 856 661 213 319 338 275 614 385 427 502 688 540 374 
280 737 737 681 698 654 746 510 479 466 562 707 849 412 189 452 469 609 193 430 351 820 306 165 
600 91 491 29 333 266 101 616 215 456 453 466 162 368 515 259 293 190 501 266 393 133 477 527 
352 556 679 477 593 532 566 338 281 434 339 646 640 178 57 238 239 462 121 258 266 628 284 112 
162 680 630 642 607 570 689 584 446 360 602 602 810 428 206 434 470 538 167 384 273 769 209 157 
114 510 457 491 422 386 518 604 314 187 566 426 655 372 225 325 384 360 153 241 99 602 25 177 
6630 1740 5860 740 4270 3600 1820 5740 2470 5380 4000 5600 1360 3560 5380 2710 2810 2810 5360 3130 4540 1700 5390 5590 
3906 4527 6255 3690 5292 4671 4626 2475 2088 4266 2151 5949 5085 702 1422 1575 1341 3942 1863 2151 2727 5085 3105 1872 
4781 3892 6062 3052 5117 4592 3962 1218 2520 4823 98 5838 3752 1463 2849 2128 1596 3941 3213 2884 3682 4060 4088 3213 
5019 2191 4984 1400 3892 3395 2247 3332 2030 4396 2065 4795 1673 2226 3738 1981 1778 2786 3850 2555 3591 2121 4165 3969 
5460 4100 690 5100 1570 2320 4060 9930 5290 3310 8720 910 5720 7100 7020 5890 6620 3250 6420 4940 4640 4730 4890 6720 
1330 2900 3200 2590 2870 2605 2950 2130 1585 1900 2160 3040 3430 1300 180 1445 1545 2320 245 1360 1135 3300 1095 115 
4928 5168 7112 4272 6184 5608 5256 608 3200 5384 1288 6848 5288 1704 2552 2704 2200 4912 3080 3416 4016 5504 4320 2992 
1960 5159 5159 4767 4886 4578 5222 3570 3353 3262 3934 4949 5943 2884 1323 3164 3283 4263 1351 3010 2457 5740 2142 1155 
3000 455 2455 145 1665 1330 505 3080 1075 2280 2265 2330 810 1840 2575 1295 1465 950 2505 1330 1965 665 2385 2635 
2112 3336 4074 2862 3558 3192 3396 2028 1686 2604 2034 3876 3840 1068 342 1428 1434 2772 726 1548 1596 3768 1704 672 
1296 5440 5040 5136 4856 4560 5512 4672 3568 2880 4816 4816 6480 3424 1648 3472 3760 4304 1336 3072 2184 6152 1672 1256 
1140 5100 4570 4910 4220 3860 5180 6040 3140 1870 5660 4260 6550 3720 2250 3250 3840 3600 1530 2410 990 6020 250 1770 
