18 36 72
80 80 80 80 80 80 80 80 80 80 80 80 80 80 80 80 80 80 
23 27 17 17 26 15 9 11 20 12 12 27 14 25 10 29 24 26 13 17 10 17 14 22 26 22 25 23 28 19 19 27 21 20 30 19 18 11 19 15 29 27 11 12 10 28 26 14 28 16 19 21 12 29 29 22 13 22 26 19 15 29 19 18 24 23 19 15 21 24 16 25 
230 574 589 595 299 237 442 699 157 444 233 283 344 443 197 255 518 433 564 706 600 294 414 678 498 414 658 209 315 532 401 186 324 652 652 180 
322 633 690 703 322 167 557 815 273 520 302 336 407 547 268 312 629 542 678 821 710 223 509 768 607 510 772 240 430 606 516 273 437 766 759 129 
306 78 347 435 251 486 502 702 463 129 274 747 163 709 309 251 693 365 514 755 465 490 244 318 708 249 745 703 453 118 564 620 556 580 449 463 
455 685 425 339 663 754 168 200 386 541 529 467 567 168 526 568 50 308 220 178 312 805 427 561 95 422 122 531 256 592 139 411 212 249 389 694 
541 901 782 735 687 615 515 675 384 748 585 115 688 307 556 621 428 609 643 641 721 672 667 908 384 664 578 210 449 832 418 230 356 705 796 567 
476 840 752 718 605 519 504 696 323 691 512 37 619 336 481 545 454 578 637 671 708 575 620 872 414 618 610 112 417 777 414 163 339 708 779 472 
273 310 98 134 418 609 222 387 361 191 319 623 278 468 342 339 414 87 200 442 157 641 99 213 441 96 438 624 246 216 311 504 344 268 174 560 
485 191 259 356 507 742 530 634 623 270 487 906 384 777 522 479 719 396 472 702 389 751 322 134 749 325 715 887 545 183 620 781 648 501 332 711 
390 572 301 216 591 717 83 179 364 435 461 519 479 259 466 497 166 199 100 204 190 763 321 437 205 316 181 564 209 478 141 437 222 154 269 658 
326 173 147 243 393 617 374 523 456 131 341 737 254 615 374 343 567 234 342 584 276 637 154 131 593 156 586 722 377 86 459 613 481 394 247 579 
324 648 688 698 343 200 543 798 259 529 312 304 419 521 277 325 606 536 667 802 703 256 510 772 583 511 751 207 417 616 497 244 417 754 754 160 
220 233 164 226 331 537 285 479 342 97 249 622 189 513 278 261 479 144 290 531 252 564 39 228 500 41 521 607 266 142 359 498 372 362 258 492 
343 499 232 156 537 680 71 224 345 365 411 539 417 310 420 444 233 130 65 265 137 723 252 369 266 247 251 571 187 405 166 443 235 151 214 622 
368 711 565 518 551 553 298 485 221 555 428 180 515 142 406 468 250 394 429 465 504 610 463 694 214 460 406 246 237 634 204 142 138 497 579 495 
205 457 561 597 140 138 501 763 256 359 152 455 238 574 129 145 625 442 600 786 610 178 376 619 616 378 747 378 380 440 493 351 431 689 644 91 
309 212 113 204 399 616 332 482 430 138 333 707 256 575 363 339 525 193 299 542 236 639 127 138 551 128 543 696 340 120 418 584 444 354 215 574 
348 706 603 568 506 477 358 568 190 554 395 112 495 234 368 433 339 428 492 553 559 535 476 724 306 473 494 156 267 638 273 56 193 567 630 421 
457 708 462 380 664 740 191 245 371 561 530 427 577 122 524 570 3 333 263 216 354 793 448 599 47 443 155 495 257 617 135 380 194 297 432 680 
2300 5740 5890 5950 2990 2370 4420 6990 1570 4440 2330 2830 3440 4430 1970 2550 5180 4330 5640 7060 6000 2940 4140 6780 4980 4140 6580 2090 3150 5320 4010 1860 3240 6520 6520 1800 
4508 8862 9660 9842 4508 2338 7798 11410 3822 7280 4228 4704 5698 7658 3752 4368 8806 7588 9492 11494 9940 3122 7126 10752 8498 7140 10808 3360 6020 8484 7224 3822 6118 10724 10626 1806 
3672 936 4164 5220 3012 5832 6024 8424 5556 1548 3288 8964 1956 8508 3708 3012 8316 4380 6168 9060 5580 5880 2928 3816 8496 2988 8940 8436 5436 1416 6768 7440 6672 6960 5388 5556 
5915 8905 5525 4407 8619 9802 2184 2600 5018 7033 6877 6071 7371 2184 6838 7384 650 4004 2860 2314 4056 10465 5551 7293 1235 5486 1586 6903 3328 7696 1807 5343 2756 3237 5057 9022 
6492 10812 9384 8820 8244 7380 6180 8100 4608 8976 7020 1380 8256 3684 6672 7452 5136 7308 7716 7692 8652 8064 8004 10896 4608 7968 6936 2520 5388 9984 5016 2760 4272 8460 9552 6804 
7140 12600 11280 10770 9075 7785 7560 10440 4845 10365 7680 555 9285 5040 7215 8175 6810 8670 9555 10065 10620 8625 9300 13080 6210 9270 9150 1680 6255 11655 6210 2445 5085 10620 11685 7080 
2730 3100 980 1340 4180 6090 2220 3870 3610 1910 3190 6230 2780 4680 3420 3390 4140 870 2000 4420 1570 6410 990 2130 4410 960 4380 6240 2460 2160 3110 5040 3440 2680 1740 5600 
6790 2674 3626 4984 7098 10388 7420 8876 8722 3780 6818 12684 5376 10878 7308 6706 10066 5544 6608 9828 5446 10514 4508 1876 10486 4550 10010 12418 7630 2562 8680 10934 9072 7014 4648 9954 
3900 5720 3010 2160 5910 7170 830 1790 3640 4350 4610 5190 4790 2590 4660 4970 1660 1990 1000 2040 1900 7630 3210 4370 2050 3160 1810 5640 2090 4780 1410 4370 2220 1540 2690 6580 
4238 2249 1911 3159 5109 8021 4862 6799 5928 1703 4433 9581 3302 7995 4862 4459 7371 3042 4446 7592 3588 8281 2002 1703 7709 2028 7618 9386 4901 1118 5967 7969 6253 5122 3211 7527 
3240 6480 6880 6980 3430 2000 5430 7980 2590 5290 3120 3040 4190 5210 2770 3250 6060 5360 6670 8020 7030 2560 5100 7720 5830 5110 7510 2070 4170 6160 4970 2440 4170 7540 7540 1600 
3080 3262 2296 3164 4634 7518 3990 6706 4788 1358 3486 8708 2646 7182 3892 3654 6706 2016 4060 7434 3528 7896 546 3192 7000 574 7294 8498 3724 1988 5026 6972 5208 5068 3612 6888 
4459 6487 3016 2028 6981 8840 923 2912 4485 4745 5343 7007 5421 4030 5460 5772 3029 1690 845 3445 1781 9399 3276 4797 3458 3211 3263 7423 2431 5265 2158 5759 3055 1963 2782 8086 
4416 8532 6780 6216 6612 6636 3576 5820 2652 6660 5136 2160 6180 1704 4872 5616 3000 4728 5148 5580 6048 7320 5556 8328 2568 5520 4872 2952 2844 7608 2448 1704 1656 5964 6948 5940 
2665 5941 7293 7761 1820 1794 6513 9919 3328 4667 1976 5915 3094 7462 1677 1885 8125 5746 7800 10218 7930 2314 4888 8047 8008 4914 9711 4914 4940 5720 6409 4563 5603 8957 8372 1183 
4635 3180 1695 3060 5985 9240 4980 7230 6450 2070 4995 10605 3840 8625 5445 5085 7875 2895 4485 8130 3540 9585 1905 2070 8265 1920 8145 10440 5100 1800 6270 8760 6660 5310 3225 8610 
3828 7766 6633 6248 5566 5247 3938 6248 2090 6094 4345 1232 5445 2574 4048 4763 3729 4708 5412 6083 6149 5885 5236 7964 3366 5203 5434 1716 2937 7018 3003 616 2123 6237 6930 4631 
5484 8496 5544 4560 7968 8880 2292 2940 4452 6732 6360 5124 6924 1464 6288 6840 36 3996 3156 2592 4248 9516 5376 7188 564 5316 1860 5940 3084 7404 1620 4560 2328 3564 5184 8160 
436 323 616 350 285 324 422 196 124 614 270 63 309 209 289 224 291 292 163 215 414 212 358 316 333 463 223 397 69 379 259 98 578 539 293 279 131 143 539 150 304 536 439 308 83 322 389 552 240 160 300 341 161 48 297 206 459 311 420 503 291 117 397 291 484 308 473 268 118 331 328 476 
770 625 744 684 516 626 786 374 400 798 544 417 557 157 390 469 506 581 212 567 73 541 695 667 695 825 577 759 364 342 323 301 711 665 645 489 448 254 642 234 526 883 419 648 446 642 600 637 314 523 147 623 475 329 551 307 517 629 689 717 369 441 657 516 822 662 706 630 250 504 526 796 
602 691 430 708 641 692 713 516 480 501 636 430 671 264 583 580 280 395 346 471 298 579 543 547 608 726 482 709 312 21 116 392 400 355 532 626 347 238 326 363 298 728 100 665 429 688 343 318 505 483 178 419 358 321 659 479 199 678 459 442 571 351 426 295 656 649 445 591 337 667 280 605 
545 708 330 711 677 709 684 565 514 402 663 449 703 338 641 616 222 344 410 449 398 593 495 510 579 688 459 688 328 80 139 438 299 255 499 667 338 287 226 423 237 671 56 668 439 699 262 220 567 480 270 357 340 350 690 538 100 690 385 350 632 346 352 237 597 643 358 579 392 713 211 539 
622 310 814 386 187 311 546 50 126 820 223 207 229 242 89 148 495 498 151 397 400 255 545 491 482 602 402 504 269 512 412 119 776 735 468 160 338 264 730 132 509 706 586 359 250 335 595 738 37 313 356 547 368 225 224 21 633 322 627 710 85 324 604 496 664 392 681 388 159 181 530 668 
622 147 945 245 58 147 462 194 221 922 95 296 47 468 189 119 618 575 377 428 635 199 557 491 445 530 426 408 411 712 598 308 907 871 472 76 441 460 876 355 627 668 779 243 323 189 705 891 253 337 582 619 461 385 59 257 802 180 695 805 214 428 683 614 650 301 768 340 367 76 655 681 
324 566 311 545 578 567 476 504 427 310 546 339 592 382 596 520 15 124 411 258 529 455 275 298 373 473 267 489 241 275 203 392 273 238 290 578 192 287 248 412 15 450 276 504 310 547 87 267 538 318 380 136 175 285 579 505 216 541 178 206 596 205 145 21 376 466 189 397 372 634 22 321 
473 825 52 795 841 826 685 760 687 138 808 601 855 591 849 782 277 347 643 504 679 715 463 512 593 661 511 711 497 361 380 642 18 28 513 840 454 513 60 650 269 581 301 755 573 803 200 83 786 576 546 320 436 537 841 754 185 798 284 165 847 468 269 281 511 711 205 641 612 895 240 436 
292 283 587 264 320 284 272 298 208 555 275 123 324 361 392 271 271 206 320 67 564 175 215 163 177 307 72 256 163 462 341 245 551 520 140 330 112 277 533 306 274 382 504 221 81 262 343 552 367 34 437 250 113 189 310 336 486 256 326 437 402 106 314 263 335 193 399 132 275 389 306 339 
614 516 629 560 432 517 639 294 287 668 444 279 468 20 346 375 360 426 111 414 196 418 539 512 545 674 424 616 209 263 196 184 593 548 491 411 292 98 531 132 380 728 342 521 302 525 458 532 266 377 95 469 319 178 459 244 415 513 538 577 332 285 507 369 666 526 562 487 124 443 384 640 
497 298 687 345 232 299 455 125 72 687 231 86 262 202 216 171 363 364 129 273 401 201 420 371 377 503 279 422 138 422 309 41 648 609 348 220 204 170 607 108 377 591 489 307 127 307 462 618 167 200 309 413 233 100 251 134 520 295 492 576 218 190 470 364 543 321 546 296 94 267 399 541 
205 356 696 264 480 356 40 532 450 616 416 394 456 648 610 461 462 344 602 248 851 330 203 170 110 29 237 97 447 714 602 520 667 653 182 504 377 562 682 585 453 180 737 257 359 314 478 708 613 281 721 351 360 476 447 588 683 322 383 511 628 378 396 448 197 201 467 186 558 557 485 263 
582 400 693 454 309 401 563 171 171 713 324 191 346 104 231 254 388 421 17 363 292 311 504 464 479 607 371 532 179 369 275 71 655 612 441 288 264 128 603 10 406 684 444 418 226 414 490 609 154 303 218 469 295 132 337 127 499 401 545 610 220 253 518 393 630 432 586 405 33 320 420 618 
107 563 392 501 634 564 336 614 524 306 581 433 631 590 709 589 256 159 588 253 763 477 127 194 266 300 252 375 397 526 447 537 366 360 208 647 312 490 395 582 237 217 519 471 391 529 212 423 675 345 615 120 281 444 618 642 433 529 88 206 717 324 116 241 145 415 163 351 543 706 256 73 
477 265 693 310 209 266 423 123 46 688 201 62 236 237 218 148 367 356 164 252 436 166 400 348 348 473 257 389 147 447 331 75 655 616 325 201 199 199 617 143 379 565 511 272 105 273 463 630 182 173 343 405 226 117 224 151 535 260 484 575 224 184 464 366 521 286 543 264 129 253 404 522 
538 305 721 362 219 306 488 94 77 725 230 124 255 196 180 162 400 404 111 313 386 219 460 411 413 538 319 452 174 439 331 32 683 642 387 202 244 186 639 89 414 629 509 327 166 320 499 649 126 237 308 453 274 132 245 93 547 307 533 615 179 230 510 401 583 347 586 328 91 244 435 582 
228 643 271 593 694 644 450 650 563 194 648 470 697 572 745 642 205 170 589 316 723 545 230 289 369 419 320 484 404 451 397 554 245 241 297 701 328 474 277 587 185 335 430 559 431 613 122 306 699 405 575 123 299 451 683 665 331 611 48 85 749 342 62 195 264 506 42 438 547 760 189 189 
436 546 404 550 522 547 539 420 360 433 504 289 545 247 505 461 131 230 292 298 387 431 373 373 434 552 309 537 169 174 67 297 367 323 358 515 178 162 315 299 151 560 214 507 277 537 224 323 437 319 238 261 185 198 533 405 222 528 317 341 500 185 285 143 490 484 329 422 261 565 150 446 
446 685 241 672 680 686 611 586 520 292 655 440 699 403 671 619 143 257 457 390 501 571 405 432 508 605 400 623 326 195 191 463 205 160 425 675 304 327 147 465 149 570 164 630 419 670 148 156 604 442 361 258 295 361 686 572 81 663 273 231 667 316 242 155 496 596 239 528 428 727 116 432 
443 833 60 794 861 834 666 791 713 66 824 623 872 641 882 804 302 348 686 506 742 727 444 500 580 635 513 697 528 427 433 677 57 94 504 863 475 558 133 691 290 542 370 757 592 808 209 156 823 586 604 313 453 571 858 790 253 804 260 131 882 489 254 303 476 709 175 639 652 919 266 399 
528 715 298 714 691 716 676 582 528 370 674 459 715 365 661 629 209 330 433 445 430 600 481 500 572 677 455 683 339 113 159 457 266 222 490 682 340 307 194 445 221 653 73 671 446 704 237 189 588 482 301 339 339 364 702 558 69 696 362 320 653 349 330 223 579 644 331 578 412 730 193 518 
680 203 991 300 101 203 519 212 258 973 152 340 104 486 179 159 664 626 394 482 640 255 614 547 502 587 481 464 451 742 631 335 953 917 528 103 488 489 920 373 674 726 811 300 371 245 753 934 254 390 600 672 509 421 116 266 841 236 748 856 203 474 735 661 708 358 819 398 391 64 701 738 
517 509 521 534 455 510 573 334 294 555 451 250 485 125 408 394 246 320 179 335 285 399 445 428 472 599 346 559 142 199 95 208 485 440 408 441 206 54 427 190 266 636 269 492 257 509 344 431 333 322 141 361 229 138 474 304 319 498 426 463 399 204 395 255 570 484 448 433 158 484 270 537 
735 766 546 797 693 767 829 557 541 628 700 511 729 282 606 636 416 528 374 587 214 660 673 670 725 848 598 819 405 151 234 443 519 476 654 674 458 305 442 395 435 860 200 755 521 770 480 429 525 584 168 554 474 399 719 505 316 758 597 577 589 460 564 430 789 748 582 696 383 705 418 740 
185 622 314 567 681 623 413 646 558 228 632 465 681 587 741 632 228 168 598 299 747 529 196 260 337 378 301 449 409 486 423 557 289 286 270 690 329 488 323 594 208 290 469 534 424 590 158 352 700 391 598 119 299 457 668 667 373 589 43 128 747 342 74 216 220 480 86 413 554 749 218 144 
513 510 517 534 457 511 571 337 296 550 452 250 487 130 411 396 241 316 183 333 289 399 441 425 470 597 344 557 141 196 91 211 480 436 405 444 203 57 422 194 261 632 266 492 256 509 338 427 337 320 144 356 225 139 476 308 315 499 422 457 403 202 391 250 566 483 443 432 162 487 265 533 
381 785 122 742 820 785 606 758 677 53 780 586 828 628 851 765 272 300 666 457 745 681 385 443 523 574 462 639 497 437 425 649 107 127 449 824 437 539 170 669 257 479 390 705 551 758 172 198 795 539 602 261 413 542 815 762 274 755 201 72 852 452 199 270 413 656 116 586 629 881 239 336 
291 260 759 164 391 260 62 461 388 689 327 350 364 615 532 381 493 383 557 251 820 254 265 211 130 130 240 12 427 722 604 471 727 708 212 418 373 540 732 538 487 282 756 164 322 218 528 757 545 249 701 402 363 447 356 523 717 227 449 579 552 370 456 480 292 117 534 137 516 467 521 352 
287 439 436 421 455 440 380 393 310 419 420 218 467 333 488 398 113 98 335 143 515 327 217 212 274 391 154 382 145 334 224 294 398 365 197 457 70 234 375 330 118 407 361 379 186 420 196 394 439 191 370 145 48 193 453 406 330 414 222 305 491 85 197 107 340 345 273 278 290 514 149 309 
690 600 650 648 508 601 726 367 371 704 526 367 547 101 406 455 414 496 186 498 111 505 617 595 631 760 508 704 294 254 229 268 617 571 574 485 372 179 549 209 435 807 332 609 390 612 507 545 325 465 54 535 398 266 538 309 425 599 599 623 388 367 567 425 743 615 613 575 209 511 433 712 
224 528 345 491 564 528 392 513 427 307 522 335 571 443 608 510 101 43 454 201 609 423 180 214 293 381 208 411 266 373 291 416 310 286 211 570 190 343 308 451 83 350 375 453 297 502 104 333 561 281 460 37 162 314 557 528 306 499 102 190 612 205 75 86 277 407 154 337 410 628 110 223 
205 290 637 219 389 291 114 419 333 575 328 269 375 521 504 360 365 256 476 127 724 230 155 90 24 148 116 116 321 600 484 395 604 583 86 410 255 436 606 459 359 252 630 193 233 253 402 630 497 155 595 278 241 349 363 470 589 255 332 461 519 255 335 352 228 134 417 81 431 466 393 266 
181 450 428 409 498 451 312 462 373 382 451 281 501 438 558 447 159 42 432 122 621 350 116 134 212 308 127 329 241 422 323 380 393 370 129 506 155 339 391 425 149 304 436 371 240 423 188 415 520 209 476 74 124 287 487 487 380 420 149 264 565 167 137 145 235 324 223 254 386 565 182 203 
504 774 180 759 769 775 686 672 609 263 744 530 788 476 757 708 226 332 537 474 548 660 473 507 586 675 483 703 415 229 264 549 151 108 503 764 393 408 76 547 228 624 168 717 509 758 199 73 688 529 419 323 383 449 775 656 52 751 319 240 751 405 293 236 551 681 264 612 511 815 194 481 
605 762 348 769 725 763 746 607 562 433 714 502 752 364 678 663 283 405 443 510 391 648 556 572 641 750 520 749 381 81 184 481 321 279 560 713 396 327 244 458 297 731 5 726 494 755 316 231 602 538 280 416 400 399 740 574 120 745 440 394 668 404 409 298 657 703 407 639 430 757 270 597 
565 111 886 206 32 112 415 166 171 862 37 239 19 431 191 74 560 514 342 367 610 140 498 432 389 481 366 361 357 664 548 267 848 813 413 64 383 414 819 320 568 615 728 197 264 149 645 834 239 276 544 559 402 334 10 235 747 138 635 745 216 369 622 555 594 251 707 284 327 105 597 622 
2180 1615 3080 1750 1425 1620 2110 980 620 3070 1350 315 1545 1045 1445 1120 1455 1460 815 1075 2070 1060 1790 1580 1665 2315 1115 1985 345 1895 1295 490 2890 2695 1465 1395 655 715 2695 750 1520 2680 2195 1540 415 1610 1945 2760 1200 800 1500 1705 805 240 1485 1030 2295 1555 2100 2515 1455 585 1985 1455 2420 1540 2365 1340 590 1655 1640 2380 
6930 5625 6696 6156 4644 5634 7074 3366 3600 7182 4896 3753 5013 1413 3510 4221 4554 5229 1908 5103 657 4869 6255 6003 6255 7425 5193 6831 3276 3078 2907 2709 6399 5985 5805 4401 4032 2286 5778 2106 4734 7947 3771 5832 4014 5778 5400 5733 2826 4707 1323 5607 4275 2961 4959 2763 4653 5661 6201 6453 3321 3969 5913 4644 7398 5958 6354 5670 2250 4536 4734 7164 
4214 4837 3010 4956 4487 4844 4991 3612 3360 3507 4452 3010 4697 1848 4081 4060 1960 2765 2422 3297 2086 4053 3801 3829 4256 5082 3374 4963 2184 147 812 2744 2800 2485 3724 4382 2429 1666 2282 2541 2086 5096 700 4655 3003 4816 2401 2226 3535 3381 1246 2933 2506 2247 4613 3353 1393 4746 3213 3094 3997 2457 2982 2065 4592 4543 3115 4137 2359 4669 1960 4235 
4360 5664 2640 5688 5416 5672 5472 4520 4112 3216 5304 3592 5624 2704 5128 4928 1776 2752 3280 3592 3184 4744 3960 4080 4632 5504 3672 5504 2624 640 1112 3504 2392 2040 3992 5336 2704 2296 1808 3384 1896 5368 448 5344 3512 5592 2096 1760 4536 3840 2160 2856 2720 2800 5520 4304 800 5520 3080 2800 5056 2768 2816 1896 4776 5144 2864 4632 3136 5704 1688 4312 
6220 3100 8140 3860 1870 3110 5460 500 1260 8200 2230 2070 2290 2420 890 1480 4950 4980 1510 3970 4000 2550 5450 4910 4820 6020 4020 5040 2690 5120 4120 1190 7760 7350 4680 1600 3380 2640 7300 1320 5090 7060 5860 3590 2500 3350 5950 7380 370 3130 3560 5470 3680 2250 2240 210 6330 3220 6270 7100 850 3240 6040 4960 6640 3920 6810 3880 1590 1810 5300 6680 
3110 735 4725 1225 290 735 2310 970 1105 4610 475 1480 235 2340 945 595 3090 2875 1885 2140 3175 995 2785 2455 2225 2650 2130 2040 2055 3560 2990 1540 4535 4355 2360 380 2205 2300 4380 1775 3135 3340 3895 1215 1615 945 3525 4455 1265 1685 2910 3095 2305 1925 295 1285 4010 900 3475 4025 1070 2140 3415 3070 3250 1505 3840 1700 1835 380 3275 3405 
1944 3396 1866 3270 3468 3402 2856 3024 2562 1860 3276 2034 3552 2292 3576 3120 90 744 2466 1548 3174 2730 1650 1788 2238 2838 1602 2934 1446 1650 1218 2352 1638 1428 1740 3468 1152 1722 1488 2472 90 2700 1656 3024 1860 3282 522 1602 3228 1908 2280 816 1050 1710 3474 3030 1296 3246 1068 1236 3576 1230 870 126 2256 2796 1134 2382 2232 3804 132 1926 
3311 5775 364 5565 5887 5782 4795 5320 4809 966 5656 4207 5985 4137 5943 5474 1939 2429 4501 3528 4753 5005 3241 3584 4151 4627 3577 4977 3479 2527 2660 4494 126 196 3591 5880 3178 3591 420 4550 1883 4067 2107 5285 4011 5621 1400 581 5502 4032 3822 2240 3052 3759 5887 5278 1295 5586 1988 1155 5929 3276 1883 1967 3577 4977 1435 4487 4284 6265 1680 3052 
2044 1981 4109 1848 2240 1988 1904 2086 1456 3885 1925 861 2268 2527 2744 1897 1897 1442 2240 469 3948 1225 1505 1141 1239 2149 504 1792 1141 3234 2387 1715 3857 3640 980 2310 784 1939 3731 2142 1918 2674 3528 1547 567 1834 2401 3864 2569 238 3059 1750 791 1323 2170 2352 3402 1792 2282 3059 2814 742 2198 1841 2345 1351 2793 924 1925 2723 2142 2373 
5526 4644 5661 5040 3888 4653 5751 2646 2583 6012 3996 2511 4212 180 3114 3375 3240 3834 999 3726 1764 3762 4851 4608 4905 6066 3816 5544 1881 2367 1764 1656 5337 4932 4419 3699 2628 882 4779 1188 3420 6552 3078 4689 2718 4725 4122 4788 2394 3393 855 4221 2871 1602 4131 2196 3735 4617 4842 5193 2988 2565 4563 3321 5994 4734 5058 4383 1116 3987 3456 5760 
3976 2384 5496 2760 1856 2392 3640 1000 576 5496 1848 688 2096 1616 1728 1368 2904 2912 1032 2184 3208 1608 3360 2968 3016 4024 2232 3376 1104 3376 2472 328 5184 4872 2784 1760 1632 1360 4856 864 3016 4728 3912 2456 1016 2456 3696 4944 1336 1600 2472 3304 1864 800 2008 1072 4160 2360 3936 4608 1744 1520 3760 2912 4344 2568 4368 2368 752 2136 3192 4328 
1845 3204 6264 2376 4320 3204 360 4788 4050 5544 3744 3546 4104 5832 5490 4149 4158 3096 5418 2232 7659 2970 1827 1530 990 261 2133 873 4023 6426 5418 4680 6003 5877 1638 4536 3393 5058 6138 5265 4077 1620 6633 2313 3231 2826 4302 6372 5517 2529 6489 3159 3240 4284 4023 5292 6147 2898 3447 4599 5652 3402 3564 4032 1773 1809 4203 1674 5022 5013 4365 2367 
5238 3600 6237 4086 2781 3609 5067 1539 1539 6417 2916 1719 3114 936 2079 2286 3492 3789 153 3267 2628 2799 4536 4176 4311 5463 3339 4788 1611 3321 2475 639 5895 5508 3969 2592 2376 1152 5427 90 3654 6156 3996 3762 2034 3726 4410 5481 1386 2727 1962 4221 2655 1188 3033 1143 4491 3609 4905 5490 1980 2277 4662 3537 5670 3888 5274 3645 297 2880 3780 5562 
1070 5630 3920 5010 6340 5640 3360 6140 5240 3060 5810 4330 6310 5900 7090 5890 2560 1590 5880 2530 7630 4770 1270 1940 2660 3000 2520 3750 3970 5260 4470 5370 3660 3600 2080 6470 3120 4900 3950 5820 2370 2170 5190 4710 3910 5290 2120 4230 6750 3450 6150 1200 2810 4440 6180 6420 4330 5290 880 2060 7170 3240 1160 2410 1450 4150 1630 3510 5430 7060 2560 730 
3816 2120 5544 2480 1672 2128 3384 984 368 5504 1608 496 1888 1896 1744 1184 2936 2848 1312 2016 3488 1328 3200 2784 2784 3784 2056 3112 1176 3576 2648 600 5240 4928 2600 1608 1592 1592 4936 1144 3032 4520 4088 2176 840 2184 3704 5040 1456 1384 2744 3240 1808 936 1792 1208 4280 2080 3872 4600 1792 1472 3712 2928 4168 2288 4344 2112 1032 2024 3232 4176 
2690 1525 3605 1810 1095 1530 2440 470 385 3625 1150 620 1275 980 900 810 2000 2020 555 1565 1930 1095 2300 2055 2065 2690 1595 2260 870 2195 1655 160 3415 3210 1935 1010 1220 930 3195 445 2070 3145 2545 1635 830 1600 2495 3245 630 1185 1540 2265 1370 660 1225 465 2735 1535 2665 3075 895 1150 2550 2005 2915 1735 2930 1640 455 1220 2175 2910 
1368 3858 1626 3558 4164 3864 2700 3900 3378 1164 3888 2820 4182 3432 4470 3852 1230 1020 3534 1896 4338 3270 1380 1734 2214 2514 1920 2904 2424 2706 2382 3324 1470 1446 1782 4206 1968 2844 1662 3522 1110 2010 2580 3354 2586 3678 732 1836 4194 2430 3450 738 1794 2706 4098 3990 1986 3666 288 510 4494 2052 372 1170 1584 3036 252 2628 3282 4560 1134 1134 
3924 4914 3636 4950 4698 4923 4851 3780 3240 3897 4536 2601 4905 2223 4545 4149 1179 2070 2628 2682 3483 3879 3357 3357 3906 4968 2781 4833 1521 1566 603 2673 3303 2907 3222 4635 1602 1458 2835 2691 1359 5040 1926 4563 2493 4833 2016 2907 3933 2871 2142 2349 1665 1782 4797 3645 1998 4752 2853 3069 4500 1665 2565 1287 4410 4356 2961 3798 2349 5085 1350 4014 
4014 6165 2169 6048 6120 6174 5499 5274 4680 2628 5895 3960 6291 3627 6039 5571 1287 2313 4113 3510 4509 5139 3645 3888 4572 5445 3600 5607 2934 1755 1719 4167 1845 1440 3825 6075 2736 2943 1323 4185 1341 5130 1476 5670 3771 6030 1332 1404 5436 3978 3249 2322 2655 3249 6174 5148 729 5967 2457 2079 6003 2844 2178 1395 4464 5364 2151 4752 3852 6543 1044 3888 
3101 5831 420 5558 6027 5838 4662 5537 4991 462 5768 4361 6104 4487 6174 5628 2114 2436 4802 3542 5194 5089 3108 3500 4060 4445 3591 4879 3696 2989 3031 4739 399 658 3528 6041 3325 3906 931 4837 2030 3794 2590 5299 4144 5656 1463 1092 5761 4102 4228 2191 3171 3997 6006 5530 1771 5628 1820 917 6174 3423 1778 2121 3332 4963 1225 4473 4564 6433 1862 2793 
4224 5720 2384 5712 5528 5728 5408 4656 4224 2960 5392 3672 5720 2920 5288 5032 1672 2640 3464 3560 3440 4800 3848 4000 4576 5416 3640 5464 2712 904 1272 3656 2128 1776 3920 5456 2720 2456 1552 3560 1768 5224 584 5368 3568 5632 1896 1512 4704 3856 2408 2712 2712 2912 5616 4464 552 5568 2896 2560 5224 2792 2640 1784 4632 5152 2648 4624 3296 5840 1544 4144 
4080 1218 5946 1800 606 1218 3114 1272 1548 5838 912 2040 624 2916 1074 954 3984 3756 2364 2892 3840 1530 3684 3282 3012 3522 2886 2784 2706 4452 3786 2010 5718 5502 3168 618 2928 2934 5520 2238 4044 4356 4866 1800 2226 1470 4518 5604 1524 2340 3600 4032 3054 2526 696 1596 5046 1416 4488 5136 1218 2844 4410 3966 4248 2148 4914 2388 2346 384 4206 4428 
5170 5090 5210 5340 4550 5100 5730 3340 2940 5550 4510 2500 4850 1250 4080 3940 2460 3200 1790 3350 2850 3990 4450 4280 4720 5990 3460 5590 1420 1990 950 2080 4850 4400 4080 4410 2060 540 4270 1900 2660 6360 2690 4920 2570 5090 3440 4310 3330 3220 1410 3610 2290 1380 4740 3040 3190 4980 4260 4630 3990 2040 3950 2550 5700 4840 4480 4330 1580 4840 2700 5370 
3675 3830 2730 3985 3465 3835 4145 2785 2705 3140 3500 2555 3645 1410 3030 3180 2080 2640 1870 2935 1070 3300 3365 3350 3625 4240 2990 4095 2025 755 1170 2215 2595 2380 3270 3370 2290 1525 2210 1975 2175 4300 1000 3775 2605 3850 2400 2145 2625 2920 840 2770 2370 1995 3595 2525 1580 3790 2985 2885 2945 2300 2820 2150 3945 3740 2910 3480 1915 3525 2090 3700 
1665 5598 2826 5103 6129 5607 3717 5814 5022 2052 5688 4185 6129 5283 6669 5688 2052 1512 5382 2691 6723 4761 1764 2340 3033 3402 2709 4041 3681 4374 3807 5013 2601 2574 2430 6210 2961 4392 2907 5346 1872 2610 4221 4806 3816 5310 1422 3168 6300 3519 5382 1071 2691 4113 6012 6003 3357 5301 387 1152 6723 3078 666 1944 1980 4320 774 3717 4986 6741 1962 1296 
3078 3060 3102 3204 2742 3066 3426 2022 1776 3300 2712 1500 2922 780 2466 2376 1446 1896 1098 1998 1734 2394 2646 2550 2820 3582 2064 3342 846 1176 546 1266 2880 2616 2430 2664 1218 342 2532 1164 1566 3792 1596 2952 1536 3054 2028 2562 2022 1920 864 2136 1350 834 2856 1848 1890 2994 2532 2742 2418 1212 2346 1500 3396 2898 2658 2592 972 2922 1590 3198 
3048 6280 976 5936 6560 6280 4848 6064 5416 424 6240 4688 6624 5024 6808 6120 2176 2400 5328 3656 5960 5448 3080 3544 4184 4592 3696 5112 3976 3496 3400 5192 856 1016 3592 6592 3496 4312 1360 5352 2056 3832 3120 5640 4408 6064 1376 1584 6360 4312 4816 2088 3304 4336 6520 6096 2192 6040 1608 576 6816 3616 1592 2160 3304 5248 928 4688 5032 7048 1912 2688 
2619 2340 6831 1476 3519 2340 558 4149 3492 6201 2943 3150 3276 5535 4788 3429 4437 3447 5013 2259 7380 2286 2385 1899 1170 1170 2160 108 3843 6498 5436 4239 6543 6372 1908 3762 3357 4860 6588 4842 4383 2538 6804 1476 2898 1962 4752 6813 4905 2241 6309 3618 3267 4023 3204 4707 6453 2043 4041 5211 4968 3330 4104 4320 2628 1053 4806 1233 4644 4203 4689 3168 
2870 4390 4360 4210 4550 4400 3800 3930 3100 4190 4200 2180 4670 3330 4880 3980 1130 980 3350 1430 5150 3270 2170 2120 2740 3910 1540 3820 1450 3340 2240 2940 3980 3650 1970 4570 700 2340 3750 3300 1180 4070 3610 3790 1860 4200 1960 3940 4390 1910 3700 1450 480 1930 4530 4060 3300 4140 2220 3050 4910 850 1970 1070 3400 3450 2730 2780 2900 5140 1490 3090 
6900 6000 6500 6480 5080 6010 7260 3670 3710 7040 5260 3670 5470 1010 4060 4550 4140 4960 1860 4980 1110 5050 6170 5950 6310 7600 5080 7040 2940 2540 2290 2680 6170 5710 5740 4850 3720 1790 5490 2090 4350 8070 3320 6090 3900 6120 5070 5450 3250 4650 540 5350 3980 2660 5380 3090 4250 5990 5990 6230 3880 3670 5670 4250 7430 6150 6130 5750 2090 5110 4330 7120 
1568 3696 2415 3437 3948 3696 2744 3591 2989 2149 3654 2345 3997 3101 4256 3570 707 301 3178 1407 4263 2961 1260 1498 2051 2667 1456 2877 1862 2611 2037 2912 2170 2002 1477 3990 1330 2401 2156 3157 581 2450 2625 3171 2079 3514 728 2331 3927 1967 3220 259 1134 2198 3899 3696 2142 3493 714 1330 4284 1435 525 602 1939 2849 1078 2359 2870 4396 770 1561 
1025 1450 3185 1095 1945 1455 570 2095 1665 2875 1640 1345 1875 2605 2520 1800 1825 1280 2380 635 3620 1150 775 450 120 740 580 580 1605 3000 2420 1975 3020 2915 430 2050 1275 2180 3030 2295 1795 1260 3150 965 1165 1265 2010 3150 2485 775 2975 1390 1205 1745 1815 2350 2945 1275 1660 2305 2595 1275 1675 1760 1140 670 2085 405 2155 2330 1965 1330 
1629 4050 3852 3681 4482 4059 2808 4158 3357 3438 4059 2529 4509 3942 5022 4023 1431 378 3888 1098 5589 3150 1044 1206 1908 2772 1143 2961 2169 3798 2907 3420 3537 3330 1161 4554 1395 3051 3519 3825 1341 2736 3924 3339 2160 3807 1692 3735 4680 1881 4284 666 1116 2583 4383 4383 3420 3780 1341 2376 5085 1503 1233 1305 2115 2916 2007 2286 3474 5085 1638 1827 
3024 4644 1080 4554 4614 4650 4116 4032 3654 1578 4464 3180 4728 2856 4542 4248 1356 1992 3222 2844 3288 3960 2838 3042 3516 4050 2898 4218 2490 1374 1584 3294 906 648 3018 4584 2358 2448 456 3282 1368 3744 1008 4302 3054 4548 1194 438 4128 3174 2514 1938 2298 2694 4650 3936 312 4506 1914 1440 4506 2430 1758 1416 3306 4086 1584 3672 3066 4890 1164 2886 
4840 6096 2784 6152 5800 6104 5968 4856 4496 3464 5712 4016 6016 2912 5424 5304 2264 3240 3544 4080 3128 5184 4448 4576 5128 6000 4160 5992 3048 648 1472 3848 2568 2232 4480 5704 3168 2616 1952 3664 2376 5848 40 5808 3952 6040 2528 1848 4816 4304 2240 3328 3200 3192 5920 4592 960 5960 3520 3152 5344 3232 3272 2384 5256 5624 3256 5112 3440 6056 2160 4776 
2825 555 4430 1030 160 560 2075 830 855 4310 185 1195 95 2155 955 370 2800 2570 1710 1835 3050 700 2490 2160 1945 2405 1830 1805 1785 3320 2740 1335 4240 4065 2065 320 1915 2070 4095 1600 2840 3075 3640 985 1320 745 3225 4170 1195 1380 2720 2795 2010 1670 50 1175 3735 690 3175 3725 1080 1845 3110 2775 2970 1255 3535 1420 1635 525 2985 3110 
