4 8 16
80 80 80 80 
14 10 29 11 26 17 28 15 16 30 21 19 13 22 29 20 
227 126 585 240 300 331 144 380 
114 227 573 348 407 195 224 319 
402 220 564 265 151 503 137 441 
463 672 496 794 702 381 551 287 
2270 1260 5850 2400 3000 3310 1440 3800 
1482 2951 7449 4524 5291 2535 2912 4147 
6030 3300 8460 3975 2265 7545 2055 6615 
5093 7392 5456 8734 7722 4191 6061 3157 
106 487 285 401 378 364 344 635 583 668 269 652 379 245 415 371 
176 398 463 328 477 140 308 387 560 524 45 442 611 486 203 144 
726 369 443 397 302 842 978 772 186 463 667 644 568 588 615 645 
273 467 584 411 591 51 301 334 644 555 147 430 731 604 226 173 
493 105 509 146 408 462 678 303 283 157 325 197 699 621 187 241 
218 556 247 471 376 479 423 746 620 746 383 752 284 153 521 481 
331 157 344 75 280 385 550 404 304 333 212 355 531 442 183 195 
474 328 163 288 28 645 731 702 273 512 473 623 320 310 489 494 
848 3896 2280 3208 3024 2912 2752 5080 4664 5344 2152 5216 3032 1960 3320 2968 
1760 3980 4630 3280 4770 1400 3080 3870 5600 5240 450 4420 6110 4860 2030 1440 
5808 2952 3544 3176 2416 6736 7824 6176 1488 3704 5336 5152 4544 4704 4920 5160 
1911 3269 4088 2877 4137 357 2107 2338 4508 3885 1029 3010 5117 4228 1582 1211 
2958 630 3054 876 2448 2772 4068 1818 1698 942 1950 1182 4194 3726 1122 1446 
1744 4448 1976 3768 3008 3832 3384 5968 4960 5968 3064 6016 2272 1224 4168 3848 
1986 942 2064 450 1680 2310 3300 2424 1824 1998 1272 2130 3186 2652 1098 1170 
4266 2952 1467 2592 252 5805 6579 6318 2457 4608 4257 5607 2880 2790 4401 4446 
