10 20 50
80 80 80 80 80 80 80 80 80 80 
20 24 24 15 23 6 17 11 7 15 8 20 9 18 23 21 11 10 7 10 23 11 12 14 17 14 22 23 14 20 15 24 22 25 7 14 14 23 14 18 9 7 22 23 20 10 6 13 19 26 
661 423 652 243 133 834 419 613 285 392 630 287 818 961 227 525 145 516 623 230 
627 512 602 690 804 140 574 366 625 675 654 625 105 60 805 421 787 469 727 807 
790 239 277 197 405 713 514 587 347 567 776 356 619 783 504 305 398 253 806 159 
494 182 413 349 472 299 303 210 292 407 500 294 255 400 493 125 456 188 559 473 
492 486 650 647 727 5 471 253 554 566 521 552 176 161 712 413 711 472 595 775 
605 354 603 182 82 759 352 540 210 336 576 212 744 886 191 456 87 450 576 207 
669 201 395 54 258 675 391 506 215 430 651 223 616 773 356 300 250 273 673 95 
169 495 779 576 553 319 264 156 427 317 199 421 454 483 494 486 539 546 273 713 
544 126 423 88 237 556 267 373 104 324 529 113 519 668 302 226 222 228 559 225 
685 307 503 123 196 763 414 569 244 425 661 250 720 872 306 409 195 388 671 85 
7932 5076 7824 2916 1596 10008 5028 7356 3420 4704 7560 3444 9816 11532 2724 6300 1740 6192 7476 2760 
7524 6144 7224 8280 9648 1680 6888 4392 7500 8100 7848 7500 1260 720 9660 5052 9444 5628 8724 9684 
8690 2629 3047 2167 4455 7843 5654 6457 3817 6237 8536 3916 6809 8613 5544 3355 4378 2783 8866 1749 
6422 2366 5369 4537 6136 3887 3939 2730 3796 5291 6500 3822 3315 5200 6409 1625 5928 2444 7267 6149 
4920 4860 6500 6470 7270 50 4710 2530 5540 5660 5210 5520 1760 1610 7120 4130 7110 4720 5950 7750 
6655 3894 6633 2002 902 8349 3872 5940 2310 3696 6336 2332 8184 9746 2101 5016 957 4950 6336 2277 
8028 2412 4740 648 3096 8100 4692 6072 2580 5160 7812 2676 7392 9276 4272 3600 3000 3276 8076 1140 
2366 6930 10906 8064 7742 4466 3696 2184 5978 4438 2786 5894 6356 6762 6916 6804 7546 7644 3822 9982 
5984 1386 4653 968 2607 6116 2937 4103 1144 3564 5819 1243 5709 7348 3322 2486 2442 2508 6149 2475 
6850 3070 5030 1230 1960 7630 4140 5690 2440 4250 6610 2500 7200 8720 3060 4090 1950 3880 6710 850 
182 545 617 490 606 159 335 233 520 541 793 46 617 448 290 643 683 846 572 141 574 176 607 553 570 695 155 682 432 500 197 305 464 544 847 16 760 89 403 255 327 283 506 481 621 857 477 164 480 88 
443 518 321 504 167 427 406 352 107 105 259 586 456 399 298 141 379 266 480 572 392 417 64 98 500 148 434 176 465 304 506 382 123 261 267 598 226 600 394 418 300 345 207 415 66 286 112 442 176 512 
733 656 562 669 415 733 726 670 372 352 125 902 708 700 619 255 411 78 600 895 656 735 332 340 773 197 751 224 770 480 782 641 430 537 76 908 147 896 705 689 578 626 414 708 273 218 437 762 422 814 
520 685 143 663 18 479 342 386 277 283 406 604 288 286 330 321 565 350 653 561 231 438 126 279 348 307 460 350 355 474 597 499 248 115 351 628 379 657 301 522 412 446 378 287 243 279 185 453 338 564 
502 776 111 740 227 437 197 346 417 433 614 503 111 92 309 504 719 568 758 432 48 370 323 435 136 507 391 540 152 585 583 533 358 107 570 537 583 595 131 534 455 469 504 76 430 490 293 369 456 508 
322 59 742 23 624 387 617 425 375 377 521 527 834 695 432 418 270 643 88 592 768 456 543 387 836 482 450 433 729 181 293 214 394 659 642 502 501 429 660 247 271 274 276 728 462 738 461 485 307 405 
213 524 355 480 327 152 150 58 294 316 566 271 395 236 39 419 547 591 521 247 337 101 338 326 378 458 123 460 262 374 294 258 224 274 592 291 532 324 196 249 198 194 328 271 376 585 213 120 285 232 
118 307 531 261 445 156 369 176 259 275 512 324 602 453 187 367 386 589 311 366 539 213 397 288 595 427 211 401 482 203 159 41 230 445 590 314 481 278 415 68 50 26 215 487 367 637 279 244 201 210 
372 600 198 567 153 323 202 228 241 258 469 443 289 192 175 341 541 457 580 403 222 278 193 262 310 358 299 380 256 405 451 373 178 113 459 467 436 499 184 385 289 312 323 213 275 423 117 292 276 407 
274 620 351 573 371 201 69 136 392 413 658 245 351 181 145 515 652 670 621 186 305 124 407 422 314 548 142 556 182 479 351 349 320 285 671 278 624 339 135 329 299 287 432 216 465 644 295 113 389 257 
202 575 590 520 588 164 302 224 521 542 796 10 584 415 280 646 700 842 599 99 542 161 597 554 534 695 142 685 395 516 230 325 461 519 843 42 763 131 370 278 338 296 515 448 619 846 468 143 486 112 
366 599 202 566 161 316 194 221 244 262 475 435 289 187 168 347 544 465 579 395 222 270 201 266 308 364 292 386 250 406 445 369 180 117 467 459 442 492 178 380 286 308 325 209 281 432 121 284 277 399 
439 162 719 193 578 489 667 495 320 313 375 651 834 721 481 309 97 510 104 699 767 543 479 317 854 364 544 309 769 146 435 315 369 643 509 634 362 575 694 364 328 355 223 750 373 626 436 575 270 531 
487 106 864 162 730 551 771 583 472 467 535 692 969 841 584 474 246 673 100 757 902 619 636 474 980 529 614 474 881 277 455 376 510 784 671 665 524 589 809 412 422 433 370 872 535 791 579 648 413 570 
448 764 221 722 314 378 110 297 451 470 680 413 175 23 276 555 746 652 755 333 142 303 394 474 135 570 322 594 46 593 527 503 383 195 654 450 648 518 48 494 436 438 523 40 488 588 329 293 475 437 
439 438 424 432 269 440 476 383 79 58 197 611 556 486 336 49 277 259 395 612 491 448 163 46 596 96 462 91 549 228 490 353 146 360 259 615 163 601 475 398 284 332 137 506 54 329 180 477 130 520 
487 759 111 723 216 424 189 332 401 416 600 494 128 90 294 489 703 557 741 425 63 358 309 418 151 492 379 525 155 568 569 517 341 94 559 528 569 584 125 519 438 453 487 81 415 482 277 358 439 496 
498 493 415 491 256 495 506 432 135 117 156 663 554 503 382 56 310 197 447 659 492 497 147 104 602 45 512 78 569 287 551 415 192 361 197 670 123 660 498 459 345 393 199 519 38 270 208 525 193 577 
274 649 594 594 612 227 298 269 573 594 849 65 570 406 321 699 768 886 672 63 536 204 633 606 512 745 190 739 375 584 304 396 509 531 887 102 815 196 364 350 401 362 576 436 666 879 508 177 544 186 
658 811 169 792 153 614 448 520 397 399 456 731 299 367 465 411 664 358 775 679 267 569 230 393 378 378 591 431 431 597 735 636 380 208 360 757 436 791 395 660 549 584 500 356 337 237 320 581 464 698 
1820 5450 6170 4900 6060 1590 3350 2330 5200 5410 7930 460 6170 4480 2900 6430 6830 8460 5720 1410 5740 1760 6070 5530 5700 6950 1550 6820 4320 5000 1970 3050 4640 5440 8470 160 7600 890 4030 2550 3270 2830 5060 4810 6210 8570 4770 1640 4800 880 
2215 2590 1605 2520 835 2135 2030 1760 535 525 1295 2930 2280 1995 1490 705 1895 1330 2400 2860 1960 2085 320 490 2500 740 2170 880 2325 1520 2530 1910 615 1305 1335 2990 1130 3000 1970 2090 1500 1725 1035 2075 330 1430 560 2210 880 2560 
7330 6560 5620 6690 4150 7330 7260 6700 3720 3520 1250 9020 7080 7000 6190 2550 4110 780 6000 8950 6560 7350 3320 3400 7730 1970 7510 2240 7700 4800 7820 6410 4300 5370 760 9080 1470 8960 7050 6890 5780 6260 4140 7080 2730 2180 4370 7620 4220 8140 
3640 4795 1001 4641 126 3353 2394 2702 1939 1981 2842 4228 2016 2002 2310 2247 3955 2450 4571 3927 1617 3066 882 1953 2436 2149 3220 2450 2485 3318 4179 3493 1736 805 2457 4396 2653 4599 2107 3654 2884 3122 2646 2009 1701 1953 1295 3171 2366 3948 
5020 7760 1110 7400 2270 4370 1970 3460 4170 4330 6140 5030 1110 920 3090 5040 7190 5680 7580 4320 480 3700 3230 4350 1360 5070 3910 5400 1520 5850 5830 5330 3580 1070 5700 5370 5830 5950 1310 5340 4550 4690 5040 760 4300 4900 2930 3690 4560 5080 
2898 531 6678 207 5616 3483 5553 3825 3375 3393 4689 4743 7506 6255 3888 3762 2430 5787 792 5328 6912 4104 4887 3483 7524 4338 4050 3897 6561 1629 2637 1926 3546 5931 5778 4518 4509 3861 5940 2223 2439 2466 2484 6552 4158 6642 4149 4365 2763 3645 
1065 2620 1775 2400 1635 760 750 290 1470 1580 2830 1355 1975 1180 195 2095 2735 2955 2605 1235 1685 505 1690 1630 1890 2290 615 2300 1310 1870 1470 1290 1120 1370 2960 1455 2660 1620 980 1245 990 970 1640 1355 1880 2925 1065 600 1425 1160 
1180 3070 5310 2610 4450 1560 3690 1760 2590 2750 5120 3240 6020 4530 1870 3670 3860 5890 3110 3660 5390 2130 3970 2880 5950 4270 2110 4010 4820 2030 1590 410 2300 4450 5900 3140 4810 2780 4150 680 500 260 2150 4870 3670 6370 2790 2440 2010 2100 
2604 4200 1386 3969 1071 2261 1414 1596 1687 1806 3283 3101 2023 1344 1225 2387 3787 3199 4060 2821 1554 1946 1351 1834 2170 2506 2093 2660 1792 2835 3157 2611 1246 791 3213 3269 3052 3493 1288 2695 2023 2184 2261 1491 1925 2961 819 2044 1932 2849 
1370 3100 1755 2865 1855 1005 345 680 1960 2065 3290 1225 1755 905 725 2575 3260 3350 3105 930 1525 620 2035 2110 1570 2740 710 2780 910 2395 1755 1745 1600 1425 3355 1390 3120 1695 675 1645 1495 1435 2160 1080 2325 3220 1475 565 1945 1285 
1616 4600 4720 4160 4704 1312 2416 1792 4168 4336 6368 80 4672 3320 2240 5168 5600 6736 4792 792 4336 1288 4776 4432 4272 5560 1136 5480 3160 4128 1840 2600 3688 4152 6744 336 6104 1048 2960 2224 2704 2368 4120 3584 4952 6768 3744 1144 3888 896 
2928 4792 1616 4528 1288 2528 1552 1768 1952 2096 3800 3480 2312 1496 1344 2776 4352 3720 4632 3160 1776 2160 1608 2128 2464 2912 2336 3088 2000 3248 3560 2952 1440 936 3736 3672 3536 3936 1424 3040 2288 2464 2600 1672 2248 3456 968 2272 2216 3192 
4390 1620 7190 1930 5780 4890 6670 4950 3200 3130 3750 6510 8340 7210 4810 3090 970 5100 1040 6990 7670 5430 4790 3170 8540 3640 5440 3090 7690 1460 4350 3150 3690 6430 5090 6340 3620 5750 6940 3640 3280 3550 2230 7500 3730 6260 4360 5750 2700 5310 
2922 636 5184 972 4380 3306 4626 3498 2832 2802 3210 4152 5814 5046 3504 2844 1476 4038 600 4542 5412 3714 3816 2844 5880 3174 3684 2844 5286 1662 2730 2256 3060 4704 4026 3990 3144 3534 4854 2472 2532 2598 2220 5232 3210 4746 3474 3888 2478 3420 
3136 5348 1547 5054 2198 2646 770 2079 3157 3290 4760 2891 1225 161 1932 3885 5222 4564 5285 2331 994 2121 2758 3318 945 3990 2254 4158 322 4151 3689 3521 2681 1365 4578 3150 4536 3626 336 3458 3052 3066 3661 280 3416 4116 2303 2051 3325 3059 
2634 2628 2544 2592 1614 2640 2856 2298 474 348 1182 3666 3336 2916 2016 294 1662 1554 2370 3672 2946 2688 978 276 3576 576 2772 546 3294 1368 2940 2118 876 2160 1554 3690 978 3606 2850 2388 1704 1992 822 3036 324 1974 1080 2862 780 3120 
4383 6831 999 6507 1944 3816 1701 2988 3609 3744 5400 4446 1152 810 2646 4401 6327 5013 6669 3825 567 3222 2781 3762 1359 4428 3411 4725 1395 5112 5121 4653 3069 846 5031 4752 5121 5256 1125 4671 3942 4077 4383 729 3735 4338 2493 3222 3951 4464 
3984 3944 3320 3928 2048 3960 4048 3456 1080 936 1248 5304 4432 4024 3056 448 2480 1576 3576 5272 3936 3976 1176 832 4816 360 4096 624 4552 2296 4408 3320 1536 2888 1576 5360 984 5280 3984 3672 2760 3144 1592 4152 304 2160 1664 4200 1544 4616 
2466 5841 5346 5346 5508 2043 2682 2421 5157 5346 7641 585 5130 3654 2889 6291 6912 7974 6048 567 4824 1836 5697 5454 4608 6705 1710 6651 3375 5256 2736 3564 4581 4779 7983 918 7335 1764 3276 3150 3609 3258 5184 3924 5994 7911 4572 1593 4896 1674 
6580 8110 1690 7920 1530 6140 4480 5200 3970 3990 4560 7310 2990 3670 4650 4110 6640 3580 7750 6790 2670 5690 2300 3930 3780 3780 5910 4310 4310 5970 7350 6360 3800 2080 3600 7570 4360 7910 3950 6600 5490 5840 5000 3560 3370 2370 3200 5810 4640 6980 
