12 30 60
80 80 80 80 80 80 80 80 80 80 80 80 
16 17 26 13 18 24 15 9 26 7 17 18 7 9 19 24 11 20 7 12 8 25 17 12 19 15 25 14 16 7 21 12 16 21 14 24 24 15 22 16 10 22 18 10 9 21 15 19 18 9 11 12 15 15 22 18 17 11 8 22 
222 380 823 313 261 126 446 299 419 144 320 192 459 411 508 666 251 391 441 162 672 218 737 403 537 477 227 625 497 796 
106 291 745 239 48 285 155 212 202 164 455 117 640 581 203 439 492 459 332 387 543 198 655 608 335 177 82 388 190 719 
172 385 849 206 189 184 351 192 382 73 396 112 553 502 432 634 354 451 444 257 678 218 760 502 511 384 146 588 416 822 
255 83 464 515 276 330 378 488 96 351 353 330 524 468 290 240 476 293 67 401 264 218 374 523 108 373 314 210 312 438 
56 289 756 220 37 215 227 194 242 84 403 38 584 526 283 492 421 423 340 316 566 154 666 546 376 253 13 444 270 729 
533 495 684 651 500 690 393 630 361 621 764 576 937 882 262 251 872 705 469 781 481 568 618 935 323 357 543 233 288 666 
442 433 690 553 406 606 297 532 288 527 697 482 876 819 165 253 794 648 417 701 477 486 616 869 284 261 448 217 190 670 
508 491 713 611 471 671 352 591 350 592 758 547 935 878 228 276 858 705 471 765 505 551 644 929 330 315 513 249 250 694 
148 347 799 194 88 321 123 169 251 179 502 132 685 627 213 479 526 511 387 421 594 246 709 650 383 154 99 427 191 773 
322 140 435 594 374 264 542 569 294 381 159 387 311 258 489 425 314 78 159 278 321 228 353 319 308 547 392 410 504 409 
562 340 237 837 609 507 752 812 474 628 339 631 373 351 666 479 496 244 312 499 267 472 190 422 415 749 632 492 690 218 
264 356 765 411 317 97 515 396 431 217 230 261 358 312 554 664 150 315 415 64 636 219 683 301 532 542 292 628 549 739 
3330 5700 12345 4695 3915 1890 6690 4485 6285 2160 4800 2880 6885 6165 7620 9990 3765 5865 6615 2430 10080 3270 11055 6045 8055 7155 3405 9375 7455 11940 
1166 3201 8195 2629 528 3135 1705 2332 2222 1804 5005 1287 7040 6391 2233 4829 5412 5049 3652 4257 5973 2178 7205 6688 3685 1947 902 4268 2090 7909 
2064 4620 10188 2472 2268 2208 4212 2304 4584 876 4752 1344 6636 6024 5184 7608 4248 5412 5328 3084 8136 2616 9120 6024 6132 4608 1752 7056 4992 9864 
3570 1162 6496 7210 3864 4620 5292 6832 1344 4914 4942 4620 7336 6552 4060 3360 6664 4102 938 5614 3696 3052 5236 7322 1512 5222 4396 2940 4368 6132 
672 3468 9072 2640 444 2580 2724 2328 2904 1008 4836 456 7008 6312 3396 5904 5052 5076 4080 3792 6792 1848 7992 6552 4512 3036 156 5328 3240 8748 
5330 4950 6840 6510 5000 6900 3930 6300 3610 6210 7640 5760 9370 8820 2620 2510 8720 7050 4690 7810 4810 5680 6180 9350 3230 3570 5430 2330 2880 6660 
6188 6062 9660 7742 5684 8484 4158 7448 4032 7378 9758 6748 12264 11466 2310 3542 11116 9072 5838 9814 6678 6804 8624 12166 3976 3654 6272 3038 2660 9380 
6096 5892 8556 7332 5652 8052 4224 7092 4200 7104 9096 6564 11220 10536 2736 3312 10296 8460 5652 9180 6060 6612 7728 11148 3960 3780 6156 2988 3000 8328 
1480 3470 7990 1940 880 3210 1230 1690 2510 1790 5020 1320 6850 6270 2130 4790 5260 5110 3870 4210 5940 2460 7090 6500 3830 1540 990 4270 1910 7730 
3542 1540 4785 6534 4114 2904 5962 6259 3234 4191 1749 4257 3421 2838 5379 4675 3454 858 1749 3058 3531 2508 3883 3509 3388 6017 4312 4510 5544 4499 
7306 4420 3081 10881 7917 6591 9776 10556 6162 8164 4407 8203 4849 4563 8658 6227 6448 3172 4056 6487 3471 6136 2470 5486 5395 9737 8216 6396 8970 2834 
3696 4984 10710 5754 4438 1358 7210 5544 6034 3038 3220 3654 5012 4368 7756 9296 2100 4410 5810 896 8904 3066 9562 4214 7448 7588 4088 8792 7686 10346 
588 348 784 587 188 408 249 550 614 161 506 116 369 226 78 331 451 524 273 201 366 298 512 526 114 693 466 200 292 287 235 242 241 512 507 419 425 204 312 114 131 666 427 372 533 403 321 414 156 159 129 92 141 545 91 234 239 405 250 275 
364 153 549 362 241 178 407 331 409 392 476 281 137 457 163 135 302 411 310 381 264 371 277 519 257 460 322 433 99 282 160 470 467 372 337 311 428 424 259 236 146 436 259 350 327 215 375 271 379 362 160 262 375 344 271 283 216 279 476 229 
217 409 82 207 650 299 829 218 255 857 685 730 337 922 631 399 424 515 696 820 506 739 191 746 713 57 474 899 430 648 536 931 928 493 377 503 702 882 594 681 603 100 392 663 269 393 725 472 846 815 606 716 844 285 726 668 586 504 936 569 
863 621 1054 863 364 676 249 806 859 118 622 259 638 56 353 587 669 707 463 210 568 381 784 614 320 960 719 75 551 500 464 63 67 759 732 614 529 113 543 306 399 930 659 574 781 673 412 670 184 179 372 265 154 788 254 381 438 654 67 471 
634 399 815 632 160 437 189 569 627 120 473 64 399 185 132 350 450 510 332 140 356 251 546 486 170 722 525 163 313 348 236 196 194 571 509 407 387 152 372 85 189 692 432 433 547 456 276 472 165 100 135 46 133 557 39 199 224 464 203 260 
534 292 779 537 352 434 427 592 674 294 665 296 395 350 154 398 554 649 93 376 490 475 511 692 69 701 344 321 359 120 357 374 374 381 597 543 591 353 163 287 125 685 517 200 591 328 495 299 199 328 267 272 228 609 271 402 384 279 384 416 
774 562 904 770 183 539 13 633 665 200 365 149 508 213 319 433 460 470 534 68 355 129 654 355 371 804 709 219 408 549 296 196 192 757 525 391 273 154 570 183 378 767 464 634 597 623 159 655 321 123 254 175 274 597 172 166 246 651 192 269 
838 596 1027 837 338 650 229 779 832 91 601 233 611 30 327 561 644 682 445 187 543 360 758 595 298 934 696 49 524 480 438 45 49 737 706 589 509 89 522 279 374 903 633 556 754 649 391 647 166 154 345 238 132 762 228 356 412 632 52 445 
495 307 627 490 99 257 278 367 418 325 339 182 225 385 182 153 242 319 408 267 159 218 371 375 293 530 475 367 125 396 26 388 385 525 300 212 279 337 389 135 214 496 222 475 340 368 220 424 364 268 79 175 341 348 186 132 62 430 392 84 
655 409 868 655 278 497 289 644 711 132 593 184 457 186 156 427 551 622 253 234 464 370 595 607 99 780 498 157 387 284 335 210 210 538 606 517 508 192 324 202 188 756 526 362 629 457 397 449 60 181 229 166 66 642 160 320 336 433 220 372 
366 174 641 371 472 369 597 522 614 496 744 458 342 556 288 390 561 677 155 553 534 606 402 785 271 581 134 527 363 104 423 578 578 168 584 580 690 551 49 430 229 577 513 103 540 169 618 99 411 512 376 432 437 563 436 521 472 71 588 492 
657 414 859 657 236 483 242 624 688 100 549 137 443 162 148 405 519 584 290 188 428 323 586 561 128 768 518 134 366 316 303 183 182 561 576 480 463 155 351 160 192 741 498 397 606 467 350 468 90 135 198 122 66 618 115 276 298 454 192 334 
393 312 679 402 658 500 782 633 726 671 919 644 483 728 474 548 714 834 295 737 703 792 494 963 444 644 147 699 528 258 602 752 752 116 726 745 870 728 224 617 415 653 664 185 662 271 803 182 573 695 562 618 606 687 622 707 653 164 762 671 
374 261 661 382 599 454 724 593 687 616 863 585 434 673 415 496 664 783 244 679 648 734 458 906 389 618 114 644 474 203 545 697 697 103 679 691 813 672 166 558 357 624 614 140 620 227 745 135 521 637 503 560 551 645 563 648 596 112 707 614 
685 504 782 680 117 435 151 506 528 307 234 183 410 340 316 327 320 323 553 182 218 24 548 240 404 682 668 338 311 555 199 329 325 718 385 247 143 280 561 177 369 641 332 639 465 565 30 616 405 223 213 202 364 463 207 68 140 619 327 146 
487 421 492 479 309 245 461 219 215 565 249 417 252 617 426 188 19 102 626 474 105 339 321 309 538 394 592 605 218 601 225 615 612 638 69 71 267 563 575 375 443 349 70 666 169 466 317 551 616 494 331 417 591 157 428 298 236 570 617 202 
522 333 802 529 548 523 633 680 770 492 849 502 492 540 347 527 697 806 112 582 653 676 564 882 275 743 268 511 495 114 529 566 567 280 727 704 782 552 142 489 298 740 652 59 693 331 694 253 378 533 456 477 417 716 477 599 567 221 576 595 
271 80 540 276 446 276 594 424 516 524 688 457 253 588 292 315 482 602 241 557 470 580 300 734 314 478 107 560 295 191 376 607 606 157 498 511 643 572 134 420 236 475 432 205 445 67 587 55 460 524 354 433 477 469 439 492 431 69 616 445 
333 162 496 329 259 120 434 271 348 440 453 319 80 505 220 82 253 368 365 415 233 380 226 501 317 404 338 482 58 334 158 515 513 386 283 275 415 467 305 271 207 379 207 396 266 218 379 290 437 403 194 302 429 284 312 294 217 305 521 221 
527 303 792 531 450 476 529 636 723 388 758 398 441 438 249 461 626 729 16 477 572 575 536 787 170 723 299 409 425 64 442 464 464 326 663 624 687 448 122 388 207 713 584 112 643 321 594 266 279 428 361 373 315 663 373 501 476 238 474 505 
270 303 287 260 438 118 615 45 138 661 479 525 157 724 453 191 214 321 577 610 288 520 105 538 551 187 441 704 228 537 324 730 727 478 180 289 487 679 493 476 439 152 176 578 80 322 506 414 670 611 406 514 659 106 525 451 370 442 734 351 
499 255 713 499 236 346 340 499 573 256 544 202 306 321 35 290 437 529 202 296 369 365 440 573 90 627 367 293 250 203 235 339 338 413 485 422 472 303 218 179 33 605 404 288 491 307 382 315 215 258 146 176 218 506 179 287 262 306 347 293 
179 328 170 168 562 209 740 152 216 766 617 639 246 831 541 310 353 454 616 730 427 654 102 677 625 91 416 809 340 570 447 840 838 441 313 428 626 791 517 590 514 95 315 592 205 320 641 406 757 725 516 625 754 225 636 581 499 437 845 483 
444 326 731 452 639 521 751 663 756 628 916 614 499 682 447 556 726 844 245 704 704 773 529 956 403 689 185 653 532 216 594 707 707 169 744 749 860 687 196 592 390 695 677 134 688 296 786 203 524 659 543 589 559 713 591 689 642 177 717 664 
431 309 512 424 217 173 391 241 284 460 310 315 160 518 297 75 117 222 494 391 88 295 280 362 409 412 484 502 92 471 110 521 517 533 167 125 287 468 448 268 311 374 87 539 208 361 283 439 496 399 211 310 475 213 321 226 146 454 523 125 
771 567 890 767 177 530 49 616 644 235 329 167 501 250 335 423 437 440 556 102 333 98 645 318 395 790 719 256 400 569 287 233 229 767 502 365 237 192 586 193 393 751 445 654 578 628 127 665 354 156 259 193 308 577 192 151 233 663 229 252 
658 418 849 657 205 472 209 609 669 91 515 103 433 157 148 389 494 555 316 156 401 288 578 527 153 757 532 131 351 339 279 173 172 576 553 452 428 137 370 130 199 729 475 422 588 473 315 480 121 105 177 90 88 598 82 243 270 469 181 306 
503 410 532 495 258 250 408 256 264 514 225 366 249 566 385 173 54 119 594 422 53 288 341 282 498 433 584 554 195 573 181 563 560 631 119 30 228 511 551 325 407 389 84 642 208 459 267 540 569 442 286 368 542 201 378 245 185 556 564 151 
710 521 813 705 127 462 119 538 562 283 259 171 435 313 318 354 354 357 552 155 251 18 576 259 398 713 682 312 336 557 222 300 296 731 418 281 167 253 566 174 373 673 364 642 498 582 49 629 388 199 222 193 345 496 196 85 164 630 298 176 
199 383 108 189 625 273 803 199 243 830 667 703 310 895 604 373 404 498 671 794 484 715 164 727 686 58 454 873 403 623 510 904 902 474 359 482 681 855 569 654 576 92 370 640 251 369 701 450 819 789 580 689 817 267 700 643 561 482 910 544 
2940 1740 3920 2935 940 2040 1245 2750 3070 805 2530 580 1845 1130 390 1655 2255 2620 1365 1005 1830 1490 2560 2630 570 3465 2330 1000 1460 1435 1175 1210 1205 2560 2535 2095 2125 1020 1560 570 655 3330 2135 1860 2665 2015 1605 2070 780 795 645 460 705 2725 455 1170 1195 2025 1250 1375 
1820 765 2745 1810 1205 890 2035 1655 2045 1960 2380 1405 685 2285 815 675 1510 2055 1550 1905 1320 1855 1385 2595 1285 2300 1610 2165 495 1410 800 2350 2335 1860 1685 1555 2140 2120 1295 1180 730 2180 1295 1750 1635 1075 1875 1355 1895 1810 800 1310 1875 1720 1355 1415 1080 1395 2380 1145 
1736 3272 656 1656 5200 2392 6632 1744 2040 6856 5480 5840 2696 7376 5048 3192 3392 4120 5568 6560 4048 5912 1528 5968 5704 456 3792 7192 3440 5184 4288 7448 7424 3944 3016 4024 5616 7056 4752 5448 4824 800 3136 5304 2152 3144 5800 3776 6768 6520 4848 5728 6752 2280 5808 5344 4688 4032 7488 4552 
5178 3726 6324 5178 2184 4056 1494 4836 5154 708 3732 1554 3828 336 2118 3522 4014 4242 2778 1260 3408 2286 4704 3684 1920 5760 4314 450 3306 3000 2784 378 402 4554 4392 3684 3174 678 3258 1836 2394 5580 3954 3444 4686 4038 2472 4020 1104 1074 2232 1590 924 4728 1524 2286 2628 3924 402 2826 
5072 3192 6520 5056 1280 3496 1512 4552 5016 960 3784 512 3192 1480 1056 2800 3600 4080 2656 1120 2848 2008 4368 3888 1360 5776 4200 1304 2504 2784 1888 1568 1552 4568 4072 3256 3096 1216 2976 680 1512 5536 3456 3464 4376 3648 2208 3776 1320 800 1080 368 1064 4456 312 1592 1792 3712 1624 2080 
2670 1460 3895 2685 1760 2170 2135 2960 3370 1470 3325 1480 1975 1750 770 1990 2770 3245 465 1880 2450 2375 2555 3460 345 3505 1720 1605 1795 600 1785 1870 1870 1905 2985 2715 2955 1765 815 1435 625 3425 2585 1000 2955 1640 2475 1495 995 1640 1335 1360 1140 3045 1355 2010 1920 1395 1920 2080 
4644 3372 5424 4620 1098 3234 78 3798 3990 1200 2190 894 3048 1278 1914 2598 2760 2820 3204 408 2130 774 3924 2130 2226 4824 4254 1314 2448 3294 1776 1176 1152 4542 3150 2346 1638 924 3420 1098 2268 4602 2784 3804 3582 3738 954 3930 1926 738 1524 1050 1644 3582 1032 996 1476 3906 1152 1614 
5028 3576 6162 5022 2028 3900 1374 4674 4992 546 3606 1398 3666 180 1962 3366 3864 4092 2670 1122 3258 2160 4548 3570 1788 5604 4176 294 3144 2880 2628 270 294 4422 4236 3534 3054 534 3132 1674 2244 5418 3798 3336 4524 3894 2346 3882 996 924 2070 1428 792 4572 1368 2136 2472 3792 312 2670 
3465 2149 4389 3430 693 1799 1946 2569 2926 2275 2373 1274 1575 2695 1274 1071 1694 2233 2856 1869 1113 1526 2597 2625 2051 3710 3325 2569 875 2772 182 2716 2695 3675 2100 1484 1953 2359 2723 945 1498 3472 1554 3325 2380 2576 1540 2968 2548 1876 553 1225 2387 2436 1302 924 434 3010 2744 588 
3275 2045 4340 3275 1390 2485 1445 3220 3555 660 2965 920 2285 930 780 2135 2755 3110 1265 1170 2320 1850 2975 3035 495 3900 2490 785 1935 1420 1675 1050 1050 2690 3030 2585 2540 960 1620 1010 940 3780 2630 1810 3145 2285 1985 2245 300 905 1145 830 330 3210 800 1600 1680 2165 1100 1860 
2196 1044 3846 2226 2832 2214 3582 3132 3684 2976 4464 2748 2052 3336 1728 2340 3366 4062 930 3318 3204 3636 2412 4710 1626 3486 804 3162 2178 624 2538 3468 3468 1008 3504 3480 4140 3306 294 2580 1374 3462 3078 618 3240 1014 3708 594 2466 3072 2256 2592 2622 3378 2616 3126 2832 426 3528 2952 
3285 2070 4295 3285 1180 2415 1210 3120 3440 500 2745 685 2215 810 740 2025 2595 2920 1450 940 2140 1615 2930 2805 640 3840 2590 670 1830 1580 1515 915 910 2805 2880 2400 2315 775 1755 800 960 3705 2490 1985 3030 2335 1750 2340 450 675 990 610 330 3090 575 1380 1490 2270 960 1670 
2751 2184 4753 2814 4606 3500 5474 4431 5082 4697 6433 4508 3381 5096 3318 3836 4998 5838 2065 5159 4921 5544 3458 6741 3108 4508 1029 4893 3696 1806 4214 5264 5264 812 5082 5215 6090 5096 1568 4319 2905 4571 4648 1295 4634 1897 5621 1274 4011 4865 3934 4326 4242 4809 4354 4949 4571 1148 5334 4697 
2992 2088 5288 3056 4792 3632 5792 4744 5496 4928 6904 4680 3472 5384 3320 3968 5312 6264 1952 5432 5184 5872 3664 7248 3112 4944 912 5152 3792 1624 4360 5576 5576 824 5432 5528 6504 5376 1328 4464 2856 4992 4912 1120 4960 1816 5960 1080 4168 5096 4024 4480 4408 5160 4504 5184 4768 896 5656 4912 
6165 4536 7038 6120 1053 3915 1359 4554 4752 2763 2106 1647 3690 3060 2844 2943 2880 2907 4977 1638 1962 216 4932 2160 3636 6138 6012 3042 2799 4995 1791 2961 2925 6462 3465 2223 1287 2520 5049 1593 3321 5769 2988 5751 4185 5085 270 5544 3645 2007 1917 1818 3276 4167 1863 612 1260 5571 2943 1314 
2435 2105 2460 2395 1545 1225 2305 1095 1075 2825 1245 2085 1260 3085 2130 940 95 510 3130 2370 525 1695 1605 1545 2690 1970 2960 3025 1090 3005 1125 3075 3060 3190 345 355 1335 2815 2875 1875 2215 1745 350 3330 845 2330 1585 2755 3080 2470 1655 2085 2955 785 2140 1490 1180 2850 3085 1010 
4176 2664 6416 4232 4384 4184 5064 5440 6160 3936 6792 4016 3936 4320 2776 4216 5576 6448 896 4656 5224 5408 4512 7056 2200 5944 2144 4088 3960 912 4232 4528 4536 2240 5816 5632 6256 4416 1136 3912 2384 5920 5216 472 5544 2648 5552 2024 3024 4264 3648 3816 3336 5728 3816 4792 4536 1768 4608 4760 
1355 400 2700 1380 2230 1380 2970 2120 2580 2620 3440 2285 1265 2940 1460 1575 2410 3010 1205 2785 2350 2900 1500 3670 1570 2390 535 2800 1475 955 1880 3035 3030 785 2490 2555 3215 2860 670 2100 1180 2375 2160 1025 2225 335 2935 275 2300 2620 1770 2165 2385 2345 2195 2460 2155 345 3080 2225 
2664 1296 3968 2632 2072 960 3472 2168 2784 3520 3624 2552 640 4040 1760 656 2024 2944 2920 3320 1864 3040 1808 4008 2536 3232 2704 3856 464 2672 1264 4120 4104 3088 2264 2200 3320 3736 2440 2168 1656 3032 1656 3168 2128 1744 3032 2320 3496 3224 1552 2416 3432 2272 2496 2352 1736 2440 4168 1768 
5270 3030 7920 5310 4500 4760 5290 6360 7230 3880 7580 3980 4410 4380 2490 4610 6260 7290 160 4770 5720 5750 5360 7870 1700 7230 2990 4090 4250 640 4420 4640 4640 3260 6630 6240 6870 4480 1220 3880 2070 7130 5840 1120 6430 3210 5940 2660 2790 4280 3610 3730 3150 6630 3730 5010 4760 2380 4740 5050 
2160 2424 2296 2080 3504 944 4920 360 1104 5288 3832 4200 1256 5792 3624 1528 1712 2568 4616 4880 2304 4160 840 4304 4408 1496 3528 5632 1824 4296 2592 5840 5816 3824 1440 2312 3896 5432 3944 3808 3512 1216 1408 4624 640 2576 4048 3312 5360 4888 3248 4112 5272 848 4200 3608 2960 3536 5872 2808 
3992 2040 5704 3992 1888 2768 2720 3992 4584 2048 4352 1616 2448 2568 280 2320 3496 4232 1616 2368 2952 2920 3520 4584 720 5016 2936 2344 2000 1624 1880 2712 2704 3304 3880 3376 3776 2424 1744 1432 264 4840 3232 2304 3928 2456 3056 2520 1720 2064 1168 1408 1744 4048 1432 2296 2096 2448 2776 2344 
1253 2296 1190 1176 3934 1463 5180 1064 1512 5362 4319 4473 1722 5817 3787 2170 2471 3178 4312 5110 2989 4578 714 4739 4375 637 2912 5663 2380 3990 3129 5880 5866 3087 2191 2996 4382 5537 3619 4130 3598 665 2205 4144 1435 2240 4487 2842 5299 5075 3612 4375 5278 1575 4452 4067 3493 3059 5915 3381 
2220 1630 3655 2260 3195 2605 3755 3315 3780 3140 4580 3070 2495 3410 2235 2780 3630 4220 1225 3520 3520 3865 2645 4780 2015 3445 925 3265 2660 1080 2970 3535 3535 845 3720 3745 4300 3435 980 2960 1950 3475 3385 670 3440 1480 3930 1015 2620 3295 2715 2945 2795 3565 2955 3445 3210 885 3585 3320 
4310 3090 5120 4240 2170 1730 3910 2410 2840 4600 3100 3150 1600 5180 2970 750 1170 2220 4940 3910 880 2950 2800 3620 4090 4120 4840 5020 920 4710 1100 5210 5170 5330 1670 1250 2870 4680 4480 2680 3110 3740 870 5390 2080 3610 2830 4390 4960 3990 2110 3100 4750 2130 3210 2260 1460 4540 5230 1250 
4626 3402 5340 4602 1062 3180 294 3696 3864 1410 1974 1002 3006 1500 2010 2538 2622 2640 3336 612 1998 588 3870 1908 2370 4740 4314 1536 2400 3414 1722 1398 1374 4602 3012 2190 1422 1152 3516 1158 2358 4506 2670 3924 3468 3768 762 3990 2124 936 1554 1158 1848 3462 1152 906 1398 3978 1374 1512 
5922 3762 7641 5913 1845 4248 1881 5481 6021 819 4635 927 3897 1413 1332 3501 4446 4995 2844 1404 3609 2592 5202 4743 1377 6813 4788 1179 3159 3051 2511 1557 1548 5184 4977 4068 3852 1233 3330 1170 1791 6561 4275 3798 5292 4257 2835 4320 1089 945 1593 810 792 5382 738 2187 2430 4221 1629 2754 
4024 3280 4256 3960 2064 2000 3264 2048 2112 4112 1800 2928 1992 4528 3080 1384 432 952 4752 3376 424 2304 2728 2256 3984 3464 4672 4432 1560 4584 1448 4504 4480 5048 952 240 1824 4088 4408 2600 3256 3112 672 5136 1664 3672 2136 4320 4552 3536 2288 2944 4336 1608 3024 1960 1480 4448 4512 1208 
4260 3126 4878 4230 762 2772 714 3228 3372 1698 1554 1026 2610 1878 1908 2124 2124 2142 3312 930 1506 108 3456 1554 2388 4278 4092 1872 2016 3342 1332 1800 1776 4386 2508 1686 1002 1518 3396 1044 2238 4038 2184 3852 2988 3492 294 3774 2328 1194 1332 1158 2070 2976 1176 510 984 3780 1788 1056 
1194 2298 648 1134 3750 1638 4818 1194 1458 4980 4002 4218 1860 5370 3624 2238 2424 2988 4026 4764 2904 4290 984 4362 4116 348 2724 5238 2418 3738 3060 5424 5412 2844 2154 2892 4086 5130 3414 3924 3456 552 2220 3840 1506 2214 4206 2700 4914 4734 3480 4134 4902 1602 4200 3858 3366 2892 5460 3264 
