4 8 20
80 80 80 80 
24 23 14 6 22 11 7 11 19 15 13 6 22 17 6 25 18 21 25 15 
333 271 369 402 618 509 505 697 
113 428 135 547 307 389 156 352 
90 530 73 525 209 305 121 286 
267 466 277 707 340 523 151 311 
4995 4065 5535 6030 9270 7635 7575 10455 
1469 5564 1755 7111 3991 5057 2028 4576 
990 5830 803 5775 2299 3355 1331 3146 
3471 6058 3601 9191 4420 6799 1963 4043 
282 396 443 301 251 334 114 415 330 327 417 249 316 43 40 323 136 209 205 268 
614 849 917 610 673 558 501 85 473 335 894 238 184 466 513 755 595 579 624 708 
270 365 406 302 222 335 113 454 351 353 378 287 353 65 30 298 103 195 189 235 
721 410 534 151 650 781 560 589 201 722 652 556 612 488 421 321 533 646 297 642 
204 364 321 489 79 323 233 682 586 478 187 497 554 278 274 367 149 180 341 34 
464 120 211 222 357 560 355 651 379 607 302 517 585 319 241 50 271 398 107 333 
76 489 482 496 113 158 96 527 535 289 376 338 385 172 224 452 131 10 370 156 
152 514 458 625 128 252 284 724 701 460 296 534 578 353 379 518 250 188 481 136 
1974 2772 3101 2107 1757 2338 798 2905 2310 2289 2919 1743 2212 301 280 2261 952 1463 1435 1876 
6140 8490 9170 6100 6730 5580 5010 850 4730 3350 8940 2380 1840 4660 5130 7550 5950 5790 6240 7080 
1620 2190 2436 1812 1332 2010 678 2724 2106 2118 2268 1722 2118 390 180 1788 618 1170 1134 1410 
5047 2870 3738 1057 4550 5467 3920 4123 1407 5054 4564 3892 4284 3416 2947 2247 3731 4522 2079 4494 
2040 3640 3210 4890 790 3230 2330 6820 5860 4780 1870 4970 5540 2780 2740 3670 1490 1800 3410 340 
4176 1080 1899 1998 3213 5040 3195 5859 3411 5463 2718 4653 5265 2871 2169 450 2439 3582 963 2997 
760 4890 4820 4960 1130 1580 960 5270 5350 2890 3760 3380 3850 1720 2240 4520 1310 100 3700 1560 
912 3084 2748 3750 768 1512 1704 4344 4206 2760 1776 3204 3468 2118 2274 3108 1500 1128 2886 816 
