8 16 32
80 80 80 80 80 80 80 80 
16 23 9 9 25 27 16 17 29 26 17 25 20 25 24 15 30 10 12 23 22 22 21 19 28 17 17 14 30 17 12 23 
355 440 883 855 221 529 706 634 543 742 163 315 123 372 397 587 
290 123 399 376 316 404 290 232 263 270 402 345 447 344 327 231 
238 159 542 515 150 319 448 304 342 401 202 167 281 192 189 349 
704 560 349 329 618 224 736 244 733 301 583 428 732 372 347 701 
472 306 220 200 491 428 354 170 407 114 555 459 624 437 412 355 
692 534 222 203 636 311 662 196 687 199 629 482 761 430 403 646 
143 102 580 560 269 552 224 425 87 460 403 420 367 445 439 106 
395 486 928 900 267 563 749 678 584 787 204 353 161 409 434 630 
4260 5280 10596 10260 2652 6348 8472 7608 6516 8904 1956 3780 1476 4464 4764 7044 
4060 1722 5586 5264 4424 5656 4060 3248 3682 3780 5628 4830 6258 4816 4578 3234 
2618 1749 5962 5665 1650 3509 4928 3344 3762 4411 2222 1837 3091 2112 2079 3839 
10560 8400 5235 4935 9270 3360 11040 3660 10995 4515 8745 6420 10980 5580 5205 10515 
5192 3366 2420 2200 5401 4708 3894 1870 4477 1254 6105 5049 6864 4807 4532 3905 
8996 6942 2886 2639 8268 4043 8606 2548 8931 2587 8177 6266 9893 5590 5239 8398 
1573 1122 6380 6160 2959 6072 2464 4675 957 5060 4433 4620 4037 4895 4829 1166 
5925 7290 13920 13500 4005 8445 11235 10170 8760 11805 3060 5295 2415 6135 6510 9450 
370 164 601 248 659 221 357 601 210 389 696 780 800 470 421 296 277 160 461 728 587 48 609 364 349 96 330 75 361 536 662 293 
361 250 561 236 534 62 205 464 310 448 583 617 711 304 266 145 112 244 407 656 420 208 450 221 372 92 296 232 310 369 582 180 
696 735 743 623 441 475 374 364 793 854 517 199 685 222 322 420 418 731 629 710 108 731 209 376 751 607 627 753 603 161 640 482 
667 708 715 608 417 450 346 338 766 826 493 193 662 202 294 393 394 704 600 685 93 707 183 361 722 583 598 729 574 134 614 454 
202 48 436 402 550 232 317 510 103 234 573 735 656 489 377 269 281 46 307 575 598 154 560 439 179 138 175 150 212 528 514 216 
305 481 256 679 122 392 276 136 514 470 139 413 267 426 254 318 370 480 184 242 462 568 282 529 374 466 273 575 233 376 163 272 
652 509 846 127 749 324 418 663 563 727 813 711 962 353 453 381 327 504 690 923 442 405 584 186 660 354 586 431 598 448 845 451 
440 503 502 518 269 277 141 179 558 601 342 284 508 169 78 200 225 500 376 503 203 529 112 308 497 403 373 546 347 115 425 239 
525 349 741 60 717 246 381 642 398 573 770 757 900 406 434 326 280 344 590 845 517 233 604 252 520 213 469 259 490 492 771 369 
559 595 625 524 362 340 233 274 652 714 439 244 608 114 182 280 283 591 500 616 82 597 135 283 612 472 488 618 466 23 540 341 
76 159 307 540 494 324 357 477 161 128 499 734 551 553 404 328 360 161 205 460 650 292 565 540 38 270 106 283 143 569 411 249 
97 271 234 560 340 289 257 324 298 265 350 587 425 457 286 253 301 271 82 348 538 379 423 489 163 303 57 379 18 452 284 168 
247 91 472 483 653 362 449 624 30 175 665 862 722 622 508 402 413 96 375 630 731 193 688 561 190 250 259 171 300 661 581 345 
151 324 224 582 282 301 240 268 354 319 294 536 380 435 257 250 302 323 73 312 506 424 376 487 218 337 113 427 72 419 242 172 
177 338 244 575 262 290 217 242 371 346 280 508 378 410 231 233 286 337 98 317 479 430 348 468 244 337 132 435 92 391 244 160 
546 390 751 59 695 236 357 616 444 610 753 710 891 353 404 307 257 385 597 842 460 286 563 192 548 239 484 312 500 444 766 364 
3700 1640 6010 2480 6590 2210 3570 6010 2100 3890 6960 7800 8000 4700 4210 2960 2770 1600 4610 7280 5870 480 6090 3640 3490 960 3300 750 3610 5360 6620 2930 
2888 2000 4488 1888 4272 496 1640 3712 2480 3584 4664 4936 5688 2432 2128 1160 896 1952 3256 5248 3360 1664 3600 1768 2976 736 2368 1856 2480 2952 4656 1440 
5568 5880 5944 4984 3528 3800 2992 2912 6344 6832 4136 1592 5480 1776 2576 3360 3344 5848 5032 5680 864 5848 1672 3008 6008 4856 5016 6024 4824 1288 5120 3856 
4002 4248 4290 3648 2502 2700 2076 2028 4596 4956 2958 1158 3972 1212 1764 2358 2364 4224 3600 4110 558 4242 1098 2166 4332 3498 3588 4374 3444 804 3684 2724 
2020 480 4360 4020 5500 2320 3170 5100 1030 2340 5730 7350 6560 4890 3770 2690 2810 460 3070 5750 5980 1540 5600 4390 1790 1380 1750 1500 2120 5280 5140 2160 
1830 2886 1536 4074 732 2352 1656 816 3084 2820 834 2478 1602 2556 1524 1908 2220 2880 1104 1452 2772 3408 1692 3174 2244 2796 1638 3450 1398 2256 978 1632 
6520 5090 8460 1270 7490 3240 4180 6630 5630 7270 8130 7110 9620 3530 4530 3810 3270 5040 6900 9230 4420 4050 5840 1860 6600 3540 5860 4310 5980 4480 8450 4510 
4400 5030 5020 5180 2690 2770 1410 1790 5580 6010 3420 2840 5080 1690 780 2000 2250 5000 3760 5030 2030 5290 1120 3080 4970 4030 3730 5460 3470 1150 4250 2390 
4725 3141 6669 540 6453 2214 3429 5778 3582 5157 6930 6813 8100 3654 3906 2934 2520 3096 5310 7605 4653 2097 5436 2268 4680 1917 4221 2331 4410 4428 6939 3321 
5590 5950 6250 5240 3620 3400 2330 2740 6520 7140 4390 2440 6080 1140 1820 2800 2830 5910 5000 6160 820 5970 1350 2830 6120 4720 4880 6180 4660 230 5400 3410 
532 1113 2149 3780 3458 2268 2499 3339 1127 896 3493 5138 3857 3871 2828 2296 2520 1127 1435 3220 4550 2044 3955 3780 266 1890 742 1981 1001 3983 2877 1743 
582 1626 1404 3360 2040 1734 1542 1944 1788 1590 2100 3522 2550 2742 1716 1518 1806 1626 492 2088 3228 2274 2538 2934 978 1818 342 2274 108 2712 1704 1008 
1235 455 2360 2415 3265 1810 2245 3120 150 875 3325 4310 3610 3110 2540 2010 2065 480 1875 3150 3655 965 3440 2805 950 1250 1295 855 1500 3305 2905 1725 
1057 2268 1568 4074 1974 2107 1680 1876 2478 2233 2058 3752 2660 3045 1799 1750 2114 2261 511 2184 3542 2968 2632 3409 1526 2359 791 2989 504 2933 1694 1204 
1770 3380 2440 5750 2620 2900 2170 2420 3710 3460 2800 5080 3780 4100 2310 2330 2860 3370 980 3170 4790 4300 3480 4680 2440 3370 1320 4350 920 3910 2440 1600 
3276 2340 4506 354 4170 1416 2142 3696 2664 3660 4518 4260 5346 2118 2424 1842 1542 2310 3582 5052 2760 1716 3378 1152 3288 1434 2904 1872 3000 2664 4596 2184 
