14 28 70
80 80 80 80 80 80 80 80 80 80 80 80 80 80 
21 26 16 13 11 18 13 18 12 16 25 19 22 24 15 8 14 27 17 21 7 7 9 12 18 20 21 12 20 14 16 8 21 13 21 9 15 27 22 20 12 24 23 17 18 15 13 18 24 7 11 19 11 16 7 7 27 14 11 11 21 20 15 19 15 9 15 16 10 7 
460 188 393 247 458 148 143 390 450 494 237 348 603 509 410 415 269 467 474 423 543 237 338 459 283 628 236 419 
117 360 41 640 825 341 337 87 386 279 372 195 943 604 405 790 180 253 368 102 754 503 520 496 370 562 307 128 
405 114 262 409 556 336 328 339 163 216 89 117 655 314 140 529 290 195 183 374 450 226 217 220 68 354 55 214 
476 120 384 222 420 208 202 403 383 444 164 309 556 429 339 380 292 419 411 439 469 161 259 382 212 554 178 392 
33 447 142 711 905 371 369 88 488 375 465 297 1029 706 508 868 211 351 469 60 852 591 617 599 468 662 400 228 
793 402 644 467 447 669 662 728 322 475 359 489 446 83 283 454 673 480 358 763 135 320 217 195 333 282 412 572 
680 553 683 443 614 361 366 630 814 845 600 691 768 853 774 570 518 815 837 650 836 567 678 818 647 991 598 742 
35 430 161 676 876 316 316 63 509 411 455 310 1006 715 521 837 166 384 495 31 848 572 610 611 464 691 391 259 
57 388 123 639 837 291 290 20 468 375 412 268 965 671 478 799 133 348 455 20 805 530 567 568 421 652 347 223 
793 364 653 350 315 613 606 723 378 530 332 504 327 172 325 322 648 527 419 760 63 246 176 258 324 395 395 596 
331 248 299 392 602 27 21 266 472 468 295 313 746 590 448 560 143 438 484 295 659 352 434 517 333 664 260 355 
150 302 33 580 766 289 285 91 357 271 318 157 885 564 368 731 135 242 345 122 705 446 469 459 320 542 252 121 
833 397 698 331 263 631 625 762 436 587 370 552 265 234 382 276 680 583 478 799 69 265 218 319 368 457 435 646 
454 105 361 244 440 198 192 381 368 424 152 287 574 427 327 401 271 399 395 417 477 168 260 375 199 543 160 369 
4600 1880 3930 2470 4580 1480 1430 3900 4500 4940 2370 3480 6030 5090 4100 4150 2690 4670 4740 4230 5430 2370 3380 4590 2830 6280 2360 4190 
1287 3960 451 7040 9075 3751 3707 957 4246 3069 4092 2145 10373 6644 4455 8690 1980 2783 4048 1122 8294 5533 5720 5456 4070 6182 3377 1408 
5265 1482 3406 5317 7228 4368 4264 4407 2119 2808 1157 1521 8515 4082 1820 6877 3770 2535 2379 4862 5850 2938 2821 2860 884 4602 715 2782 
4760 1200 3840 2220 4200 2080 2020 4030 3830 4440 1640 3090 5560 4290 3390 3800 2920 4190 4110 4390 4690 1610 2590 3820 2120 5540 1780 3920 
396 5364 1704 8532 10860 4452 4428 1056 5856 4500 5580 3564 12348 8472 6096 10416 2532 4212 5628 720 10224 7092 7404 7188 5616 7944 4800 2736 
11895 6030 9660 7005 6705 10035 9930 10920 4830 7125 5385 7335 6690 1245 4245 6810 10095 7200 5370 11445 2025 4800 3255 2925 4995 4230 6180 8580 
6800 5530 6830 4430 6140 3610 3660 6300 8140 8450 6000 6910 7680 8530 7740 5700 5180 8150 8370 6500 8360 5670 6780 8180 6470 9910 5980 7420 
350 4300 1610 6760 8760 3160 3160 630 5090 4110 4550 3100 10060 7150 5210 8370 1660 3840 4950 310 8480 5720 6100 6110 4640 6910 3910 2590 
570 3880 1230 6390 8370 2910 2900 200 4680 3750 4120 2680 9650 6710 4780 7990 1330 3480 4550 200 8050 5300 5670 5680 4210 6520 3470 2230 
7930 3640 6530 3500 3150 6130 6060 7230 3780 5300 3320 5040 3270 1720 3250 3220 6480 5270 4190 7600 630 2460 1760 2580 3240 3950 3950 5960 
4965 3720 4485 5880 9030 405 315 3990 7080 7020 4425 4695 11190 8850 6720 8400 2145 6570 7260 4425 9885 5280 6510 7755 4995 9960 3900 5325 
1950 3926 429 7540 9958 3757 3705 1183 4641 3523 4134 2041 11505 7332 4784 9503 1755 3146 4485 1586 9165 5798 6097 5967 4160 7046 3276 1573 
12495 5955 10470 4965 3945 9465 9375 11430 6540 8805 5550 8280 3975 3510 5730 4140 10200 8745 7170 11985 1035 3975 3270 4785 5520 6855 6525 9690 
4540 1050 3610 2440 4400 1980 1920 3810 3680 4240 1520 2870 5740 4270 3270 4010 2710 3990 3950 4170 4770 1680 2600 3750 1990 5430 1600 3690 
621 828 497 731 72 355 60 582 284 398 549 670 235 725 348 327 573 744 905 394 650 624 402 388 204 344 69 934 921 705 837 474 252 309 438 439 563 779 522 612 690 745 167 425 701 685 267 626 884 847 171 167 730 159 123 725 822 692 539 168 164 138 504 636 384 780 506 641 196 703 
523 432 131 331 392 359 421 207 303 124 427 333 323 336 138 340 179 365 477 378 394 304 346 325 390 373 420 493 489 355 416 84 195 364 361 131 207 339 80 351 271 321 382 43 329 249 203 211 450 408 381 368 318 349 385 406 396 404 97 367 329 322 139 426 319 355 169 237 261 426 
630 738 353 637 82 221 170 493 281 314 545 519 96 577 206 190 429 659 797 407 499 473 261 382 260 365 175 812 810 631 733 337 164 181 435 293 415 659 397 461 586 604 225 294 552 552 124 523 771 728 79 65 586 191 65 573 715 640 414 64 180 19 360 608 376 639 359 497 149 552 
449 133 375 34 663 658 660 115 459 299 381 495 622 430 439 641 356 68 225 448 604 494 640 403 572 478 655 300 246 99 152 344 449 665 399 412 411 184 253 569 62 342 583 342 452 265 499 94 223 225 673 660 375 563 669 562 148 202 243 659 547 601 377 298 401 358 411 357 500 611 
633 133 494 181 853 798 861 322 670 499 579 535 788 442 599 787 445 205 12 660 659 553 769 616 782 690 858 124 38 269 60 480 642 815 609 546 497 154 397 635 204 338 791 500 476 305 671 268 48 112 848 836 381 768 852 585 71 368 381 835 752 787 492 479 614 333 520 412 699 648 
311 513 395 427 342 495 294 284 68 148 222 601 394 605 307 466 449 425 617 111 647 569 511 66 181 104 288 676 638 375 545 350 178 473 117 370 475 528 330 603 408 576 199 292 599 493 293 351 609 590 402 388 581 189 374 673 537 347 343 387 181 309 404 292 59 608 429 505 174 686 
317 510 387 423 339 489 294 279 70 141 227 594 388 597 300 460 442 422 613 119 640 561 505 72 183 111 288 671 633 373 541 342 172 467 123 363 467 522 323 596 403 569 200 284 592 486 287 346 604 585 398 384 574 189 370 666 533 347 336 383 180 305 396 294 65 601 421 497 170 678 
573 756 430 658 63 326 66 510 227 325 496 611 200 660 282 295 506 672 832 345 600 566 367 333 171 298 70 861 847 635 764 405 178 284 384 374 499 706 450 561 616 676 133 354 638 614 204 552 811 774 157 148 663 109 113 669 749 626 466 148 107 87 438 576 328 711 443 574 124 652 
781 637 147 544 430 209 514 455 505 375 685 179 278 262 195 216 179 590 630 610 156 131 163 562 553 591 517 597 632 597 589 187 346 247 606 134 128 471 272 114 472 330 529 223 227 322 250 428 590 529 357 351 296 490 391 224 564 661 280 350 471 364 144 690 555 359 110 223 402 205 
802 749 260 651 323 56 422 537 482 409 708 329 160 416 204 71 317 691 762 602 268 282 16 562 498 572 427 741 767 685 714 281 320 100 612 213 274 605 372 239 583 481 467 286 381 463 204 530 725 667 231 230 449 429 273 362 690 731 384 229 413 270 262 737 555 511 236 371 355 324 
571 448 81 348 408 337 448 239 347 174 476 284 319 292 131 322 132 388 478 427 346 255 319 374 430 421 448 482 487 385 421 34 226 349 411 92 158 331 72 303 283 286 419 38 282 222 208 227 447 399 384 372 279 383 394 357 400 442 87 371 363 336 89 471 368 321 120 194 293 376 
647 642 203 541 238 162 314 411 329 261 553 364 118 422 71 137 278 573 679 447 355 318 170 407 359 419 317 681 689 558 622 196 166 157 457 142 260 532 273 314 480 455 332 171 396 410 53 420 648 599 188 178 434 293 208 421 601 592 289 176 275 168 210 588 400 489 204 345 210 405 
789 286 580 334 975 883 994 467 814 634 735 566 891 464 705 877 517 361 143 812 691 595 847 766 925 840 991 93 118 425 214 576 769 907 762 638 562 243 505 676 343 367 931 609 502 371 782 403 142 175 958 946 408 905 967 599 216 523 488 945 888 905 576 635 764 347 598 467 830 667 
836 536 228 467 647 447 714 446 643 465 745 69 508 36 369 454 162 522 479 718 191 110 399 665 720 715 716 413 472 555 462 266 509 486 696 277 152 330 289 181 397 139 704 327 13 194 447 385 433 367 586 579 96 667 615 108 436 646 282 578 647 576 219 711 659 152 208 113 575 170 
744 578 95 486 449 257 523 403 488 341 649 153 307 219 185 258 119 534 571 585 174 108 215 535 547 571 525 540 573 543 530 140 336 290 576 103 70 411 219 131 414 277 527 186 188 264 254 372 531 470 385 379 245 488 415 213 504 611 225 377 468 379 90 646 528 307 55 167 397 213 
589 93 472 136 817 774 822 280 628 459 533 530 757 442 570 761 428 159 58 615 652 544 747 571 740 646 818 161 83 224 19 454 605 789 564 521 482 146 368 625 166 338 750 470 473 294 639 230 77 124 816 803 380 727 818 584 43 324 353 802 712 752 471 435 569 338 500 401 660 645 
464 639 374 544 179 369 150 394 113 212 381 574 252 605 241 338 445 554 723 239 588 533 397 217 121 198 146 761 740 514 654 339 93 337 270 328 452 607 363 545 507 603 102 281 589 533 186 444 706 674 245 232 597 65 212 639 640 502 379 231 45 151 383 455 211 638 397 510 29 635 
772 731 247 632 297 57 395 514 451 381 678 337 135 419 178 57 309 670 749 571 286 289 45 531 468 540 400 732 755 663 699 264 289 89 582 196 270 593 353 254 565 478 437 264 385 454 173 510 713 657 209 207 448 399 250 375 675 706 366 206 383 242 250 709 524 509 227 367 324 341 
802 676 183 582 413 173 502 488 513 396 705 212 255 300 204 183 220 627 672 622 165 165 124 576 553 600 506 640 674 632 630 219 351 214 622 159 170 513 308 128 511 372 526 248 265 365 246 465 632 571 332 329 337 487 370 248 605 692 316 327 469 350 181 716 569 400 149 265 402 218 
591 791 466 694 63 344 45 545 250 360 518 644 221 695 318 315 542 706 868 364 629 598 388 355 179 315 53 898 884 668 800 441 215 300 406 409 534 743 487 591 653 713 141 391 673 651 238 589 847 811 166 160 699 127 119 701 785 656 504 160 130 114 474 602 351 747 477 610 159 682 
834 426 359 391 793 632 843 436 722 529 753 269 673 167 506 634 283 445 327 769 389 307 588 716 817 779 842 235 313 495 337 379 620 666 733 420 309 219 351 382 338 108 810 432 206 182 589 360 281 220 749 740 130 776 770 291 313 600 336 738 756 721 352 689 711 73 360 216 687 360 
552 319 175 224 536 471 562 160 416 223 463 307 457 266 269 458 156 271 339 461 406 298 447 408 516 470 560 350 349 285 284 151 335 485 429 219 210 196 66 369 153 212 513 170 276 127 343 111 309 264 520 508 226 483 527 379 262 365 50 507 464 466 176 425 403 242 209 173 400 420 
662 397 133 313 558 434 604 272 493 304 571 198 450 157 273 428 70 366 380 555 306 196 399 501 582 557 604 355 383 389 342 142 382 458 528 193 123 221 122 273 240 130 573 194 165 77 354 216 341 281 522 512 128 539 539 268 316 475 112 511 519 486 128 536 496 165 149 62 449 313 
794 566 146 482 540 336 612 426 563 400 699 64 397 135 271 342 113 534 536 652 137 29 289 600 630 642 614 489 534 554 505 192 418 373 637 181 68 378 247 104 409 213 611 249 101 227 343 380 492 428 475 469 175 573 505 132 479 634 246 467 553 470 137 683 593 238 114 120 481 153 
618 482 38 385 409 306 461 283 381 217 522 245 303 265 123 294 106 426 501 467 300 212 282 415 456 458 461 495 508 428 449 15 246 322 454 53 118 348 106 256 316 276 441 65 251 224 205 265 467 415 374 363 262 404 389 316 426 488 117 362 384 337 47 519 409 310 74 173 313 332 
963 743 309 663 607 341 698 606 700 560 867 161 446 259 390 361 294 715 699 802 45 153 288 753 747 785 702 636 694 736 677 356 541 388 795 320 244 545 424 87 590 361 722 405 222 398 442 561 654 588 520 518 318 683 561 126 650 814 425 517 664 546 302 859 746 375 270 294 596 58 
564 498 115 397 342 293 385 273 304 157 467 321 259 344 72 273 184 431 538 397 362 284 282 348 377 384 385 546 548 421 479 79 167 297 390 85 195 394 132 318 336 348 362 28 330 287 144 276 508 462 321 309 338 326 329 390 458 465 149 307 306 271 124 479 341 383 144 250 234 399 
693 734 297 632 173 124 270 498 353 334 603 438 21 506 166 93 370 662 775 479 405 390 161 446 352 442 275 777 785 643 717 293 205 92 499 236 346 628 369 369 574 547 319 266 477 505 105 513 745 695 97 90 524 283 129 486 696 668 385 88 268 118 302 652 439 580 293 436 220 460 
3726 4968 2982 4386 432 2130 360 3492 1704 2388 3294 4020 1410 4350 2088 1962 3438 4464 5430 2364 3900 3744 2412 2328 1224 2064 414 5604 5526 4230 5022 2844 1512 1854 2628 2634 3378 4674 3132 3672 4140 4470 1002 2550 4206 4110 1602 3756 5304 5082 1026 1002 4380 954 738 4350 4932 4152 3234 1008 984 828 3024 3816 2304 4680 3036 3846 1176 4218 
4707 3888 1179 2979 3528 3231 3789 1863 2727 1116 3843 2997 2907 3024 1242 3060 1611 3285 4293 3402 3546 2736 3114 2925 3510 3357 3780 4437 4401 3195 3744 756 1755 3276 3249 1179 1863 3051 720 3159 2439 2889 3438 387 2961 2241 1827 1899 4050 3672 3429 3312 2862 3141 3465 3654 3564 3636 873 3303 2961 2898 1251 3834 2871 3195 1521 2133 2349 3834 
5670 6642 3177 5733 738 1989 1530 4437 2529 2826 4905 4671 864 5193 1854 1710 3861 5931 7173 3663 4491 4257 2349 3438 2340 3285 1575 7308 7290 5679 6597 3033 1476 1629 3915 2637 3735 5931 3573 4149 5274 5436 2025 2646 4968 4968 1116 4707 6939 6552 711 585 5274 1719 585 5157 6435 5760 3726 576 1620 171 3240 5472 3384 5751 3231 4473 1341 4968 
4041 1197 3375 306 5967 5922 5940 1035 4131 2691 3429 4455 5598 3870 3951 5769 3204 612 2025 4032 5436 4446 5760 3627 5148 4302 5895 2700 2214 891 1368 3096 4041 5985 3591 3708 3699 1656 2277 5121 558 3078 5247 3078 4068 2385 4491 846 2007 2025 6057 5940 3375 5067 6021 5058 1332 1818 2187 5931 4923 5409 3393 2682 3609 3222 3699 3213 4500 5499 
4431 931 3458 1267 5971 5586 6027 2254 4690 3493 4053 3745 5516 3094 4193 5509 3115 1435 84 4620 4613 3871 5383 4312 5474 4830 6006 868 266 1883 420 3360 4494 5705 4263 3822 3479 1078 2779 4445 1428 2366 5537 3500 3332 2135 4697 1876 336 784 5936 5852 2667 5376 5964 4095 497 2576 2667 5845 5264 5509 3444 3353 4298 2331 3640 2884 4893 4536 
1866 3078 2370 2562 2052 2970 1764 1704 408 888 1332 3606 2364 3630 1842 2796 2694 2550 3702 666 3882 3414 3066 396 1086 624 1728 4056 3828 2250 3270 2100 1068 2838 702 2220 2850 3168 1980 3618 2448 3456 1194 1752 3594 2958 1758 2106 3654 3540 2412 2328 3486 1134 2244 4038 3222 2082 2058 2322 1086 1854 2424 1752 354 3648 2574 3030 1044 4116 
2219 3570 2709 2961 2373 3423 2058 1953 490 987 1589 4158 2716 4179 2100 3220 3094 2954 4291 833 4480 3927 3535 504 1281 777 2016 4697 4431 2611 3787 2394 1204 3269 861 2541 3269 3654 2261 4172 2821 3983 1400 1988 4144 3402 2009 2422 4228 4095 2786 2688 4018 1323 2590 4662 3731 2429 2352 2681 1260 2135 2772 2058 455 4207 2947 3479 1190 4746 
2865 3780 2150 3290 315 1630 330 2550 1135 1625 2480 3055 1000 3300 1410 1475 2530 3360 4160 1725 3000 2830 1835 1665 855 1490 350 4305 4235 3175 3820 2025 890 1420 1920 1870 2495 3530 2250 2805 3080 3380 665 1770 3190 3070 1020 2760 4055 3870 785 740 3315 545 565 3345 3745 3130 2330 740 535 435 2190 2880 1640 3555 2215 2870 620 3260 
7029 5733 1323 4896 3870 1881 4626 4095 4545 3375 6165 1611 2502 2358 1755 1944 1611 5310 5670 5490 1404 1179 1467 5058 4977 5319 4653 5373 5688 5373 5301 1683 3114 2223 5454 1206 1152 4239 2448 1026 4248 2970 4761 2007 2043 2898 2250 3852 5310 4761 3213 3159 2664 4410 3519 2016 5076 5949 2520 3150 4239 3276 1296 6210 4995 3231 990 2007 3618 1845 
4010 3745 1300 3255 1615 280 2110 2685 2410 2045 3540 1645 800 2080 1020 355 1585 3455 3810 3010 1340 1410 80 2810 2490 2860 2135 3705 3835 3425 3570 1405 1600 500 3060 1065 1370 3025 1860 1195 2915 2405 2335 1430 1905 2315 1020 2650 3625 3335 1155 1150 2245 2145 1365 1810 3450 3655 1920 1145 2065 1350 1310 3685 2775 2555 1180 1855 1775 1620 
5139 4032 729 3132 3672 3033 4032 2151 3123 1566 4284 2556 2871 2628 1179 2898 1188 3492 4302 3843 3114 2295 2871 3366 3870 3789 4032 4338 4383 3465 3789 306 2034 3141 3699 828 1422 2979 648 2727 2547 2574 3771 342 2538 1998 1872 2043 4023 3591 3456 3348 2511 3447 3546 3213 3600 3978 783 3339 3267 3024 801 4239 3312 2889 1080 1746 2637 3384 
5176 5136 1624 4328 1904 1296 2512 3288 2632 2088 4424 2912 944 3376 568 1096 2224 4584 5432 3576 2840 2544 1360 3256 2872 3352 2536 5448 5512 4464 4976 1568 1328 1256 3656 1136 2080 4256 2184 2512 3840 3640 2656 1368 3168 3280 424 3360 5184 4792 1504 1424 3472 2344 1664 3368 4808 4736 2312 1408 2200 1344 1680 4704 3200 3912 1632 2760 1680 3240 
6312 2288 4640 2672 7800 7064 7952 3736 6512 5072 5880 4528 7128 3712 5640 7016 4136 2888 1144 6496 5528 4760 6776 6128 7400 6720 7928 744 944 3400 1712 4608 6152 7256 6096 5104 4496 1944 4040 5408 2744 2936 7448 4872 4016 2968 6256 3224 1136 1400 7664 7568 3264 7240 7736 4792 1728 4184 3904 7560 7104 7240 4608 5080 6112 2776 4784 3736 6640 5336 
5016 3216 1368 2802 3882 2682 4284 2676 3858 2790 4470 414 3048 216 2214 2724 972 3132 2874 4308 1146 660 2394 3990 4320 4290 4296 2478 2832 3330 2772 1596 3054 2916 4176 1662 912 1980 1734 1086 2382 834 4224 1962 78 1164 2682 2310 2598 2202 3516 3474 576 4002 3690 648 2616 3876 1692 3468 3882 3456 1314 4266 3954 912 1248 678 3450 1020 
5952 4624 760 3888 3592 2056 4184 3224 3904 2728 5192 1224 2456 1752 1480 2064 952 4272 4568 4680 1392 864 1720 4280 4376 4568 4200 4320 4584 4344 4240 1120 2688 2320 4608 824 560 3288 1752 1048 3312 2216 4216 1488 1504 2112 2032 2976 4248 3760 3080 3032 1960 3904 3320 1704 4032 4888 1800 3016 3744 3032 720 5168 4224 2456 440 1336 3176 1704 
4123 651 3304 952 5719 5418 5754 1960 4396 3213 3731 3710 5299 3094 3990 5327 2996 1113 406 4305 4564 3808 5229 3997 5180 4522 5726 1127 581 1568 133 3178 4235 5523 3948 3647 3374 1022 2576 4375 1162 2366 5250 3290 3311 2058 4473 1610 539 868 5712 5621 2660 5089 5726 4088 301 2268 2471 5614 4984 5264 3297 3045 3983 2366 3500 2807 4620 4515 
4640 6390 3740 5440 1790 3690 1500 3940 1130 2120 3810 5740 2520 6050 2410 3380 4450 5540 7230 2390 5880 5330 3970 2170 1210 1980 1460 7610 7400 5140 6540 3390 930 3370 2700 3280 4520 6070 3630 5450 5070 6030 1020 2810 5890 5330 1860 4440 7060 6740 2450 2320 5970 650 2120 6390 6400 5020 3790 2310 450 1510 3830 4550 2110 6380 3970 5100 290 6350 
3860 3655 1235 3160 1485 285 1975 2570 2255 1905 3390 1685 675 2095 890 285 1545 3350 3745 2855 1430 1445 225 2655 2340 2700 2000 3660 3775 3315 3495 1320 1445 445 2910 980 1350 2965 1765 1270 2825 2390 2185 1320 1925 2270 865 2550 3565 3285 1045 1035 2240 1995 1250 1875 3375 3530 1830 1030 1915 1210 1250 3545 2620 2545 1135 1835 1620 1705 
4812 4056 1098 3492 2478 1038 3012 2928 3078 2376 4230 1272 1530 1800 1224 1098 1320 3762 4032 3732 990 990 744 3456 3318 3600 3036 3840 4044 3792 3780 1314 2106 1284 3732 954 1020 3078 1848 768 3066 2232 3156 1488 1590 2190 1476 2790 3792 3426 1992 1974 2022 2922 2220 1488 3630 4152 1896 1962 2814 2100 1086 4296 3414 2400 894 1590 2412 1308 
3546 4746 2796 4164 378 2064 270 3270 1500 2160 3108 3864 1326 4170 1908 1890 3252 4236 5208 2184 3774 3588 2328 2130 1074 1890 318 5388 5304 4008 4800 2646 1290 1800 2436 2454 3204 4458 2922 3546 3918 4278 846 2346 4038 3906 1428 3534 5082 4866 996 960 4194 762 714 4206 4710 3936 3024 960 780 684 2844 3612 2106 4482 2862 3660 954 4092 
8340 4260 3590 3910 7930 6320 8430 4360 7220 5290 7530 2690 6730 1670 5060 6340 2830 4450 3270 7690 3890 3070 5880 7160 8170 7790 8420 2350 3130 4950 3370 3790 6200 6660 7330 4200 3090 2190 3510 3820 3380 1080 8100 4320 2060 1820 5890 3600 2810 2200 7490 7400 1300 7760 7700 2910 3130 6000 3360 7380 7560 7210 3520 6890 7110 730 3600 2160 6870 3600 
2760 1595 875 1120 2680 2355 2810 800 2080 1115 2315 1535 2285 1330 1345 2290 780 1355 1695 2305 2030 1490 2235 2040 2580 2350 2800 1750 1745 1425 1420 755 1675 2425 2145 1095 1050 980 330 1845 765 1060 2565 850 1380 635 1715 555 1545 1320 2600 2540 1130 2415 2635 1895 1310 1825 250 2535 2320 2330 880 2125 2015 1210 1045 865 2000 2100 
5296 3176 1064 2504 4464 3472 4832 2176 3944 2432 4568 1584 3600 1256 2184 3424 560 2928 3040 4440 2448 1568 3192 4008 4656 4456 4832 2840 3064 3112 2736 1136 3056 3664 4224 1544 984 1768 976 2184 1920 1040 4584 1552 1320 616 2832 1728 2728 2248 4176 4096 1024 4312 4312 2144 2528 3800 896 4088 4152 3888 1024 4288 3968 1320 1192 496 3592 2504 
5558 3962 1022 3374 3780 2352 4284 2982 3941 2800 4893 448 2779 945 1897 2394 791 3738 3752 4564 959 203 2023 4200 4410 4494 4298 3423 3738 3878 3535 1344 2926 2611 4459 1267 476 2646 1729 728 2863 1491 4277 1743 707 1589 2401 2660 3444 2996 3325 3283 1225 4011 3535 924 3353 4438 1722 3269 3871 3290 959 4781 4151 1666 798 840 3367 1071 
6180 4820 380 3850 4090 3060 4610 2830 3810 2170 5220 2450 3030 2650 1230 2940 1060 4260 5010 4670 3000 2120 2820 4150 4560 4580 4610 4950 5080 4280 4490 150 2460 3220 4540 530 1180 3480 1060 2560 3160 2760 4410 650 2510 2240 2050 2650 4670 4150 3740 3630 2620 4040 3890 3160 4260 4880 1170 3620 3840 3370 470 5190 4090 3100 740 1730 3130 3320 
9630 7430 3090 6630 6070 3410 6980 6060 7000 5600 8670 1610 4460 2590 3900 3610 2940 7150 6990 8020 450 1530 2880 7530 7470 7850 7020 6360 6940 7360 6770 3560 5410 3880 7950 3200 2440 5450 4240 870 5900 3610 7220 4050 2220 3980 4420 5610 6540 5880 5200 5180 3180 6830 5610 1260 6500 8140 4250 5170 6640 5460 3020 8590 7460 3750 2700 2940 5960 580 
3384 2988 690 2382 2052 1758 2310 1638 1824 942 2802 1926 1554 2064 432 1638 1104 2586 3228 2382 2172 1704 1692 2088 2262 2304 2310 3276 3288 2526 2874 474 1002 1782 2340 510 1170 2364 792 1908 2016 2088 2172 168 1980 1722 864 1656 3048 2772 1926 1854 2028 1956 1974 2340 2748 2790 894 1842 1836 1626 744 2874 2046 2298 864 1500 1404 2394 
6237 6606 2673 5688 1557 1116 2430 4482 3177 3006 5427 3942 189 4554 1494 837 3330 5958 6975 4311 3645 3510 1449 4014 3168 3978 2475 6993 7065 5787 6453 2637 1845 828 4491 2124 3114 5652 3321 3321 5166 4923 2871 2394 4293 4545 945 4617 6705 6255 873 810 4716 2547 1161 4374 6264 6012 3465 792 2412 1062 2718 5868 3951 5220 2637 3924 1980 4140 
