16 32 80
80 80 80 80 80 80 80 80 80 80 80 80 80 80 80 80 
24 13 21 10 19 21 14 14 23 23 23 18 9 8 15 12 7 13 8 7 9 5 6 21 10 24 15 18 21 19 25 16 10 16 23 10 8 7 8 21 24 25 17 12 18 23 12 14 25 13 12 14 12 25 21 10 19 17 8 12 14 22 10 15 23 17 19 18 21 19 14 22 20 15 22 14 9 20 16 23 
466 594 537 225 677 587 593 572 793 805 947 431 544 392 825 721 831 843 475 442 676 882 784 437 254 732 664 226 213 608 629 710 
388 433 508 368 613 400 666 606 735 690 865 282 525 357 757 556 717 789 569 250 619 811 749 535 65 587 632 286 127 639 470 607 
297 496 168 580 123 636 356 233 129 334 305 478 160 319 175 541 347 156 421 650 99 226 80 437 639 445 40 484 548 218 492 266 
552 675 617 265 760 659 648 639 876 890 1032 513 623 475 908 801 917 925 525 510 759 966 863 486 323 816 744 301 297 675 710 796 
203 433 63 487 123 565 326 193 205 345 379 390 61 215 246 499 364 247 361 562 105 303 184 369 537 416 64 383 444 195 436 255 
443 622 311 700 244 766 409 316 161 402 280 621 299 464 193 648 406 132 505 792 225 212 81 529 785 544 186 618 694 288 613 364 
456 705 299 533 365 832 172 151 363 583 522 642 272 416 408 771 596 364 291 809 340 446 273 324 742 683 254 497 630 117 709 510 
500 756 347 519 429 878 136 173 432 650 592 682 319 447 478 829 664 433 264 845 405 516 343 300 765 744 318 502 649 147 763 574 
475 218 624 795 594 107 924 807 685 489 714 318 652 555 675 211 504 735 884 247 616 704 755 865 434 318 687 660 502 825 222 478 
387 652 246 398 368 765 76 57 408 593 583 562 219 322 455 736 611 427 163 721 346 504 335 193 633 662 265 369 516 62 663 505 
173 256 214 596 123 401 529 397 225 173 323 285 238 270 230 297 199 280 542 445 146 277 285 541 491 209 224 463 439 402 248 73 
354 355 359 771 202 498 646 515 198 49 178 442 376 447 165 327 48 230 686 583 223 174 291 691 659 219 305 641 617 509 331 109 
327 75 457 719 401 169 771 646 485 290 515 240 485 426 474 51 308 535 753 295 424 502 558 741 440 122 500 576 459 659 45 277 
342 552 360 93 517 597 385 364 623 685 790 396 360 241 661 674 710 668 272 485 511 718 599 236 327 654 481 50 215 400 581 584 
321 558 306 124 468 621 306 286 568 653 739 412 301 214 607 675 678 609 198 525 459 665 535 165 384 642 420 85 265 322 583 551 
365 535 248 662 157 679 416 303 84 323 242 538 242 398 126 562 330 83 494 709 140 164 9 512 711 459 121 566 625 282 526 278 
4660 5940 5370 2250 6770 5870 5930 5720 7930 8050 9470 4310 5440 3920 8250 7210 8310 8430 4750 4420 6760 8820 7840 4370 2540 7320 6640 2260 2130 6080 6290 7100 
5820 6495 7620 5520 9195 6000 9990 9090 11025 10350 12975 4230 7875 5355 11355 8340 10755 11835 8535 3750 9285 12165 11235 8025 975 8805 9480 4290 1905 9585 7050 9105 
3564 5952 2016 6960 1476 7632 4272 2796 1548 4008 3660 5736 1920 3828 2100 6492 4164 1872 5052 7800 1188 2712 960 5244 7668 5340 480 5808 6576 2616 5904 3192 
8280 10125 9255 3975 11400 9885 9720 9585 13140 13350 15480 7695 9345 7125 13620 12015 13755 13875 7875 7650 11385 14490 12945 7290 4845 12240 11160 4515 4455 10125 10650 11940 
2639 5629 819 6331 1599 7345 4238 2509 2665 4485 4927 5070 793 2795 3198 6487 4732 3211 4693 7306 1365 3939 2392 4797 6981 5408 832 4979 5772 2535 5668 3315 
6645 9330 4665 10500 3660 11490 6135 4740 2415 6030 4200 9315 4485 6960 2895 9720 6090 1980 7575 11880 3375 3180 1215 7935 11775 8160 2790 9270 10410 4320 9195 5460 
5472 8460 3588 6396 4380 9984 2064 1812 4356 6996 6264 7704 3264 4992 4896 9252 7152 4368 3492 9708 4080 5352 3276 3888 8904 8196 3048 5964 7560 1404 8508 6120 
6000 9072 4164 6228 5148 10536 1632 2076 5184 7800 7104 8184 3828 5364 5736 9948 7968 5196 3168 10140 4860 6192 4116 3600 9180 8928 3816 6024 7788 1764 9156 6888 
7125 3270 9360 11925 8910 1605 13860 12105 10275 7335 10710 4770 9780 8325 10125 3165 7560 11025 13260 3705 9240 10560 11325 12975 6510 4770 10305 9900 7530 12375 3330 7170 
4257 7172 2706 4378 4048 8415 836 627 4488 6523 6413 6182 2409 3542 5005 8096 6721 4697 1793 7931 3806 5544 3685 2123 6963 7282 2915 4059 5676 682 7293 5555 
2249 3328 2782 7748 1599 5213 6877 5161 2925 2249 4199 3705 3094 3510 2990 3861 2587 3640 7046 5785 1898 3601 3705 7033 6383 2717 2912 6019 5707 5226 3224 949 
4956 4970 5026 10794 2828 6972 9044 7210 2772 686 2492 6188 5264 6258 2310 4578 672 3220 9604 8162 3122 2436 4074 9674 9226 3066 4270 8974 8638 7126 4634 1526 
4905 1125 6855 10785 6015 2535 11565 9690 7275 4350 7725 3600 7275 6390 7110 765 4620 8025 11295 4425 6360 7530 8370 11115 6600 1830 7500 8640 6885 9885 675 4155 
5130 8280 5400 1395 7755 8955 5775 5460 9345 10275 11850 5940 5400 3615 9915 10110 10650 10020 4080 7275 7665 10770 8985 3540 4905 9810 7215 750 3225 6000 8715 8760 
3531 6138 3366 1364 5148 6831 3366 3146 6248 7183 8129 4532 3311 2354 6677 7425 7458 6699 2178 5775 5049 7315 5885 1815 4224 7062 4620 935 2915 3542 6413 6061 
4015 5885 2728 7282 1727 7469 4576 3333 924 3553 2662 5918 2662 4378 1386 6182 3630 913 5434 7799 1540 1804 99 5632 7821 5049 1331 6226 6875 3102 5786 3058 
356 274 186 303 495 207 285 334 315 499 465 309 469 540 231 41 336 404 353 222 380 393 366 285 296 132 469 408 65 394 399 344 393 401 315 297 59 349 346 462 162 55 94 235 160 354 408 385 362 125 370 352 79 289 512 307 289 523 221 392 416 135 144 431 350 445 348 473 195 314 204 416 155 333 425 348 429 419 391 557 
531 542 248 375 750 209 327 387 124 579 622 375 630 807 151 232 269 549 154 168 647 519 191 415 430 289 734 661 294 606 130 369 582 465 404 443 320 594 237 575 376 213 276 64 338 579 405 614 153 167 635 597 211 549 589 526 505 784 486 503 631 364 248 529 394 700 81 617 387 536 342 674 212 470 652 200 624 646 133 824 
407 157 332 277 341 275 419 457 424 426 515 430 515 402 326 199 488 300 509 310 246 473 524 380 388 260 328 352 115 401 539 476 425 512 273 380 143 316 502 373 231 208 228 364 124 201 403 230 518 245 280 316 236 140 440 323 311 374 162 315 417 58 196 522 329 381 491 531 112 165 173 345 308 249 270 506 288 405 539 418 
142 329 408 701 527 638 385 360 731 854 161 347 150 458 658 444 509 719 641 651 373 229 626 263 251 356 438 154 466 39 760 398 90 339 701 230 374 127 554 797 276 465 375 640 539 557 821 564 655 551 246 129 446 412 868 123 143 501 270 743 15 474 569 281 752 175 709 191 541 545 592 191 435 678 592 593 662 41 728 475 
554 311 406 114 419 182 508 559 344 277 664 533 665 515 247 251 544 184 514 228 377 607 540 503 514 356 439 515 159 561 494 568 579 625 109 511 252 480 543 238 363 246 318 318 64 218 241 254 519 222 437 481 288 262 291 480 466 469 326 168 579 118 131 650 166 543 455 677 52 178 37 507 368 109 288 532 246 568 511 527 
555 648 282 522 873 356 316 367 247 725 628 365 639 917 298 338 212 695 50 315 756 517 83 431 445 351 847 733 419 648 114 337 611 437 551 463 419 662 163 722 443 324 353 211 477 714 545 748 36 303 724 665 306 668 735 578 557 902 579 651 673 494 391 511 540 772 97 617 526 672 486 752 266 616 788 114 766 696 59 934 
467 176 571 554 147 591 620 631 742 619 539 607 531 94 644 488 725 471 792 628 71 564 797 525 523 490 52 232 428 385 848 663 444 652 537 504 404 273 754 551 410 505 476 677 431 276 678 260 803 559 145 269 518 184 632 364 372 116 252 527 382 374 513 623 601 223 798 567 398 295 470 196 567 473 267 772 364 344 841 112 
438 83 476 424 172 460 541 564 613 508 529 537 524 213 514 373 634 361 683 498 63 528 692 465 467 396 139 263 303 383 726 591 431 599 409 451 295 269 657 441 329 387 374 552 299 172 549 170 693 434 163 267 406 51 521 334 334 190 175 408 389 243 383 584 472 275 677 554 266 177 337 239 465 350 195 670 274 359 723 229 
667 385 528 116 419 268 631 681 417 162 777 655 777 536 331 373 663 72 621 313 423 726 650 624 634 478 465 598 281 665 580 690 688 747 85 629 372 574 659 116 481 367 440 413 186 214 209 242 624 333 510 573 409 317 176 586 575 478 422 51 680 231 242 770 139 621 547 791 159 189 148 584 490 14 263 644 184 665 605 546 
701 528 473 128 638 145 577 637 213 281 809 616 813 740 170 345 563 307 469 160 601 729 505 617 631 460 664 720 304 735 381 632 738 714 157 635 398 674 542 298 507 328 426 255 248 432 90 466 467 249 652 675 364 487 288 649 632 691 524 240 756 315 201 759 107 751 362 815 272 395 201 716 428 242 493 512 424 754 419 752 
827 562 650 182 577 335 755 811 438 70 937 787 938 703 382 501 764 190 687 368 599 876 722 769 780 615 634 775 424 834 606 814 852 883 169 779 521 748 749 126 634 489 577 470 333 382 138 405 687 430 687 748 531 495 71 753 740 639 595 130 851 392 350 915 143 798 586 949 322 363 282 761 607 191 415 725 320 838 644 710 
368 442 84 427 678 273 170 231 275 637 457 215 466 711 247 147 160 568 175 253 552 355 181 250 265 140 644 522 244 449 271 221 420 310 449 279 215 452 160 614 231 142 142 183 326 541 497 572 186 175 513 455 108 472 649 373 352 701 369 541 474 319 262 368 462 562 220 453 370 501 354 540 55 491 613 161 611 493 243 729 
412 136 354 292 313 300 439 475 451 428 519 448 518 374 353 225 512 296 537 337 220 483 551 394 401 281 300 339 143 399 567 495 426 527 284 391 164 308 527 372 244 236 250 392 144 180 418 207 545 273 261 308 262 112 442 323 314 346 155 317 414 82 222 534 343 365 519 537 124 147 191 329 333 252 247 532 272 398 568 390 
269 200 202 384 446 311 274 307 420 562 379 280 381 468 338 132 360 447 419 329 309 325 423 228 236 122 403 303 140 291 490 329 297 360 389 229 48 242 383 516 80 152 102 337 225 347 499 372 430 232 274 245 151 243 576 205 188 462 126 451 312 169 242 371 434 341 438 391 242 315 277 313 193 387 412 399 439 313 475 486 
701 429 546 99 464 264 651 703 403 129 811 678 812 583 324 393 675 96 622 306 470 756 652 651 662 502 512 642 306 703 568 710 724 771 69 659 400 615 667 102 511 385 464 409 211 261 167 288 624 341 555 615 427 363 143 624 611 524 462 30 719 264 251 798 105 665 539 825 192 236 166 628 506 58 306 650 222 706 597 592 
656 635 374 377 820 235 452 511 73 560 748 500 757 892 170 338 382 563 238 189 735 645 278 541 556 411 817 773 377 728 105 491 707 589 409 569 425 709 343 571 495 317 394 133 394 633 366 668 230 247 738 712 325 629 568 647 626 861 590 506 753 436 301 654 379 811 108 744 440 590 381 783 337 487 704 299 659 766 154 907 
727 549 500 139 652 171 603 663 229 271 835 642 839 756 194 371 588 309 490 185 620 756 527 644 658 487 681 743 329 761 396 658 764 740 165 662 424 698 565 294 533 354 452 277 270 445 73 478 487 275 674 699 391 506 277 675 658 706 548 240 781 337 227 785 108 774 380 841 291 409 222 739 454 250 504 535 431 779 437 768 
715 418 584 161 419 320 686 735 465 123 824 710 824 544 383 429 719 34 676 364 444 776 705 676 686 532 475 632 336 707 629 745 733 801 129 680 424 612 715 64 531 423 495 466 240 223 228 246 678 389 540 612 465 345 137 631 620 481 463 38 722 282 297 822 169 652 598 840 210 207 204 615 545 67 258 700 166 704 656 551 
356 174 509 599 274 601 539 541 737 699 418 518 408 199 644 459 653 552 742 631 140 455 741 432 427 431 180 106 423 265 820 575 326 550 587 407 371 159 688 633 342 478 426 661 454 362 725 356 754 547 55 155 481 231 712 259 271 241 204 597 259 388 522 512 649 96 768 447 433 368 501 69 514 536 373 713 461 219 805 216 
431 599 198 583 843 420 185 224 361 794 490 228 502 864 376 319 63 736 107 389 708 377 71 307 319 279 801 641 416 533 266 190 487 288 609 340 380 568 16 777 363 315 297 292 497 713 636 744 119 335 652 572 280 637 805 474 455 861 517 704 557 492 426 364 613 680 234 475 541 673 521 665 208 658 785 41 783 586 213 882 
551 294 416 133 394 206 517 565 368 277 661 539 661 492 271 261 557 172 533 252 355 608 558 506 516 362 416 501 166 554 517 576 574 630 122 512 254 469 558 233 363 258 325 340 72 194 259 229 538 241 421 469 299 242 292 473 461 445 315 167 570 114 152 652 182 528 477 675 42 153 60 491 380 104 263 549 224 558 533 504 
759 484 598 136 502 302 703 756 428 75 869 732 869 625 358 446 722 116 661 341 520 812 693 707 718 556 556 697 362 761 596 762 782 826 112 715 457 672 712 76 568 436 519 445 267 304 157 327 661 387 609 672 478 416 88 681 669 563 519 51 777 322 300 854 119 720 570 882 250 283 220 683 557 112 341 692 248 763 629 633 
652 335 554 205 329 339 651 696 496 212 759 670 758 452 404 401 699 64 677 385 353 721 702 626 635 493 383 548 303 634 653 710 666 756 175 627 379 534 702 145 478 400 457 480 216 131 302 154 682 385 453 533 440 258 225 563 554 390 390 123 647 236 294 770 233 566 616 777 173 119 199 529 520 90 170 693 91 627 672 460 
320 180 485 606 310 597 510 509 729 716 380 487 370 237 638 446 626 570 721 626 168 418 718 400 395 409 217 68 418 227 805 544 289 516 597 374 358 123 662 651 319 466 407 650 457 384 733 381 733 538 54 119 466 248 730 225 238 279 193 612 220 390 519 476 657 63 753 409 439 387 505 31 494 550 401 689 486 181 787 254 
259 513 165 633 766 491 61 41 489 839 303 60 316 759 469 319 125 751 285 474 615 191 257 147 155 219 706 498 412 367 438 3 313 101 652 177 336 427 175 808 265 327 255 401 506 678 715 704 299 388 532 431 285 571 852 325 310 771 422 736 390 476 465 176 674 535 396 287 542 644 546 528 208 680 744 223 766 424 390 778 
650 570 383 269 735 144 476 537 44 451 750 521 757 816 92 302 432 457 313 106 663 655 352 545 560 398 741 730 313 708 210 524 695 616 302 570 381 672 402 462 470 281 373 122 309 540 259 575 308 197 682 674 302 553 459 622 603 780 538 397 731 360 221 674 270 766 195 750 351 498 286 735 339 382 609 365 558 739 250 831 
533 231 445 213 307 287 539 581 450 311 640 554 639 406 351 297 596 175 592 332 277 601 613 508 516 379 331 445 198 519 591 597 547 638 195 508 263 423 603 252 359 300 344 413 130 111 336 146 598 304 356 422 336 166 325 445 435 358 274 203 532 125 223 650 259 467 548 658 82 68 144 430 415 140 183 600 169 515 602 418 
92 266 270 577 506 500 268 260 588 746 195 239 194 473 517 303 389 620 508 511 347 182 497 151 145 214 431 199 335 104 620 295 105 268 581 124 238 127 431 694 134 324 232 497 416 482 693 497 521 410 242 132 303 344 760 26 13 497 181 634 128 355 434 240 627 236 568 214 426 461 469 228 294 569 531 465 585 144 590 491 
160 398 137 575 651 453 87 84 492 772 238 59 248 640 447 258 211 670 347 448 497 136 329 35 49 142 588 381 337 261 481 116 216 130 589 68 247 309 256 734 155 272 179 398 432 577 672 600 361 350 412 313 234 461 786 208 192 653 306 665 285 391 410 160 621 419 433 233 461 546 478 409 179 604 639 295 670 315 442 658 
474 117 504 417 144 466 572 596 622 487 565 570 560 206 523 393 662 339 705 506 79 563 716 499 501 424 130 296 317 419 741 623 467 633 399 485 319 305 684 419 360 406 401 566 302 145 540 139 714 447 195 302 428 63 500 370 370 172 209 390 424 252 390 620 463 305 693 590 265 158 336 269 490 335 161 694 244 394 741 220 
562 556 281 357 756 195 362 423 89 558 655 410 663 818 133 250 305 536 183 151 659 553 221 448 463 318 745 684 303 635 123 405 613 501 388 476 338 619 271 557 402 231 302 55 337 578 378 614 179 172 653 622 234 558 568 553 533 792 504 487 659 369 245 564 373 722 83 651 385 536 335 695 243 457 652 233 618 673 141 834 
602 431 389 99 563 68 494 552 210 305 711 530 715 656 125 250 496 280 426 108 511 635 459 524 537 366 580 619 202 634 372 552 638 627 129 540 297 572 482 299 407 235 331 212 151 363 164 398 427 165 554 573 274 397 316 548 531 612 423 228 655 216 101 668 124 651 341 718 183 322 113 617 345 203 430 459 376 652 399 669 
2848 2192 1488 2424 3960 1656 2280 2672 2520 3992 3720 2472 3752 4320 1848 328 2688 3232 2824 1776 3040 3144 2928 2280 2368 1056 3752 3264 520 3152 3192 2752 3144 3208 2520 2376 472 2792 2768 3696 1296 440 752 1880 1280 2832 3264 3080 2896 1000 2960 2816 632 2312 4096 2456 2312 4184 1768 3136 3328 1080 1152 3448 2800 3560 2784 3784 1560 2512 1632 3328 1240 2664 3400 2784 3432 3352 3128 4456 
4248 4336 1984 3000 6000 1672 2616 3096 992 4632 4976 3000 5040 6456 1208 1856 2152 4392 1232 1344 5176 4152 1528 3320 3440 2312 5872 5288 2352 4848 1040 2952 4656 3720 3232 3544 2560 4752 1896 4600 3008 1704 2208 512 2704 4632 3240 4912 1224 1336 5080 4776 1688 4392 4712 4208 4040 6272 3888 4024 5048 2912 1984 4232 3152 5600 648 4936 3096 4288 2736 5392 1696 3760 5216 1600 4992 5168 1064 6592 
2035 785 1660 1385 1705 1375 2095 2285 2120 2130 2575 2150 2575 2010 1630 995 2440 1500 2545 1550 1230 2365 2620 1900 1940 1300 1640 1760 575 2005 2695 2380 2125 2560 1365 1900 715 1580 2510 1865 1155 1040 1140 1820 620 1005 2015 1150 2590 1225 1400 1580 1180 700 2200 1615 1555 1870 810 1575 2085 290 980 2610 1645 1905 2455 2655 560 825 865 1725 1540 1245 1350 2530 1440 2025 2695 2090 
710 1645 2040 3505 2635 3190 1925 1800 3655 4270 805 1735 750 2290 3290 2220 2545 3595 3205 3255 1865 1145 3130 1315 1255 1780 2190 770 2330 195 3800 1990 450 1695 3505 1150 1870 635 2770 3985 1380 2325 1875 3200 2695 2785 4105 2820 3275 2755 1230 645 2230 2060 4340 615 715 2505 1350 3715 75 2370 2845 1405 3760 875 3545 955 2705 2725 2960 955 2175 3390 2960 2965 3310 205 3640 2375 
2770 1555 2030 570 2095 910 2540 2795 1720 1385 3320 2665 3325 2575 1235 1255 2720 920 2570 1140 1885 3035 2700 2515 2570 1780 2195 2575 795 2805 2470 2840 2895 3125 545 2555 1260 2400 2715 1190 1815 1230 1590 1590 320 1090 1205 1270 2595 1110 2185 2405 1440 1310 1455 2400 2330 2345 1630 840 2895 590 655 3250 830 2715 2275 3385 260 890 185 2535 1840 545 1440 2660 1230 2840 2555 2635 
3330 3888 1692 3132 5238 2136 1896 2202 1482 4350 3768 2190 3834 5502 1788 2028 1272 4170 300 1890 4536 3102 498 2586 2670 2106 5082 4398 2514 3888 684 2022 3666 2622 3306 2778 2514 3972 978 4332 2658 1944 2118 1266 2862 4284 3270 4488 216 1818 4344 3990 1836 4008 4410 3468 3342 5412 3474 3906 4038 2964 2346 3066 3240 4632 582 3702 3156 4032 2916 4512 1596 3696 4728 684 4596 4176 354 5604 
2802 1056 3426 3324 882 3546 3720 3786 4452 3714 3234 3642 3186 564 3864 2928 4350 2826 4752 3768 426 3384 4782 3150 3138 2940 312 1392 2568 2310 5088 3978 2664 3912 3222 3024 2424 1638 4524 3306 2460 3030 2856 4062 2586 1656 4068 1560 4818 3354 870 1614 3108 1104 3792 2184 2232 696 1512 3162 2292 2244 3078 3738 3606 1338 4788 3402 2388 1770 2820 1176 3402 2838 1602 4632 2184 2064 5046 672 
2628 498 2856 2544 1032 2760 3246 3384 3678 3048 3174 3222 3144 1278 3084 2238 3804 2166 4098 2988 378 3168 4152 2790 2802 2376 834 1578 1818 2298 4356 3546 2586 3594 2454 2706 1770 1614 3942 2646 1974 2322 2244 3312 1794 1032 3294 1020 4158 2604 978 1602 2436 306 3126 2004 2004 1140 1050 2448 2334 1458 2298 3504 2832 1650 4062 3324 1596 1062 2022 1434 2790 2100 1170 4020 1644 2154 4338 1374 
6003 3465 4752 1044 3771 2412 5679 6129 3753 1458 6993 5895 6993 4824 2979 3357 5967 648 5589 2817 3807 6534 5850 5616 5706 4302 4185 5382 2529 5985 5220 6210 6192 6723 765 5661 3348 5166 5931 1044 4329 3303 3960 3717 1674 1926 1881 2178 5616 2997 4590 5157 3681 2853 1584 5274 5175 4302 3798 459 6120 2079 2178 6930 1251 5589 4923 7119 1431 1701 1332 5256 4410 126 2367 5796 1656 5985 5445 4914 
6309 4752 4257 1152 5742 1305 5193 5733 1917 2529 7281 5544 7317 6660 1530 3105 5067 2763 4221 1440 5409 6561 4545 5553 5679 4140 5976 6480 2736 6615 3429 5688 6642 6426 1413 5715 3582 6066 4878 2682 4563 2952 3834 2295 2232 3888 810 4194 4203 2241 5868 6075 3276 4383 2592 5841 5688 6219 4716 2160 6804 2835 1809 6831 963 6759 3258 7335 2448 3555 1809 6444 3852 2178 4437 4608 3816 6786 3771 6768 
4135 2810 3250 910 2885 1675 3775 4055 2190 350 4685 3935 4690 3515 1910 2505 3820 950 3435 1840 2995 4380 3610 3845 3900 3075 3170 3875 2120 4170 3030 4070 4260 4415 845 3895 2605 3740 3745 630 3170 2445 2885 2350 1665 1910 690 2025 3435 2150 3435 3740 2655 2475 355 3765 3700 3195 2975 650 4255 1960 1750 4575 715 3990 2930 4745 1610 1815 1410 3805 3035 955 2075 3625 1600 4190 3220 3550 
2944 3536 672 3416 5424 2184 1360 1848 2200 5096 3656 1720 3728 5688 1976 1176 1280 4544 1400 2024 4416 2840 1448 2000 2120 1120 5152 4176 1952 3592 2168 1768 3360 2480 3592 2232 1720 3616 1280 4912 1848 1136 1136 1464 2608 4328 3976 4576 1488 1400 4104 3640 864 3776 5192 2984 2816 5608 2952 4328 3792 2552 2096 2944 3696 4496 1760 3624 2960 4008 2832 4320 440 3928 4904 1288 4888 3944 1944 5832 
2060 680 1770 1460 1565 1500 2195 2375 2255 2140 2595 2240 2590 1870 1765 1125 2560 1480 2685 1685 1100 2415 2755 1970 2005 1405 1500 1695 715 1995 2835 2475 2130 2635 1420 1955 820 1540 2635 1860 1220 1180 1250 1960 720 900 2090 1035 2725 1365 1305 1540 1310 560 2210 1615 1570 1730 775 1585 2070 410 1110 2670 1715 1825 2595 2685 620 735 955 1645 1665 1260 1235 2660 1360 1990 2840 1950 
2421 1800 1818 3456 4014 2799 2466 2763 3780 5058 3411 2520 3429 4212 3042 1188 3240 4023 3771 2961 2781 2925 3807 2052 2124 1098 3627 2727 1260 2619 4410 2961 2673 3240 3501 2061 432 2178 3447 4644 720 1368 918 3033 2025 3123 4491 3348 3870 2088 2466 2205 1359 2187 5184 1845 1692 4158 1134 4059 2808 1521 2178 3339 3906 3069 3942 3519 2178 2835 2493 2817 1737 3483 3708 3591 3951 2817 4275 4374 
4206 2574 3276 594 2784 1584 3906 4218 2418 774 4866 4068 4872 3498 1944 2358 4050 576 3732 1836 2820 4536 3912 3906 3972 3012 3072 3852 1836 4218 3408 4260 4344 4626 414 3954 2400 3690 4002 612 3066 2310 2784 2454 1266 1566 1002 1728 3744 2046 3330 3690 2562 2178 858 3744 3666 3144 2772 180 4314 1584 1506 4788 630 3990 3234 4950 1152 1416 996 3768 3036 348 1836 3900 1332 4236 3582 3552 
3280 3175 1870 1885 4100 1175 2260 2555 365 2800 3740 2500 3785 4460 850 1690 1910 2815 1190 945 3675 3225 1390 2705 2780 2055 4085 3865 1885 3640 525 2455 3535 2945 2045 2845 2125 3545 1715 2855 2475 1585 1970 665 1970 3165 1830 3340 1150 1235 3690 3560 1625 3145 2840 3235 3130 4305 2950 2530 3765 2180 1505 3270 1895 4055 540 3720 2200 2950 1905 3915 1685 2435 3520 1495 3295 3830 770 4535 
3635 2745 2500 695 3260 855 3015 3315 1145 1355 4175 3210 4195 3780 970 1855 2940 1545 2450 925 3100 3780 2635 3220 3290 2435 3405 3715 1645 3805 1980 3290 3820 3700 825 3310 2120 3490 2825 1470 2665 1770 2260 1385 1350 2225 365 2390 2435 1375 3370 3495 1955 2530 1385 3375 3290 3530 2740 1200 3905 1685 1135 3925 540 3870 1900 4205 1455 2045 1110 3695 2270 1250 2520 2675 2155 3895 2185 3840 
6435 3762 5256 1449 3771 2880 6174 6615 4185 1107 7416 6390 7416 4896 3447 3861 6471 306 6084 3276 3996 6984 6345 6084 6174 4788 4275 5688 3024 6363 5661 6705 6597 7209 1161 6120 3816 5508 6435 576 4779 3807 4455 4194 2160 2007 2052 2214 6102 3501 4860 5508 4185 3105 1233 5679 5580 4329 4167 342 6498 2538 2673 7398 1521 5868 5382 7560 1890 1863 1836 5535 4905 603 2322 6300 1494 6336 5904 4959 
2136 1044 3054 3594 1644 3606 3234 3246 4422 4194 2508 3108 2448 1194 3864 2754 3918 3312 4452 3786 840 2730 4446 2592 2562 2586 1080 636 2538 1590 4920 3450 1956 3300 3522 2442 2226 954 4128 3798 2052 2868 2556 3966 2724 2172 4350 2136 4524 3282 330 930 2886 1386 4272 1554 1626 1446 1224 3582 1554 2328 3132 3072 3894 576 4608 2682 2598 2208 3006 414 3084 3216 2238 4278 2766 1314 4830 1296 
2155 2995 990 2915 4215 2100 925 1120 1805 3970 2450 1140 2510 4320 1880 1595 315 3680 535 1945 3540 1885 355 1535 1595 1395 4005 3205 2080 2665 1330 950 2435 1440 3045 1700 1900 2840 80 3885 1815 1575 1485 1460 2485 3565 3180 3720 595 1675 3260 2860 1400 3185 4025 2370 2275 4305 2585 3520 2785 2460 2130 1820 3065 3400 1170 2375 2705 3365 2605 3325 1040 3290 3925 205 3915 2930 1065 4410 
5510 2940 4160 1330 3940 2060 5170 5650 3680 2770 6610 5390 6610 4920 2710 2610 5570 1720 5330 2520 3550 6080 5580 5060 5160 3620 4160 5010 1660 5540 5170 5760 5740 6300 1220 5120 2540 4690 5580 2330 3630 2580 3250 3400 720 1940 2590 2290 5380 2410 4210 4690 2990 2420 2920 4730 4610 4450 3150 1670 5700 1140 1520 6520 1820 5280 4770 6750 420 1530 600 4910 3800 1040 2630 5490 2240 5580 5330 5040 
3795 2420 2990 680 2510 1510 3515 3780 2140 375 4345 3660 4345 3125 1790 2230 3610 580 3305 1705 2600 4060 3465 3535 3590 2780 2780 3485 1810 3805 2980 3810 3910 4130 560 3575 2285 3360 3560 380 2840 2180 2595 2225 1335 1520 785 1635 3305 1935 3045 3360 2390 2080 440 3405 3345 2815 2595 255 3885 1610 1500 4270 595 3600 2850 4410 1250 1415 1100 3415 2785 560 1705 3460 1240 3815 3145 3165 
5868 3015 4986 1845 2961 3051 5859 6264 4464 1908 6831 6030 6822 4068 3636 3609 6291 576 6093 3465 3177 6489 6318 5634 5715 4437 3447 4932 2727 5706 5877 6390 5994 6804 1575 5643 3411 4806 6318 1305 4302 3600 4113 4320 1944 1179 2718 1386 6138 3465 4077 4797 3960 2322 2025 5067 4986 3510 3510 1107 5823 2124 2646 6930 2097 5094 5544 6993 1557 1071 1791 4761 4680 810 1530 6237 819 5643 6048 4140 
2240 1260 3395 4242 2170 4179 3570 3563 5103 5012 2660 3409 2590 1659 4466 3122 4382 3990 5047 4382 1176 2926 5026 2800 2765 2863 1519 476 2926 1589 5635 3808 2023 3612 4179 2618 2506 861 4634 4557 2233 3262 2849 4550 3199 2688 5131 2667 5131 3766 378 833 3262 1736 5110 1575 1666 1953 1351 4284 1540 2730 3633 3332 4599 441 5271 2863 3073 2709 3535 217 3458 3850 2807 4823 3402 1267 5509 1778 
2331 4617 1485 5697 6894 4419 549 369 4401 7551 2727 540 2844 6831 4221 2871 1125 6759 2565 4266 5535 1719 2313 1323 1395 1971 6354 4482 3708 3303 3942 27 2817 909 5868 1593 3024 3843 1575 7272 2385 2943 2295 3609 4554 6102 6435 6336 2691 3492 4788 3879 2565 5139 7668 2925 2790 6939 3798 6624 3510 4284 4185 1584 6066 4815 3564 2583 4878 5796 4914 4752 1872 6120 6696 2007 6894 3816 3510 7002 
6500 5700 3830 2690 7350 1440 4760 5370 440 4510 7500 5210 7570 8160 920 3020 4320 4570 3130 1060 6630 6550 3520 5450 5600 3980 7410 7300 3130 7080 2100 5240 6950 6160 3020 5700 3810 6720 4020 4620 4700 2810 3730 1220 3090 5400 2590 5750 3080 1970 6820 6740 3020 5530 4590 6220 6030 7800 5380 3970 7310 3600 2210 6740 2700 7660 1950 7500 3510 4980 2860 7350 3390 3820 6090 3650 5580 7390 2500 8310 
4264 1848 3560 1704 2456 2296 4312 4648 3600 2488 5120 4432 5112 3248 2808 2376 4768 1400 4736 2656 2216 4808 4904 4064 4128 3032 2648 3560 1584 4152 4728 4776 4376 5104 1560 4064 2104 3384 4824 2016 2872 2400 2752 3304 1040 888 2688 1168 4784 2432 2848 3376 2688 1328 2600 3560 3480 2864 2192 1624 4256 1000 1784 5200 2072 3736 4384 5264 656 544 1152 3440 3320 1120 1464 4800 1352 4120 4816 3344 
736 2128 2160 4616 4048 4000 2144 2080 4704 5968 1560 1912 1552 3784 4136 2424 3112 4960 4064 4088 2776 1456 3976 1208 1160 1712 3448 1592 2680 832 4960 2360 840 2144 4648 992 1904 1016 3448 5552 1072 2592 1856 3976 3328 3856 5544 3976 4168 3280 1936 1056 2424 2752 6080 208 104 3976 1448 5072 1024 2840 3472 1920 5016 1888 4544 1712 3408 3688 3752 1824 2352 4552 4248 3720 4680 1152 4720 3928 
1280 3184 1096 4600 5208 3624 696 672 3936 6176 1904 472 1984 5120 3576 2064 1688 5360 2776 3584 3976 1088 2632 280 392 1136 4704 3048 2696 2088 3848 928 1728 1040 4712 544 1976 2472 2048 5872 1240 2176 1432 3184 3456 4616 5376 4800 2888 2800 3296 2504 1872 3688 6288 1664 1536 5224 2448 5320 2280 3128 3280 1280 4968 3352 3464 1864 3688 4368 3824 3272 1432 4832 5112 2360 5360 2520 3536 5264 
3318 819 3528 2919 1008 3262 4004 4172 4354 3409 3955 3990 3920 1442 3661 2751 4634 2373 4935 3542 553 3941 5012 3493 3507 2968 910 2072 2219 2933 5187 4361 3269 4431 2793 3395 2233 2135 4788 2933 2520 2842 2807 3962 2114 1015 3780 973 4998 3129 1365 2114 2996 441 3500 2590 2590 1204 1463 2730 2968 1764 2730 4340 3241 2135 4851 4130 1855 1106 2352 1883 3430 2345 1127 4858 1708 2758 5187 1540 
3372 3336 1686 2142 4536 1170 2172 2538 534 3348 3930 2460 3978 4908 798 1500 1830 3216 1098 906 3954 3318 1326 2688 2778 1908 4470 4104 1818 3810 738 2430 3678 3006 2328 2856 2028 3714 1626 3342 2412 1386 1812 330 2022 3468 2268 3684 1074 1032 3918 3732 1404 3348 3408 3318 3198 4752 3024 2922 3954 2214 1470 3384 2238 4332 498 3906 2310 3216 2010 4170 1458 2742 3912 1398 3708 4038 846 5004 
3010 2155 1945 495 2815 340 2470 2760 1050 1525 3555 2650 3575 3280 625 1250 2480 1400 2130 540 2555 3175 2295 2620 2685 1830 2900 3095 1010 3170 1860 2760 3190 3135 645 2700 1485 2860 2410 1495 2035 1175 1655 1060 755 1815 820 1990 2135 825 2770 2865 1370 1985 1580 2740 2655 3060 2115 1140 3275 1080 505 3340 620 3255 1705 3590 915 1610 565 3085 1725 1015 2150 2295 1880 3260 1995 3345 
