16 32 64
80 80 80 80 80 80 80 80 80 80 80 80 80 80 80 80 
20 20 13 25 16 23 21 20 10 9 14 26 25 16 27 28 17 12 17 28 20 28 21 14 25 23 29 10 15 11 19 21 20 25 22 14 20 26 23 25 27 11 24 11 29 26 24 12 27 14 18 23 28 28 12 14 11 17 24 28 10 23 26 15 
752 234 226 144 393 644 549 575 582 94 520 386 625 329 481 331 486 900 248 350 333 496 549 485 403 637 624 821 719 529 417 818 
571 144 460 397 255 633 268 398 660 273 231 546 553 267 398 301 319 779 213 253 305 597 300 611 163 567 738 715 626 641 290 674 
301 225 487 469 57 373 271 124 466 372 370 461 266 140 128 166 36 484 205 106 167 438 186 473 158 280 565 418 330 483 44 384 
340 637 714 748 488 189 678 395 373 712 804 565 191 500 348 483 440 180 582 498 480 436 572 486 609 178 454 119 130 451 453 230 
185 370 574 575 202 283 369 90 430 496 491 499 147 254 120 260 131 332 335 234 259 432 264 478 301 159 535 266 185 472 170 236 
586 297 193 233 311 338 587 446 252 243 636 114 369 224 282 187 380 652 232 262 185 169 527 171 428 376 306 567 466 208 305 602 
548 107 248 216 198 446 428 376 426 123 455 297 413 119 268 118 290 687 56 148 121 355 393 364 265 425 496 608 507 397 214 607 
197 618 771 789 452 298 580 310 492 729 714 649 210 493 338 489 380 81 577 479 486 538 474 589 546 203 586 43 114 562 420 70 
424 177 338 332 115 330 397 263 358 257 463 310 279 42 133 17 187 551 115 71 15 309 331 336 244 292 447 473 371 355 110 473 
598 80 347 283 246 584 361 419 581 159 343 443 526 217 370 241 331 779 140 220 245 509 366 517 220 539 650 707 610 552 277 683 
695 457 240 314 465 360 745 577 192 374 798 59 443 381 405 343 523 707 393 418 341 112 679 66 587 446 188 624 532 112 453 683 
35 505 729 728 336 371 405 161 549 644 542 647 235 403 274 413 247 246 480 378 412 567 302 615 397 239 652 216 197 602 311 127 
251 466 587 608 313 155 516 237 336 556 636 468 27 331 176 319 268 257 415 326 316 366 411 416 435 24 438 174 71 396 278 213 
246 313 513 512 148 277 360 111 400 434 471 446 159 192 64 198 101 386 274 174 196 391 260 434 266 173 504 315 224 433 115 297 
556 76 396 337 215 578 303 378 594 212 290 476 507 209 350 239 292 748 146 201 243 529 311 542 164 521 671 679 586 573 249 648 
141 520 692 704 353 271 488 212 459 637 620 586 148 398 246 397 279 181 481 382 395 489 381 539 446 147 559 122 86 520 321 96 
8272 2574 2486 1584 4323 7084 6039 6325 6402 1034 5720 4246 6875 3619 5291 3641 5346 9900 2728 3850 3663 5456 6039 5335 4433 7007 6864 9031 7909 5819 4587 8998 
5710 1440 4600 3970 2550 6330 2680 3980 6600 2730 2310 5460 5530 2670 3980 3010 3190 7790 2130 2530 3050 5970 3000 6110 1630 5670 7380 7150 6260 6410 2900 6740 
3311 2475 5357 5159 627 4103 2981 1364 5126 4092 4070 5071 2926 1540 1408 1826 396 5324 2255 1166 1837 4818 2046 5203 1738 3080 6215 4598 3630 5313 484 4224 
4420 8281 9282 9724 6344 2457 8814 5135 4849 9256 10452 7345 2483 6500 4524 6279 5720 2340 7566 6474 6240 5668 7436 6318 7917 2314 5902 1547 1690 5863 5889 2990 
2590 5180 8036 8050 2828 3962 5166 1260 6020 6944 6874 6986 2058 3556 1680 3640 1834 4648 4690 3276 3626 6048 3696 6692 4214 2226 7490 3724 2590 6608 2380 3304 
6446 3267 2123 2563 3421 3718 6457 4906 2772 2673 6996 1254 4059 2464 3102 2057 4180 7172 2552 2882 2035 1859 5797 1881 4708 4136 3366 6237 5126 2288 3355 6622 
7124 1391 3224 2808 2574 5798 5564 4888 5538 1599 5915 3861 5369 1547 3484 1534 3770 8931 728 1924 1573 4615 5109 4732 3445 5525 6448 7904 6591 5161 2782 7891 
1970 6180 7710 7890 4520 2980 5800 3100 4920 7290 7140 6490 2100 4930 3380 4890 3800 810 5770 4790 4860 5380 4740 5890 5460 2030 5860 430 1140 5620 4200 700 
4664 1947 3718 3652 1265 3630 4367 2893 3938 2827 5093 3410 3069 462 1463 187 2057 6061 1265 781 165 3399 3641 3696 2684 3212 4917 5203 4081 3905 1210 5203 
6578 880 3817 3113 2706 6424 3971 4609 6391 1749 3773 4873 5786 2387 4070 2651 3641 8569 1540 2420 2695 5599 4026 5687 2420 5929 7150 7777 6710 6072 3047 7513 
9035 5941 3120 4082 6045 4680 9685 7501 2496 4862 10374 767 5759 4953 5265 4459 6799 9191 5109 5434 4433 1456 8827 858 7631 5798 2444 8112 6916 1456 5889 8879 
490 7070 10206 10192 4704 5194 5670 2254 7686 9016 7588 9058 3290 5642 3836 5782 3458 3444 6720 5292 5768 7938 4228 8610 5558 3346 9128 3024 2758 8428 4354 1778 
3263 6058 7631 7904 4069 2015 6708 3081 4368 7228 8268 6084 351 4303 2288 4147 3484 3341 5395 4238 4108 4758 5343 5408 5655 312 5694 2262 923 5148 3614 2769 
2952 3756 6156 6144 1776 3324 4320 1332 4800 5208 5652 5352 1908 2304 768 2376 1212 4632 3288 2088 2352 4692 3120 5208 3192 2076 6048 3780 2688 5196 1380 3564 
5560 760 3960 3370 2150 5780 3030 3780 5940 2120 2900 4760 5070 2090 3500 2390 2920 7480 1460 2010 2430 5290 3110 5420 1640 5210 6710 6790 5860 5730 2490 6480 
1833 6760 8996 9152 4589 3523 6344 2756 5967 8281 8060 7618 1924 5174 3198 5161 3627 2353 6253 4966 5135 6357 4953 7007 5798 1911 7267 1586 1118 6760 4173 1248 
530 728 462 660 635 170 434 690 522 263 374 553 415 403 681 710 884 600 434 723 570 578 440 503 421 354 395 440 380 599 607 282 818 30 383 221 553 92 237 189 434 817 228 498 716 542 255 324 589 401 696 639 569 606 290 725 572 132 195 468 68 128 603 575 
579 555 402 467 501 455 431 182 545 273 605 416 628 135 417 673 382 84 399 415 54 440 292 431 311 206 316 413 238 73 293 275 354 503 189 305 419 543 338 639 410 328 670 422 191 469 300 514 139 128 196 469 378 500 247 576 367 448 500 299 585 403 78 132 
524 342 390 285 350 747 772 204 489 504 656 326 658 456 202 518 205 271 740 154 292 329 337 773 363 410 388 755 379 316 167 582 93 746 519 568 329 737 640 802 419 143 820 764 314 390 599 588 444 441 181 307 274 373 479 374 261 642 648 315 827 662 295 445 
579 419 431 355 417 726 724 131 544 495 694 379 701 419 273 590 147 214 691 232 240 387 359 719 387 402 409 706 383 255 207 553 62 740 480 553 383 745 614 818 457 75 840 710 236 445 573 619 379 406 109 375 327 436 469 450 313 647 664 342 823 650 235 382 
486 542 320 454 466 312 378 333 456 104 466 371 495 83 433 617 530 240 351 454 211 399 221 406 227 72 217 366 133 242 321 148 477 338 128 141 374 374 204 472 316 466 504 397 360 406 163 374 265 66 340 446 353 454 80 555 347 280 338 243 420 241 245 252 
125 352 139 311 261 515 715 579 117 325 126 215 131 473 367 304 717 532 698 423 516 227 226 764 201 320 192 711 271 564 364 469 616 414 510 380 213 330 482 333 113 645 335 755 664 169 459 88 638 455 570 283 260 228 330 341 271 282 213 234 466 402 554 627 
749 826 597 737 750 244 97 511 724 312 680 654 716 226 711 895 703 416 68 725 389 683 504 127 506 351 493 83 414 382 592 168 689 372 161 261 657 473 175 582 587 657 622 118 470 685 182 595 292 245 528 730 636 736 312 839 630 417 507 526 428 291 399 281 
493 632 371 552 543 161 348 514 474 97 399 451 437 225 555 658 710 422 335 589 392 479 312 404 301 190 278 346 233 420 463 124 652 156 213 42 452 212 112 320 351 646 357 396 537 460 101 318 414 222 521 536 453 521 122 636 452 137 224 340 238 61 425 400 
120 159 141 138 75 667 826 524 93 435 304 104 289 534 216 159 615 511 803 273 506 87 238 863 231 387 244 817 324 554 274 578 504 587 587 504 100 517 608 528 158 547 528 854 630 52 576 281 658 513 509 110 152 42 428 146 166 453 401 222 648 553 538 650 
586 481 418 402 455 621 601 29 550 407 667 393 680 305 331 634 215 91 568 307 118 409 324 595 351 319 367 582 318 130 224 443 182 650 363 456 397 671 506 755 439 155 781 585 139 458 466 583 255 295 25 415 343 466 380 509 329 572 605 316 733 555 110 257 
848 888 684 799 821 383 159 498 819 420 800 728 834 286 760 979 673 415 134 763 394 755 581 110 590 435 581 140 496 372 636 287 681 510 235 382 731 609 309 719 679 639 758 103 429 768 308 712 251 306 519 796 702 812 414 905 693 547 634 599 566 426 392 246 
346 166 244 98 164 711 799 340 314 456 501 159 496 476 16 333 392 364 770 48 371 153 242 817 260 373 286 785 319 412 112 572 279 674 540 528 162 639 621 683 276 328 694 807 455 217 581 447 536 457 321 122 119 188 437 195 112 552 534 214 750 609 392 532 
266 463 202 402 369 374 585 558 254 211 171 295 204 378 438 442 725 491 570 488 469 317 223 638 197 240 173 582 215 512 394 345 637 275 403 252 294 204 349 243 172 653 259 630 624 275 331 82 561 364 555 378 323 339 224 458 329 142 92 245 333 262 507 549 
447 466 272 377 397 400 460 264 415 166 466 304 489 140 348 558 454 184 432 365 160 331 163 481 178 77 179 446 99 203 232 239 392 411 202 223 307 429 295 517 277 387 545 472 315 349 254 375 269 120 267 372 278 389 139 482 270 331 371 177 494 320 198 259 
352 460 204 379 372 333 483 415 325 89 322 279 350 228 385 500 595 340 462 422 316 307 141 525 128 84 106 475 76 358 302 233 519 295 263 159 280 285 262 364 190 525 391 516 472 294 230 230 406 211 415 364 280 352 85 465 279 188 215 169 374 227 354 394 
414 427 238 338 358 426 497 264 381 181 446 266 466 179 310 521 446 195 470 330 175 293 128 520 146 87 151 484 80 222 197 271 376 425 240 245 269 433 325 515 245 377 541 510 329 312 284 357 301 159 264 333 239 351 156 443 231 335 365 140 508 339 213 292 
488 589 342 505 505 225 344 426 464 51 431 410 464 141 496 638 623 333 324 524 303 439 262 388 258 118 240 337 174 331 394 94 568 245 146 48 412 292 130 395 329 559 430 379 448 432 93 341 333 135 433 492 403 487 56 597 399 203 277 288 327 147 335 320 
446 703 470 660 612 425 688 834 456 429 246 559 277 601 709 621 1007 758 687 763 732 575 507 756 481 497 457 694 490 771 677 509 921 283 600 425 557 178 478 68 438 936 29 751 888 520 484 268 793 592 833 633 596 578 453 689 604 256 203 529 264 361 770 779 
510 488 333 399 432 457 471 185 476 243 546 346 567 152 354 603 381 99 440 357 75 371 224 480 245 161 252 455 179 121 230 282 333 485 215 290 350 511 344 601 343 319 629 470 231 400 303 457 209 137 192 401 309 430 216 509 299 413 455 229 567 389 114 202 
467 500 295 411 429 365 423 288 435 140 470 335 495 107 385 586 482 200 395 403 173 362 189 446 200 66 196 410 111 210 270 201 425 383 166 190 338 409 257 501 295 417 531 437 327 375 216 378 258 86 293 406 311 419 113 515 304 312 360 206 466 289 209 247 
410 424 234 335 354 426 500 267 377 181 442 262 462 182 308 517 448 199 472 328 179 289 124 523 142 87 147 487 77 226 196 273 377 424 243 245 265 431 326 512 241 379 538 513 332 308 285 353 305 162 267 330 235 347 155 439 228 333 362 136 507 339 217 296 
206 130 140 63 48 662 795 441 173 416 370 50 361 487 128 223 525 436 770 186 434 24 199 825 202 352 223 784 289 481 188 552 414 600 545 488 50 545 590 573 169 457 579 816 549 80 554 328 592 467 424 37 74 54 404 137 86 470 433 176 669 552 464 585 
653 751 509 665 670 162 178 501 630 217 575 575 612 186 648 806 700 402 160 669 373 603 425 228 423 273 407 173 334 380 536 72 668 273 129 158 577 369 69 479 496 646 518 220 484 599 78 491 321 200 515 655 563 653 223 762 558 311 400 449 337 186 393 308 
246 92 189 12 56 705 828 434 217 456 419 97 408 514 92 228 499 441 801 148 443 73 235 854 243 386 265 816 325 488 184 587 387 648 574 529 97 595 628 624 219 435 630 845 546 129 592 379 604 494 416 16 96 84 441 109 103 518 483 210 717 596 469 599 
628 673 462 584 602 299 260 358 599 214 596 508 627 66 552 757 556 260 230 563 231 536 360 275 368 214 360 245 275 234 431 127 531 381 25 200 511 452 184 559 459 504 595 265 338 546 155 505 183 87 373 579 485 592 201 688 477 370 447 379 456 280 248 169 
259 463 205 404 369 384 597 570 248 225 157 298 191 392 442 437 735 504 583 493 482 319 232 651 205 254 182 594 228 525 402 358 646 280 417 265 297 205 361 237 174 663 251 643 637 274 344 69 575 378 567 379 327 338 238 457 334 148 90 253 336 272 520 563 
186 100 243 145 93 771 925 573 175 536 386 182 363 625 227 90 633 576 901 275 575 155 330 959 328 483 343 915 420 622 322 678 520 691 680 606 179 617 710 621 262 571 619 949 685 153 677 378 734 604 556 130 215 98 528 71 227 557 501 311 751 658 604 727 
372 622 386 577 531 401 658 755 379 362 177 475 212 536 625 551 925 682 652 678 657 492 424 722 397 422 374 661 410 697 593 458 837 261 542 368 474 145 434 72 354 854 65 716 813 438 434 185 727 526 753 550 511 497 384 610 520 197 126 445 267 319 695 714 
311 541 291 488 447 369 608 653 309 273 147 383 188 448 530 493 823 582 598 582 558 402 321 668 295 324 271 609 308 599 492 387 735 243 461 293 382 142 375 148 260 751 161 661 714 353 367 105 637 436 650 462 415 415 292 531 423 133 41 343 280 268 596 624 
202 91 176 59 7 704 841 477 175 460 383 94 369 534 141 184 548 478 816 196 477 66 244 871 246 398 266 830 335 523 224 597 435 637 591 532 93 577 634 598 203 483 601 862 587 99 599 351 636 513 459 35 118 40 448 92 129 505 463 222 704 593 506 630 
456 526 295 439 447 304 395 355 427 74 432 351 461 117 424 592 549 266 370 449 237 380 201 428 203 48 191 385 111 271 317 154 490 315 155 125 353 344 203 440 288 484 472 419 389 382 163 340 300 101 360 430 337 432 48 537 332 249 304 224 398 222 273 287 
464 696 442 641 603 306 569 753 465 333 280 535 319 497 678 645 937 671 567 727 644 555 453 636 429 411 403 574 417 679 626 396 858 164 490 316 533 64 360 53 410 867 93 631 797 508 370 261 689 491 755 616 563 571 358 688 569 158 147 478 154 244 680 675 
2650 3640 2310 3300 3175 850 2170 3450 2610 1315 1870 2765 2075 2015 3405 3550 4420 3000 2170 3615 2850 2890 2200 2515 2105 1770 1975 2200 1900 2995 3035 1410 4090 150 1915 1105 2765 460 1185 945 2170 4085 1140 2490 3580 2710 1275 1620 2945 2005 3480 3195 2845 3030 1450 3625 2860 660 975 2340 340 640 3015 2875 
3474 3330 2412 2802 3006 2730 2586 1092 3270 1638 3630 2496 3768 810 2502 4038 2292 504 2394 2490 324 2640 1752 2586 1866 1236 1896 2478 1428 438 1758 1650 2124 3018 1134 1830 2514 3258 2028 3834 2460 1968 4020 2532 1146 2814 1800 3084 834 768 1176 2814 2268 3000 1482 3456 2202 2688 3000 1794 3510 2418 468 792 
4192 2736 3120 2280 2800 5976 6176 1632 3912 4032 5248 2608 5264 3648 1616 4144 1640 2168 5920 1232 2336 2632 2696 6184 2904 3280 3104 6040 3032 2528 1336 4656 744 5968 4152 4544 2632 5896 5120 6416 3352 1144 6560 6112 2512 3120 4792 4704 3552 3528 1448 2456 2192 2984 3832 2992 2088 5136 5184 2520 6616 5296 2360 3560 
5211 3771 3879 3195 3753 6534 6516 1179 4896 4455 6246 3411 6309 3771 2457 5310 1323 1926 6219 2088 2160 3483 3231 6471 3483 3618 3681 6354 3447 2295 1863 4977 558 6660 4320 4977 3447 6705 5526 7362 4113 675 7560 6390 2124 4005 5157 5571 3411 3654 981 3375 2943 3924 4221 4050 2817 5823 5976 3078 7407 5850 2115 3438 
3402 3794 2240 3178 3262 2184 2646 2331 3192 728 3262 2597 3465 581 3031 4319 3710 1680 2457 3178 1477 2793 1547 2842 1589 504 1519 2562 931 1694 2247 1036 3339 2366 896 987 2618 2618 1428 3304 2212 3262 3528 2779 2520 2842 1141 2618 1855 462 2380 3122 2471 3178 560 3885 2429 1960 2366 1701 2940 1687 1715 1764 
1000 2816 1112 2488 2088 4120 5720 4632 936 2600 1008 1720 1048 3784 2936 2432 5736 4256 5584 3384 4128 1816 1808 6112 1608 2560 1536 5688 2168 4512 2912 3752 4928 3312 4080 3040 1704 2640 3856 2664 904 5160 2680 6040 5312 1352 3672 704 5104 3640 4560 2264 2080 1824 2640 2728 2168 2256 1704 1872 3728 3216 4432 5016 
5992 6608 4776 5896 6000 1952 776 4088 5792 2496 5440 5232 5728 1808 5688 7160 5624 3328 544 5800 3112 5464 4032 1016 4048 2808 3944 664 3312 3056 4736 1344 5512 2976 1288 2088 5256 3784 1400 4656 4696 5256 4976 944 3760 5480 1456 4760 2336 1960 4224 5840 5088 5888 2496 6712 5040 3336 4056 4208 3424 2328 3192 2248 
2465 3160 1855 2760 2715 805 1740 2570 2370 485 1995 2255 2185 1125 2775 3290 3550 2110 1675 2945 1960 2395 1560 2020 1505 950 1390 1730 1165 2100 2315 620 3260 780 1065 210 2260 1060 560 1600 1755 3230 1785 1980 2685 2300 505 1590 2070 1110 2605 2680 2265 2605 610 3180 2260 685 1120 1700 1190 305 2125 2000 
600 795 705 690 375 3335 4130 2620 465 2175 1520 520 1445 2670 1080 795 3075 2555 4015 1365 2530 435 1190 4315 1155 1935 1220 4085 1620 2770 1370 2890 2520 2935 2935 2520 500 2585 3040 2640 790 2735 2640 4270 3150 260 2880 1405 3290 2565 2545 550 760 210 2140 730 830 2265 2005 1110 3240 2765 2690 3250 
2930 2405 2090 2010 2275 3105 3005 145 2750 2035 3335 1965 3400 1525 1655 3170 1075 455 2840 1535 590 2045 1620 2975 1755 1595 1835 2910 1590 650 1120 2215 910 3250 1815 2280 1985 3355 2530 3775 2195 775 3905 2925 695 2290 2330 2915 1275 1475 125 2075 1715 2330 1900 2545 1645 2860 3025 1580 3665 2775 550 1285 
7632 7992 6156 7191 7389 3447 1431 4482 7371 3780 7200 6552 7506 2574 6840 8811 6057 3735 1206 6867 3546 6795 5229 990 5310 3915 5229 1260 4464 3348 5724 2583 6129 4590 2115 3438 6579 5481 2781 6471 6111 5751 6822 927 3861 6912 2772 6408 2259 2754 4671 7164 6318 7308 3726 8145 6237 4923 5706 5391 5094 3834 3528 2214 
3114 1494 2196 882 1476 6399 7191 3060 2826 4104 4509 1431 4464 4284 144 2997 3528 3276 6930 432 3339 1377 2178 7353 2340 3357 2574 7065 2871 3708 1008 5148 2511 6066 4860 4752 1458 5751 5589 6147 2484 2952 6246 7263 4095 1953 5229 4023 4824 4113 2889 1098 1071 1692 3933 1755 1008 4968 4806 1926 6750 5481 3528 4788 
1596 2778 1212 2412 2214 2244 3510 3348 1524 1266 1026 1770 1224 2268 2628 2652 4350 2946 3420 2928 2814 1902 1338 3828 1182 1440 1038 3492 1290 3072 2364 2070 3822 1650 2418 1512 1764 1224 2094 1458 1032 3918 1554 3780 3744 1650 1986 492 3366 2184 3330 2268 1938 2034 1344 2748 1974 852 552 1470 1998 1572 3042 3294 
4023 4194 2448 3393 3573 3600 4140 2376 3735 1494 4194 2736 4401 1260 3132 5022 4086 1656 3888 3285 1440 2979 1467 4329 1602 693 1611 4014 891 1827 2088 2151 3528 3699 1818 2007 2763 3861 2655 4653 2493 3483 4905 4248 2835 3141 2286 3375 2421 1080 2403 3348 2502 3501 1251 4338 2430 2979 3339 1593 4446 2880 1782 2331 
2464 3220 1428 2653 2604 2331 3381 2905 2275 623 2254 1953 2450 1596 2695 3500 4165 2380 3234 2954 2212 2149 987 3675 896 588 742 3325 532 2506 2114 1631 3633 2065 1841 1113 1960 1995 1834 2548 1330 3675 2737 3612 3304 2058 1610 1610 2842 1477 2905 2548 1960 2464 595 3255 1953 1316 1505 1183 2618 1589 2478 2758 
2070 2135 1190 1690 1790 2130 2485 1320 1905 905 2230 1330 2330 895 1550 2605 2230 975 2350 1650 875 1465 640 2600 730 435 755 2420 400 1110 985 1355 1880 2125 1200 1225 1345 2165 1625 2575 1225 1885 2705 2550 1645 1560 1420 1785 1505 795 1320 1665 1195 1755 780 2215 1155 1675 1825 700 2540 1695 1065 1460 
2440 2945 1710 2525 2525 1125 1720 2130 2320 255 2155 2050 2320 705 2480 3190 3115 1665 1620 2620 1515 2195 1310 1940 1290 590 1200 1685 870 1655 1970 470 2840 1225 730 240 2060 1460 650 1975 1645 2795 2150 1895 2240 2160 465 1705 1665 675 2165 2460 2015 2435 280 2985 1995 1015 1385 1440 1635 735 1675 1600 
2230 3515 2350 3300 3060 2125 3440 4170 2280 2145 1230 2795 1385 3005 3545 3105 5035 3790 3435 3815 3660 2875 2535 3780 2405 2485 2285 3470 2450 3855 3385 2545 4605 1415 3000 2125 2785 890 2390 340 2190 4680 145 3755 4440 2600 2420 1340 3965 2960 4165 3165 2980 2890 2265 3445 3020 1280 1015 2645 1320 1805 3850 3895 
4590 4392 2997 3591 3888 4113 4239 1665 4284 2187 4914 3114 5103 1368 3186 5427 3429 891 3960 3213 675 3339 2016 4320 2205 1449 2268 4095 1611 1089 2070 2538 2997 4365 1935 2610 3150 4599 3096 5409 3087 2871 5661 4230 2079 3600 2727 4113 1881 1233 1728 3609 2781 3870 1944 4581 2691 3717 4095 2061 5103 3501 1026 1818 
4670 5000 2950 4110 4290 3650 4230 2880 4350 1400 4700 3350 4950 1070 3850 5860 4820 2000 3950 4030 1730 3620 1890 4460 2000 660 1960 4100 1110 2100 2700 2010 4250 3830 1660 1900 3380 4090 2570 5010 2950 4170 5310 4370 3270 3750 2160 3780 2580 860 2930 4060 3110 4190 1130 5150 3040 3120 3600 2060 4660 2890 2090 2470 
2870 2968 1638 2345 2478 2982 3500 1869 2639 1267 3094 1834 3234 1274 2156 3619 3136 1393 3304 2296 1253 2023 868 3661 994 609 1029 3409 539 1582 1372 1911 2639 2968 1701 1715 1855 3017 2282 3584 1687 2653 3766 3591 2324 2156 1995 2471 2135 1134 1869 2310 1645 2429 1085 3073 1596 2331 2534 952 3549 2373 1519 2072 
1648 1040 1120 504 384 5296 6360 3528 1384 3328 2960 400 2888 3896 1024 1784 4200 3488 6160 1488 3472 192 1592 6600 1616 2816 1784 6272 2312 3848 1504 4416 3312 4800 4360 3904 400 4360 4720 4584 1352 3656 4632 6528 4392 640 4432 2624 4736 3736 3392 296 592 432 3232 1096 688 3760 3464 1408 5352 4416 3712 4680 
4571 5257 3563 4655 4690 1134 1246 3507 4410 1519 4025 4025 4284 1302 4536 5642 4900 2814 1120 4683 2611 4221 2975 1596 2961 1911 2849 1211 2338 2660 3752 504 4676 1911 903 1106 4039 2583 483 3353 3472 4522 3626 1540 3388 4193 546 3437 2247 1400 3605 4585 3941 4571 1561 5334 3906 2177 2800 3143 2359 1302 2751 2156 
2214 828 1701 108 504 6345 7452 3906 1953 4104 3771 873 3672 4626 828 2052 4491 3969 7209 1332 3987 657 2115 7686 2187 3474 2385 7344 2925 4392 1656 5283 3483 5832 5166 4761 873 5355 5652 5616 1971 3915 5670 7605 4914 1161 5328 3411 5436 4446 3744 144 864 756 3969 981 927 4662 4347 1890 6453 5364 4221 5391 
3768 4038 2772 3504 3612 1794 1560 2148 3594 1284 3576 3048 3762 396 3312 4542 3336 1560 1380 3378 1386 3216 2160 1650 2208 1284 2160 1470 1650 1404 2586 762 3186 2286 150 1200 3066 2712 1104 3354 2754 3024 3570 1590 2028 3276 930 3030 1098 522 2238 3474 2910 3552 1206 4128 2862 2220 2682 2274 2736 1680 1488 1014 
1295 2315 1025 2020 1845 1920 2985 2850 1240 1125 785 1490 955 1960 2210 2185 3675 2520 2915 2465 2410 1595 1160 3255 1025 1270 910 2970 1140 2625 2010 1790 3230 1400 2085 1325 1485 1025 1805 1185 870 3315 1255 3215 3185 1370 1720 345 2875 1890 2835 1895 1635 1690 1190 2285 1670 740 450 1265 1680 1360 2600 2815 
1488 800 1944 1160 744 6168 7400 4584 1400 4288 3088 1456 2904 5000 1816 720 5064 4608 7208 2200 4600 1240 2640 7672 2624 3864 2744 7320 3360 4976 2576 5424 4160 5528 5440 4848 1432 4936 5680 4968 2096 4568 4952 7592 5480 1224 5416 3024 5872 4832 4448 1040 1720 784 4224 568 1816 4456 4008 2488 6008 5264 4832 5816 
3720 6220 3860 5770 5310 4010 6580 7550 3790 3620 1770 4750 2120 5360 6250 5510 9250 6820 6520 6780 6570 4920 4240 7220 3970 4220 3740 6610 4100 6970 5930 4580 8370 2610 5420 3680 4740 1450 4340 720 3540 8540 650 7160 8130 4380 4340 1850 7270 5260 7530 5500 5110 4970 3840 6100 5200 1970 1260 4450 2670 3190 6950 7140 
1866 3246 1746 2928 2682 2214 3648 3918 1854 1638 882 2298 1128 2688 3180 2958 4938 3492 3588 3492 3348 2412 1926 4008 1770 1944 1626 3654 1848 3594 2952 2322 4410 1458 2766 1758 2292 852 2250 888 1560 4506 966 3966 4284 2118 2202 630 3822 2616 3900 2772 2490 2490 1752 3186 2538 798 246 2058 1680 1608 3576 3744 
1010 455 880 295 35 3520 4205 2385 875 2300 1915 470 1845 2670 705 920 2740 2390 4080 980 2385 330 1220 4355 1230 1990 1330 4150 1675 2615 1120 2985 2175 3185 2955 2660 465 2885 3170 2990 1015 2415 3005 4310 2935 495 2995 1755 3180 2565 2295 175 590 200 2240 460 645 2525 2315 1110 3520 2965 2530 3150 
4560 5260 2950 4390 4470 3040 3950 3550 4270 740 4320 3510 4610 1170 4240 5920 5490 2660 3700 4490 2370 3800 2010 4280 2030 480 1910 3850 1110 2710 3170 1540 4900 3150 1550 1250 3530 3440 2030 4400 2880 4840 4720 4190 3890 3820 1630 3400 3000 1010 3600 4300 3370 4320 480 5370 3320 2490 3040 2240 3980 2220 2730 2870 
4640 6960 4420 6410 6030 3060 5690 7530 4650 3330 2800 5350 3190 4970 6780 6450 9370 6710 5670 7270 6440 5550 4530 6360 4290 4110 4030 5740 4170 6790 6260 3960 8580 1640 4900 3160 5330 640 3600 530 4100 8670 930 6310 7970 5080 3700 2610 6890 4910 7550 6160 5630 5710 3580 6880 5690 1580 1470 4780 1540 2440 6800 6750 
