10 20 40
80 80 80 80 80 80 80 80 80 80 
28 12 20 20 24 31 25 11 16 14 19 19 22 26 19 14 28 25 30 13 15 18 28 10 24 14 19 28 15 23 18 19 23 11 14 21 29 10 23 22 
622 279 402 132 477 663 85 110 530 314 481 577 468 440 534 351 257 589 147 258 
833 129 588 169 407 771 237 155 742 213 694 776 680 500 631 515 455 779 319 459 
525 384 219 415 385 377 363 390 466 343 446 418 472 193 250 120 185 398 388 399 
596 386 285 477 319 325 438 451 546 325 532 475 562 97 186 185 279 442 473 494 
275 601 196 451 698 576 360 441 181 602 136 266 147 510 503 253 144 306 312 194 
616 677 374 771 520 27 721 746 615 603 631 465 685 261 115 334 478 401 739 715 
330 708 164 689 662 280 613 669 338 663 364 179 424 390 284 213 315 117 600 524 
117 810 318 644 893 667 553 638 53 809 72 226 103 677 633 411 344 295 491 346 
160 705 158 591 751 506 502 578 111 689 128 117 188 520 469 256 229 167 460 342 
657 719 427 823 547 48 774 797 662 643 680 506 735 301 164 388 532 440 793 769 
9330 4185 6030 1980 7155 9945 1275 1650 7950 4710 7215 8655 7020 6600 8010 5265 3855 8835 2205 3870 
11662 1806 8232 2366 5698 10794 3318 2170 10388 2982 9716 10864 9520 7000 8834 7210 6370 10906 4466 6426 
6300 4608 2628 4980 4620 4524 4356 4680 5592 4116 5352 5016 5664 2316 3000 1440 2220 4776 4656 4788 
7152 4632 3420 5724 3828 3900 5256 5412 6552 3900 6384 5700 6744 1164 2232 2220 3348 5304 5676 5928 
3025 6611 2156 4961 7678 6336 3960 4851 1991 6622 1496 2926 1617 5610 5533 2783 1584 3366 3432 2134 
6160 6770 3740 7710 5200 270 7210 7460 6150 6030 6310 4650 6850 2610 1150 3340 4780 4010 7390 7150 
3960 8496 1968 8268 7944 3360 7356 8028 4056 7956 4368 2148 5088 4680 3408 2556 3780 1404 7200 6288 
1755 12150 4770 9660 13395 10005 8295 9570 795 12135 1080 3390 1545 10155 9495 6165 5160 4425 7365 5190 
2240 9870 2212 8274 10514 7084 7028 8092 1554 9646 1792 1638 2632 7280 6566 3584 3206 2338 6440 4788 
9855 10785 6405 12345 8205 720 11610 11955 9930 9645 10200 7590 11025 4515 2460 5820 7980 6600 11895 11535 
307 298 141 688 870 236 678 568 574 627 617 660 869 530 661 68 385 299 591 354 103 691 499 368 347 549 554 100 628 605 724 690 784 424 762 712 604 395 428 618 
603 667 734 351 311 646 468 705 366 761 397 637 308 526 395 834 499 565 271 653 787 342 729 503 542 372 399 804 366 271 183 667 283 613 272 245 293 467 577 354 
256 100 234 377 559 75 561 346 265 420 307 399 558 449 351 264 86 82 324 364 281 380 304 198 44 241 393 300 316 316 428 436 473 401 452 407 305 146 377 307 
425 630 586 498 550 562 183 779 436 849 504 753 546 268 527 721 456 473 251 434 633 492 775 366 492 420 175 646 476 316 340 789 487 376 464 403 358 384 347 456 
723 646 808 231 58 673 711 565 335 600 305 465 56 728 272 864 524 618 390 804 862 225 615 610 562 360 595 880 287 335 226 481 126 785 147 203 318 538 748 293 
635 325 593 354 489 432 884 42 359 59 307 87 491 801 308 543 392 460 540 743 628 362 117 557 385 371 710 645 338 481 520 94 447 775 445 457 441 474 747 353 
333 552 495 476 557 477 162 722 394 795 468 709 554 194 498 631 383 389 210 346 541 470 712 277 415 374 84 554 444 282 338 747 484 293 459 393 323 306 261 422 
418 611 577 472 524 546 203 754 410 824 477 727 521 275 501 708 436 457 226 434 625 465 752 352 472 395 171 638 450 289 313 763 460 379 438 376 331 366 348 430 
206 289 45 638 815 195 576 574 518 640 571 651 814 428 616 129 327 232 510 254 14 640 511 278 295 491 455 32 576 532 652 685 727 324 703 649 536 319 326 564 
612 629 728 275 221 623 531 636 314 688 330 560 217 569 322 815 471 549 267 675 782 267 666 505 514 326 437 800 301 243 130 587 197 644 189 176 253 454 607 293 
150 308 42 623 795 202 516 594 500 664 559 663 793 368 604 187 312 214 471 193 60 624 537 234 287 471 400 70 561 501 621 699 706 263 681 623 509 289 265 547 
319 155 182 565 749 139 687 417 461 477 492 510 749 550 533 84 285 226 517 403 191 569 348 332 243 439 537 203 506 515 627 540 666 465 647 605 504 324 456 500 
132 366 106 651 817 255 474 650 528 721 591 713 816 324 637 249 346 249 476 140 113 651 595 238 327 498 375 115 590 514 633 749 728 212 703 641 527 309 221 575 
553 384 591 67 225 436 684 297 141 345 65 219 225 643 27 615 307 405 314 653 641 75 339 444 333 170 524 660 81 242 242 249 163 658 158 174 201 356 623 103 
557 301 551 215 366 386 765 146 224 199 166 95 368 696 169 538 301 387 409 664 594 224 192 464 308 240 594 613 197 345 380 134 314 686 309 317 305 375 654 213 
304 168 324 277 458 175 546 320 164 396 208 343 457 455 253 365 48 140 251 411 375 280 299 213 66 141 372 394 216 227 332 383 372 434 351 307 209 127 403 206 
178 252 262 363 526 183 413 463 240 538 310 486 524 312 355 360 98 94 205 279 316 363 435 71 119 210 242 334 304 226 347 525 436 293 411 350 236 19 261 287 
364 114 244 530 714 153 721 351 434 409 456 449 714 590 494 150 276 241 515 456 259 535 281 357 234 416 563 272 474 503 610 477 634 514 616 581 487 331 501 470 
275 536 441 523 622 448 129 734 428 808 504 733 619 113 539 584 378 363 255 272 484 518 716 244 404 403 44 495 483 327 402 772 544 214 518 450 366 295 185 462 
141 457 305 564 696 353 234 698 449 774 526 722 693 90 567 456 334 282 318 122 343 561 665 169 345 420 142 352 512 381 483 761 610 76 584 515 411 254 39 492 
2763 2682 1269 6192 7830 2124 6102 5112 5166 5643 5553 5940 7821 4770 5949 612 3465 2691 5319 3186 927 6219 4491 3312 3123 4941 4986 900 5652 5445 6516 6210 7056 3816 6858 6408 5436 3555 3852 5562 
4824 5336 5872 2808 2488 5168 3744 5640 2928 6088 3176 5096 2464 4208 3160 6672 3992 4520 2168 5224 6296 2736 5832 4024 4336 2976 3192 6432 2928 2168 1464 5336 2264 4904 2176 1960 2344 3736 4616 2832 
1280 500 1170 1885 2795 375 2805 1730 1325 2100 1535 1995 2790 2245 1755 1320 430 410 1620 1820 1405 1900 1520 990 220 1205 1965 1500 1580 1580 2140 2180 2365 2005 2260 2035 1525 730 1885 1535 
3825 5670 5274 4482 4950 5058 1647 7011 3924 7641 4536 6777 4914 2412 4743 6489 4104 4257 2259 3906 5697 4428 6975 3294 4428 3780 1575 5814 4284 2844 3060 7101 4383 3384 4176 3627 3222 3456 3123 4104 
4338 3876 4848 1386 348 4038 4266 3390 2010 3600 1830 2790 336 4368 1632 5184 3144 3708 2340 4824 5172 1350 3690 3660 3372 2160 3570 5280 1722 2010 1356 2886 756 4710 882 1218 1908 3228 4488 1758 
6350 3250 5930 3540 4890 4320 8840 420 3590 590 3070 870 4910 8010 3080 5430 3920 4600 5400 7430 6280 3620 1170 5570 3850 3710 7100 6450 3380 4810 5200 940 4470 7750 4450 4570 4410 4740 7470 3530 
2331 3864 3465 3332 3899 3339 1134 5054 2758 5565 3276 4963 3878 1358 3486 4417 2681 2723 1470 2422 3787 3290 4984 1939 2905 2618 588 3878 3108 1974 2366 5229 3388 2051 3213 2751 2261 2142 1827 2954 
2926 4277 4039 3304 3668 3822 1421 5278 2870 5768 3339 5089 3647 1925 3507 4956 3052 3199 1582 3038 4375 3255 5264 2464 3304 2765 1197 4466 3150 2023 2191 5341 3220 2653 3066 2632 2317 2562 2436 3010 
1236 1734 270 3828 4890 1170 3456 3444 3108 3840 3426 3906 4884 2568 3696 774 1962 1392 3060 1524 84 3840 3066 1668 1770 2946 2730 192 3456 3192 3912 4110 4362 1944 4218 3894 3216 1914 1956 3384 
5508 5661 6552 2475 1989 5607 4779 5724 2826 6192 2970 5040 1953 5121 2898 7335 4239 4941 2403 6075 7038 2403 5994 4545 4626 2934 3933 7200 2709 2187 1170 5283 1773 5796 1701 1584 2277 4086 5463 2637 
900 1848 252 3738 4770 1212 3096 3564 3000 3984 3354 3978 4758 2208 3624 1122 1872 1284 2826 1158 360 3744 3222 1404 1722 2826 2400 420 3366 3006 3726 4194 4236 1578 4086 3738 3054 1734 1590 3282 
1914 930 1092 3390 4494 834 4122 2502 2766 2862 2952 3060 4494 3300 3198 504 1710 1356 3102 2418 1146 3414 2088 1992 1458 2634 3222 1218 3036 3090 3762 3240 3996 2790 3882 3630 3024 1944 2736 3000 
924 2562 742 4557 5719 1785 3318 4550 3696 5047 4137 4991 5712 2268 4459 1743 2422 1743 3332 980 791 4557 4165 1666 2289 3486 2625 805 4130 3598 4431 5243 5096 1484 4921 4487 3689 2163 1547 4025 
4977 3456 5319 603 2025 3924 6156 2673 1269 3105 585 1971 2025 5787 243 5535 2763 3645 2826 5877 5769 675 3051 3996 2997 1530 4716 5940 729 2178 2178 2241 1467 5922 1422 1566 1809 3204 5607 927 
3342 1806 3306 1290 2196 2316 4590 876 1344 1194 996 570 2208 4176 1014 3228 1806 2322 2454 3984 3564 1344 1152 2784 1848 1440 3564 3678 1182 2070 2280 804 1884 4116 1854 1902 1830 2250 3924 1278 
2432 1344 2592 2216 3664 1400 4368 2560 1312 3168 1664 2744 3656 3640 2024 2920 384 1120 2008 3288 3000 2240 2392 1704 528 1128 2976 3152 1728 1816 2656 3064 2976 3472 2808 2456 1672 1016 3224 1648 
1424 2016 2096 2904 4208 1464 3304 3704 1920 4304 2480 3888 4192 2496 2840 2880 784 752 1640 2232 2528 2904 3480 568 952 1680 1936 2672 2432 1808 2776 4200 3488 2344 3288 2800 1888 152 2088 2296 
2548 798 1708 3710 4998 1071 5047 2457 3038 2863 3192 3143 4998 4130 3458 1050 1932 1687 3605 3192 1813 3745 1967 2499 1638 2912 3941 1904 3318 3521 4270 3339 4438 3598 4312 4067 3409 2317 3507 3290 
2750 5360 4410 5230 6220 4480 1290 7340 4280 8080 5040 7330 6190 1130 5390 5840 3780 3630 2550 2720 4840 5180 7160 2440 4040 4030 440 4950 4830 3270 4020 7720 5440 2140 5180 4500 3660 2950 1850 4620 
1269 4113 2745 5076 6264 3177 2106 6282 4041 6966 4734 6498 6237 810 5103 4104 3006 2538 2862 1098 3087 5049 5985 1521 3105 3780 1278 3168 4608 3429 4347 6849 5490 684 5256 4635 3699 2286 351 4428 
